frame, face_id, timestamp, confidence, success, gaze_0_x, gaze_0_y, gaze_0_z, gaze_1_x, gaze_1_y, gaze_1_z, gaze_angle_x, gaze_angle_y, eye_lmk_x_0, eye_lmk_x_1, eye_lmk_x_2, eye_lmk_x_3, eye_lmk_x_4, eye_lmk_x_5, eye_lmk_x_6, eye_lmk_x_7, eye_lmk_x_8, eye_lmk_x_9, eye_lmk_x_10, eye_lmk_x_11, eye_lmk_x_12, eye_lmk_x_13, eye_lmk_x_14, eye_lmk_x_15, eye_lmk_x_16, eye_lmk_x_17, eye_lmk_x_18, eye_lmk_x_19, eye_lmk_x_20, eye_lmk_x_21, eye_lmk_x_22, eye_lmk_x_23, eye_lmk_x_24, eye_lmk_x_25, eye_lmk_x_26, eye_lmk_x_27, eye_lmk_x_28, eye_lmk_x_29, eye_lmk_x_30, eye_lmk_x_31, eye_lmk_x_32, eye_lmk_x_33, eye_lmk_x_34, eye_lmk_x_35, eye_lmk_x_36, eye_lmk_x_37, eye_lmk_x_38, eye_lmk_x_39, eye_lmk_x_40, eye_lmk_x_41, eye_lmk_x_42, eye_lmk_x_43, eye_lmk_x_44, eye_lmk_x_45, eye_lmk_x_46, eye_lmk_x_47, eye_lmk_x_48, eye_lmk_x_49, eye_lmk_x_50, eye_lmk_x_51, eye_lmk_x_52, eye_lmk_x_53, eye_lmk_x_54, eye_lmk_x_55, eye_lmk_y_0, eye_lmk_y_1, eye_lmk_y_2, eye_lmk_y_3, eye_lmk_y_4, eye_lmk_y_5, eye_lmk_y_6, eye_lmk_y_7, eye_lmk_y_8, eye_lmk_y_9, eye_lmk_y_10, eye_lmk_y_11, eye_lmk_y_12, eye_lmk_y_13, eye_lmk_y_14, eye_lmk_y_15, eye_lmk_y_16, eye_lmk_y_17, eye_lmk_y_18, eye_lmk_y_19, eye_lmk_y_20, eye_lmk_y_21, eye_lmk_y_22, eye_lmk_y_23, eye_lmk_y_24, eye_lmk_y_25, eye_lmk_y_26, eye_lmk_y_27, eye_lmk_y_28, eye_lmk_y_29, eye_lmk_y_30, eye_lmk_y_31, eye_lmk_y_32, eye_lmk_y_33, eye_lmk_y_34, eye_lmk_y_35, eye_lmk_y_36, eye_lmk_y_37, eye_lmk_y_38, eye_lmk_y_39, eye_lmk_y_40, eye_lmk_y_41, eye_lmk_y_42, eye_lmk_y_43, eye_lmk_y_44, eye_lmk_y_45, eye_lmk_y_46, eye_lmk_y_47, eye_lmk_y_48, eye_lmk_y_49, eye_lmk_y_50, eye_lmk_y_51, eye_lmk_y_52, eye_lmk_y_53, eye_lmk_y_54, eye_lmk_y_55, eye_lmk_X_0, eye_lmk_X_1, eye_lmk_X_2, eye_lmk_X_3, eye_lmk_X_4, eye_lmk_X_5, eye_lmk_X_6, eye_lmk_X_7, eye_lmk_X_8, eye_lmk_X_9, eye_lmk_X_10, eye_lmk_X_11, eye_lmk_X_12, eye_lmk_X_13, eye_lmk_X_14, eye_lmk_X_15, eye_lmk_X_16, eye_lmk_X_17, eye_lmk_X_18, eye_lmk_X_19, eye_lmk_X_20, eye_lmk_X_21, eye_lmk_X_22, eye_lmk_X_23, eye_lmk_X_24, eye_lmk_X_25, eye_lmk_X_26, eye_lmk_X_27, eye_lmk_X_28, eye_lmk_X_29, eye_lmk_X_30, eye_lmk_X_31, eye_lmk_X_32, eye_lmk_X_33, eye_lmk_X_34, eye_lmk_X_35, eye_lmk_X_36, eye_lmk_X_37, eye_lmk_X_38, eye_lmk_X_39, eye_lmk_X_40, eye_lmk_X_41, eye_lmk_X_42, eye_lmk_X_43, eye_lmk_X_44, eye_lmk_X_45, eye_lmk_X_46, eye_lmk_X_47, eye_lmk_X_48, eye_lmk_X_49, eye_lmk_X_50, eye_lmk_X_51, eye_lmk_X_52, eye_lmk_X_53, eye_lmk_X_54, eye_lmk_X_55, eye_lmk_Y_0, eye_lmk_Y_1, eye_lmk_Y_2, eye_lmk_Y_3, eye_lmk_Y_4, eye_lmk_Y_5, eye_lmk_Y_6, eye_lmk_Y_7, eye_lmk_Y_8, eye_lmk_Y_9, eye_lmk_Y_10, eye_lmk_Y_11, eye_lmk_Y_12, eye_lmk_Y_13, eye_lmk_Y_14, eye_lmk_Y_15, eye_lmk_Y_16, eye_lmk_Y_17, eye_lmk_Y_18, eye_lmk_Y_19, eye_lmk_Y_20, eye_lmk_Y_21, eye_lmk_Y_22, eye_lmk_Y_23, eye_lmk_Y_24, eye_lmk_Y_25, eye_lmk_Y_26, eye_lmk_Y_27, eye_lmk_Y_28, eye_lmk_Y_29, eye_lmk_Y_30, eye_lmk_Y_31, eye_lmk_Y_32, eye_lmk_Y_33, eye_lmk_Y_34, eye_lmk_Y_35, eye_lmk_Y_36, eye_lmk_Y_37, eye_lmk_Y_38, eye_lmk_Y_39, eye_lmk_Y_40, eye_lmk_Y_41, eye_lmk_Y_42, eye_lmk_Y_43, eye_lmk_Y_44, eye_lmk_Y_45, eye_lmk_Y_46, eye_lmk_Y_47, eye_lmk_Y_48, eye_lmk_Y_49, eye_lmk_Y_50, eye_lmk_Y_51, eye_lmk_Y_52, eye_lmk_Y_53, eye_lmk_Y_54, eye_lmk_Y_55, eye_lmk_Z_0, eye_lmk_Z_1, eye_lmk_Z_2, eye_lmk_Z_3, eye_lmk_Z_4, eye_lmk_Z_5, eye_lmk_Z_6, eye_lmk_Z_7, eye_lmk_Z_8, eye_lmk_Z_9, eye_lmk_Z_10, eye_lmk_Z_11, eye_lmk_Z_12, eye_lmk_Z_13, eye_lmk_Z_14, eye_lmk_Z_15, eye_lmk_Z_16, eye_lmk_Z_17, eye_lmk_Z_18, eye_lmk_Z_19, eye_lmk_Z_20, eye_lmk_Z_21, eye_lmk_Z_22, eye_lmk_Z_23, eye_lmk_Z_24, eye_lmk_Z_25, eye_lmk_Z_26, eye_lmk_Z_27, eye_lmk_Z_28, eye_lmk_Z_29, eye_lmk_Z_30, eye_lmk_Z_31, eye_lmk_Z_32, eye_lmk_Z_33, eye_lmk_Z_34, eye_lmk_Z_35, eye_lmk_Z_36, eye_lmk_Z_37, eye_lmk_Z_38, eye_lmk_Z_39, eye_lmk_Z_40, eye_lmk_Z_41, eye_lmk_Z_42, eye_lmk_Z_43, eye_lmk_Z_44, eye_lmk_Z_45, eye_lmk_Z_46, eye_lmk_Z_47, eye_lmk_Z_48, eye_lmk_Z_49, eye_lmk_Z_50, eye_lmk_Z_51, eye_lmk_Z_52, eye_lmk_Z_53, eye_lmk_Z_54, eye_lmk_Z_55, pose_Tx, pose_Ty, pose_Tz, pose_Rx, pose_Ry, pose_Rz, x_0, x_1, x_2, x_3, x_4, x_5, x_6, x_7, x_8, x_9, x_10, x_11, x_12, x_13, x_14, x_15, x_16, x_17, x_18, x_19, x_20, x_21, x_22, x_23, x_24, x_25, x_26, x_27, x_28, x_29, x_30, x_31, x_32, x_33, x_34, x_35, x_36, x_37, x_38, x_39, x_40, x_41, x_42, x_43, x_44, x_45, x_46, x_47, x_48, x_49, x_50, x_51, x_52, x_53, x_54, x_55, x_56, x_57, x_58, x_59, x_60, x_61, x_62, x_63, x_64, x_65, x_66, x_67, y_0, y_1, y_2, y_3, y_4, y_5, y_6, y_7, y_8, y_9, y_10, y_11, y_12, y_13, y_14, y_15, y_16, y_17, y_18, y_19, y_20, y_21, y_22, y_23, y_24, y_25, y_26, y_27, y_28, y_29, y_30, y_31, y_32, y_33, y_34, y_35, y_36, y_37, y_38, y_39, y_40, y_41, y_42, y_43, y_44, y_45, y_46, y_47, y_48, y_49, y_50, y_51, y_52, y_53, y_54, y_55, y_56, y_57, y_58, y_59, y_60, y_61, y_62, y_63, y_64, y_65, y_66, y_67, X_0, X_1, X_2, X_3, X_4, X_5, X_6, X_7, X_8, X_9, X_10, X_11, X_12, X_13, X_14, X_15, X_16, X_17, X_18, X_19, X_20, X_21, X_22, X_23, X_24, X_25, X_26, X_27, X_28, X_29, X_30, X_31, X_32, X_33, X_34, X_35, X_36, X_37, X_38, X_39, X_40, X_41, X_42, X_43, X_44, X_45, X_46, X_47, X_48, X_49, X_50, X_51, X_52, X_53, X_54, X_55, X_56, X_57, X_58, X_59, X_60, X_61, X_62, X_63, X_64, X_65, X_66, X_67, Y_0, Y_1, Y_2, Y_3, Y_4, Y_5, Y_6, Y_7, Y_8, Y_9, Y_10, Y_11, Y_12, Y_13, Y_14, Y_15, Y_16, Y_17, Y_18, Y_19, Y_20, Y_21, Y_22, Y_23, Y_24, Y_25, Y_26, Y_27, Y_28, Y_29, Y_30, Y_31, Y_32, Y_33, Y_34, Y_35, Y_36, Y_37, Y_38, Y_39, Y_40, Y_41, Y_42, Y_43, Y_44, Y_45, Y_46, Y_47, Y_48, Y_49, Y_50, Y_51, Y_52, Y_53, Y_54, Y_55, Y_56, Y_57, Y_58, Y_59, Y_60, Y_61, Y_62, Y_63, Y_64, Y_65, Y_66, Y_67, Z_0, Z_1, Z_2, Z_3, Z_4, Z_5, Z_6, Z_7, Z_8, Z_9, Z_10, Z_11, Z_12, Z_13, Z_14, Z_15, Z_16, Z_17, Z_18, Z_19, Z_20, Z_21, Z_22, Z_23, Z_24, Z_25, Z_26, Z_27, Z_28, Z_29, Z_30, Z_31, Z_32, Z_33, Z_34, Z_35, Z_36, Z_37, Z_38, Z_39, Z_40, Z_41, Z_42, Z_43, Z_44, Z_45, Z_46, Z_47, Z_48, Z_49, Z_50, Z_51, Z_52, Z_53, Z_54, Z_55, Z_56, Z_57, Z_58, Z_59, Z_60, Z_61, Z_62, Z_63, Z_64, Z_65, Z_66, Z_67, p_scale, p_rx, p_ry, p_rz, p_tx, p_ty, p_0, p_1, p_2, p_3, p_4, p_5, p_6, p_7, p_8, p_9, p_10, p_11, p_12, p_13, p_14, p_15, p_16, p_17, p_18, p_19, p_20, p_21, p_22, p_23, p_24, p_25, p_26, p_27, p_28, p_29, p_30, p_31, p_32, p_33, AU01_r, AU02_r, AU04_r, AU05_r, AU06_r, AU07_r, AU09_r, AU10_r, AU12_r, AU14_r, AU15_r, AU17_r, AU20_r, AU23_r, AU25_r, AU26_r, AU45_r, AU01_c, AU02_c, AU04_c, AU05_c, AU06_c, AU07_c, AU09_c, AU10_c, AU12_c, AU14_c, AU15_c, AU17_c, AU20_c, AU23_c, AU25_c, AU26_c, AU28_c, AU45_c
1,  0,  0.000,  0.98,  1,  0.112007,  0.130996,  -0.985035,  -0.049055,  0.125852,  -0.990835,  0.032,  0.129,  530.3,  534.0,  544.4,  555.2,  560.2,  557.2,  546.1,  535.3,  516.5,  521.9,  531.6,  544.4,  556.8,  565.1,  570.3,  564.0,  554.6,  543.4,  532.7,  523.1,  540.7,  545.5,  550.1,  551.8,  549.6,  544.7,  540.1,  538.5,  673.3,  676.6,  686.8,  697.9,  703.4,  700.1,  689.9,  678.1,  663.7,  668.7,  676.8,  688.9,  701.1,  710.1,  716.2,  710.6,  702.5,  692.9,  681.6,  671.2,  683.8,  688.9,  693.5,  695.0,  692.5,  687.5,  682.8,  681.3,  322.8,  312.1,  307.1,  310.7,  320.8,  332.0,  336.5,  332.9,  327.7,  321.5,  317.8,  315.1,  315.8,  319.7,  326.3,  330.0,  332.7,  334.3,  333.9,  331.7,  326.3,  327.9,  325.7,  320.9,  316.4,  314.8,  317.0,  321.8,  314.1,  302.8,  297.2,  300.7,  311.2,  322.5,  328.1,  325.5,  320.3,  312.8,  307.6,  305.0,  306.6,  309.9,  316.3,  320.6,  323.3,  324.8,  324.7,  323.7,  318.3,  319.9,  317.4,  312.2,  307.4,  305.8,  308.4,  313.5,  -42.7,  -41.1,  -37.1,  -33.0,  -31.1,  -32.4,  -36.7,  -40.9,  -48.8,  -46.2,  -42.1,  -37.0,  -32.3,  -29.3,  -27.5,  -29.8,  -33.4,  -37.7,  -42.0,  -45.9,  -38.8,  -37.0,  -35.2,  -34.5,  -35.3,  -37.1,  -38.9,  -39.6,  13.1,  14.4,  18.4,  22.8,  25.0,  23.7,  19.6,  15.0,  9.3,  11.3,  14.4,  19.1,  24.0,  27.7,  30.4,  28.0,  24.6,  20.7,  16.3,  12.3,  17.3,  19.3,  21.1,  21.7,  20.7,  18.7,  16.9,  16.3,  -14.5,  -18.6,  -20.5,  -19.2,  -15.3,  -11.0,  -9.2,  -10.6,  -12.7,  -15.1,  -16.4,  -17.4,  -17.2,  -15.8,  -13.3,  -11.8,  -10.7,  -10.0,  -10.2,  -11.1,  -13.2,  -12.6,  -13.4,  -15.3,  -17.0,  -17.6,  -16.8,  -14.9,  -18.0,  -22.5,  -24.7,  -23.4,  -19.2,  -14.8,  -12.6,  -13.6,  -15.7,  -18.6,  -20.6,  -21.5,  -21.0,  -19.8,  -17.4,  -15.6,  -14.4,  -13.8,  -13.8,  -14.3,  -16.4,  -15.8,  -16.8,  -18.9,  -20.8,  -21.4,  -20.4,  -18.3,  340.6,  339.7,  339.4,  340.0,  341.2,  342.5,  342.4,  341.8,  345.4,  342.3,  339.7,  338.7,  340.0,  342.2,  344.8,  343.6,  342.0,  341.5,  342.3,  343.9,  342.1,  342.3,  342.2,  341.8,  341.3,  341.0,  341.1,  341.6,  343.8,  344.3,  344.8,  345.1,  345.0,  344.5,  344.0,  343.9,  345.3,  344.0,  342.9,  342.6,  344.0,  346.4,  348.9,  346.7,  344.4,  342.8,  342.7,  344.0,  344.9,  345.0,  345.3,  345.5,  345.6,  345.4,  345.2,  345.0,  -7.8,  23.3,  354.5,  0.011,  0.013,  -0.044,  446.1,  448.0,  455.6,  467.1,  485.7,  513.1,  545.1,  584.7,  629.2,  672.5,  710.4,  742.0,  765.5,  779.6,  786.7,  790.6,  791.6,  479.0,  499.4,  525.7,  553.1,  578.7,  648.1,  677.4,  704.5,  731.6,  752.8,  615.4,  616.4,  617.3,  618.2,  586.0,  602.7,  620.3,  638.6,  655.1,  515.2,  532.6,  554.5,  572.3,  554.0,  532.2,  660.9,  678.1,  699.7,  717.4,  702.3,  681.4,  561.6,  586.2,  608.6,  623.9,  640.6,  663.9,  687.7,  665.4,  643.3,  625.5,  609.1,  586.6,  572.0,  608.9,  624.3,  641.5,  677.7,  640.6,  623.7,  608.2,  327.3,  376.4,  426.4,  474.9,  519.7,  559.2,  590.0,  610.7,  613.8,  605.7,  582.5,  549.7,  509.7,  463.8,  414.7,  364.3,  313.4,  293.0,  274.0,  266.9,  268.8,  274.9,  269.5,  259.5,  255.9,  260.9,  277.4,  313.2,  344.7,  376.2,  408.6,  432.8,  438.5,  442.9,  436.6,  429.6,  328.3,  316.0,  315.2,  326.3,  333.1,  334.7,  320.8,  307.3,  306.6,  316.1,  324.0,  325.0,  500.9,  487.3,  479.8,  483.0,  478.2,  482.7,  491.7,  509.2,  515.6,  518.1,  517.7,  514.1,  501.1,  495.4,  495.8,  492.8,  493.8,  494.3,  496.8,  496.1,  -89.8,  -89.3,  -86.2,  -80.8,  -71.3,  -57.7,  -41.9,  -23.5,  -4.5,  13.8,  30.9,  46.0,  57.2,  63.7,  66.4,  67.4,  67.9,  -67.8,  -58.2,  -46.6,  -35.0,  -24.4,  3.2,  15.0,  26.0,  37.3,  46.4,  -9.8,  -9.2,  -8.7,  -8.2,  -21.4,  -14.6,  -7.7,  -0.6,  5.9,  -51.8,  -44.1,  -34.9,  -27.6,  -35.1,  -44.2,  8.5,  15.4,  24.2,  31.6,  25.2,  16.7,  -32.6,  -21.6,  -12.4,  -6.3,  0.2,  9.5,  19.7,  10.1,  1.3,  -5.7,  -12.1,  -21.3,  -28.0,  -12.4,  -6.2,  0.6,  15.4,  0.2,  -6.4,  -12.5,  -15.1,  7.6,  31.0,  53.7,  73.8,  90.5,  101.5,  106.6,  106.6,  104.4,  97.7,  85.5,  68.3,  47.3,  24.7,  1.9,  -20.9,  -28.2,  -35.6,  -38.0,  -36.7,  -33.9,  -35.8,  -40.2,  -42.0,  -40.4,  -34.0,  -18.6,  -6.0,  6.2,  18.3,  28.9,  30.8,  32.3,  30.0,  27.5,  -13.1,  -18.1,  -18.3,  -13.8,  -11.0,  -10.4,  -15.9,  -21.3,  -21.6,  -17.9,  -14.6,  -14.1,  58.6,  51.0,  47.4,  48.5,  46.5,  49.1,  54.3,  59.3,  60.8,  61.6,  61.8,  61.6,  58.1,  53.8,  53.7,  52.5,  54.7,  52.7,  53.6,  53.6,  405.2,  406.8,  408.9,  409.3,  404.5,  397.5,  386.1,  372.2,  367.5,  371.9,  384.3,  394.4,  399.1,  399.1,  396.0,  391.8,  391.7,  368.2,  362.1,  357.0,  352.6,  348.5,  346.2,  349.9,  353.3,  356.3,  359.8,  346.8,  341.5,  335.7,  330.4,  346.7,  343.1,  340.6,  342.4,  345.0,  362.8,  359.2,  357.6,  357.0,  356.8,  358.4,  355.5,  353.9,  354.3,  357.2,  354.1,  353.6,  363.7,  350.6,  345.9,  344.6,  344.4,  350.1,  360.5,  348.0,  341.7,  341.1,  343.1,  349.6,  360.5,  347.4,  345.9,  346.1,  357.4,  343.2,  342.7,  344.5,  2.422,  0.115,  0.048,  -0.046,  621.081,  418.000,  -24.785,  2.785,  -20.427,  3.169,  -11.205,  10.956,  5.560,  -3.626,  -2.713,  -2.670,  -10.908,  4.852,  -2.049,  -5.338,  2.204,  4.007,  1.215,  -0.077,  0.885,  -3.743,  2.077,  -1.272,  -0.846,  -1.470,  -0.711,  2.193,  0.339,  -0.835,  0.326,  -0.275,  0.494,  -0.417,  0.363,  0.028, 0.02, 0.28, 0.00, 0.19, 0.00, 0.00, 0.00, 0.00, 0.00, 0.00, 0.54, 0.09, 0.00, 0.11, 0.00, 0.00, 0.00, 1.00, 0.00, 0.00, 0.00, 0.00, 0.00, 0.00, 0.00, 0.00, 0.00, 0.00, 0.00, 0.00, 0.00, 0.00, 0.00, 0.00, 0.00
2,  0,  0.033,  0.98,  1,  0.109427,  0.118879,  -0.986860,  -0.071244,  0.148921,  -0.986279,  0.019,  0.135,  530.4,  534.2,  544.6,  555.4,  560.3,  557.2,  546.1,  535.3,  516.6,  521.9,  531.6,  544.5,  557.1,  565.5,  570.6,  564.1,  554.4,  543.1,  532.5,  523.2,  540.8,  545.6,  550.2,  551.9,  549.7,  544.9,  540.4,  538.7,  672.1,  675.6,  686.3,  698.0,  703.7,  700.2,  689.5,  676.9,  662.8,  668.4,  676.9,  689.5,  701.7,  710.0,  715.9,  710.2,  703.0,  694.1,  682.8,  671.7,  682.4,  688.2,  693.5,  695.3,  692.4,  686.6,  681.3,  679.5,  322.7,  312.1,  307.2,  311.0,  321.1,  332.2,  336.5,  332.8,  327.5,  321.4,  317.9,  315.3,  316.1,  320.0,  326.7,  330.6,  333.3,  334.8,  334.2,  331.8,  326.2,  327.9,  325.7,  321.0,  316.5,  314.9,  317.1,  321.7,  315.9,  303.5,  297.4,  301.1,  312.5,  325.0,  331.1,  328.3,  320.9,  312.6,  307.7,  305.4,  306.9,  309.8,  315.9,  321.7,  325.8,  328.4,  327.9,  325.6,  320.7,  322.6,  319.6,  313.4,  307.7,  305.8,  308.9,  315.1,  -42.4,  -40.8,  -36.8,  -32.7,  -30.9,  -32.2,  -36.6,  -40.7,  -48.5,  -46.0,  -41.9,  -36.7,  -32.0,  -29.0,  -27.2,  -29.6,  -33.3,  -37.6,  -41.8,  -45.7,  -38.6,  -36.7,  -34.9,  -34.2,  -35.0,  -36.8,  -38.6,  -39.3,  11.9,  13.2,  17.2,  21.6,  23.8,  22.4,  18.4,  13.7,  8.4,  10.5,  13.6,  18.2,  22.9,  26.2,  28.6,  26.3,  23.4,  20.0,  15.8,  11.7,  15.8,  17.9,  20.0,  20.6,  19.5,  17.4,  15.3,  14.7,  -14.4,  -18.5,  -20.3,  -18.9,  -15.1,  -10.8,  -9.1,  -10.6,  -12.8,  -15.0,  -16.3,  -17.2,  -16.9,  -15.5,  -13.0,  -11.5,  -10.4,  -9.8,  -10.0,  -11.0,  -13.1,  -12.5,  -13.3,  -15.1,  -16.9,  -17.5,  -16.7,  -14.9,  -16.3,  -20.9,  -23.2,  -21.9,  -17.7,  -13.1,  -10.7,  -11.8,  -14.5,  -17.5,  -19.3,  -20.1,  -19.7,  -18.8,  -16.6,  -14.4,  -12.7,  -11.7,  -11.8,  -12.7,  -14.6,  -13.9,  -15.1,  -17.4,  -19.5,  -20.2,  -19.0,  -16.7,  338.9,  337.8,  337.4,  338.0,  339.1,  340.6,  340.6,  340.1,  343.9,  340.6,  337.9,  336.6,  337.8,  340.0,  342.7,  341.5,  340.1,  339.7,  340.7,  342.3,  340.3,  340.5,  340.3,  339.8,  339.3,  339.1,  339.3,  339.8,  323.7,  323.8,  324.6,  325.7,  326.3,  326.2,  325.4,  324.6,  323.9,  322.8,  322.1,  322.4,  324.4,  327.0,  330.0,  327.6,  325.3,  323.3,  322.6,  323.3,  325.5,  326.0,  326.5,  326.5,  326.2,  325.7,  325.3,  325.2,  -7.7,  23.3,  354.6,  0.015,  0.014,  -0.044,  445.9,  448.1,  456.1,  467.9,  486.4,  513.6,  545.4,  584.7,  629.4,  672.9,  711.0,  742.7,  765.7,  779.3,  786.3,  790.5,  791.8,  478.6,  499.0,  525.1,  552.4,  578.2,  648.6,  677.9,  704.9,  731.9,  752.8,  615.7,  616.6,  617.5,  618.4,  586.3,  603.0,  620.6,  638.6,  655.0,  515.1,  532.6,  554.9,  572.8,  554.3,  532.0,  660.7,  678.1,  700.1,  717.9,  702.8,  681.4,  562.1,  586.4,  608.9,  623.9,  640.2,  663.5,  687.5,  665.1,  643.0,  625.6,  609.5,  586.8,  572.6,  609.3,  624.4,  641.2,  677.3,  640.4,  623.9,  608.7,  326.9,  376.0,  425.9,  474.2,  518.8,  558.3,  589.2,  610.2,  613.3,  605.0,  581.2,  547.8,  507.6,  461.9,  413.7,  364.5,  314.5,  293.5,  274.1,  266.4,  268.0,  273.9,  269.0,  259.5,  256.2,  261.4,  278.2,  313.3,  344.8,  376.2,  408.4,  433.1,  438.6,  442.9,  436.7,  429.8,  328.5,  315.9,  315.2,  327.0,  333.9,  335.4,  321.8,  307.8,  307.0,  317.1,  325.2,  326.3,  500.4,  486.3,  478.6,  481.9,  477.0,  481.8,  491.3,  509.2,  515.9,  518.4,  518.0,  514.3,  500.4,  494.8,  495.2,  492.3,  493.3,  493.9,  496.4,  495.7,  -90.1,  -89.4,  -86.1,  -80.6,  -71.1,  -57.6,  -41.9,  -23.6,  -4.5,  14.0,  31.2,  46.4,  57.3,  63.5,  66.2,  67.5,  68.1,  -67.9,  -58.3,  -46.9,  -35.3,  -24.6,  3.4,  15.2,  26.2,  37.4,  46.4,  -9.6,  -9.1,  -8.6,  -8.2,  -21.3,  -14.5,  -7.6,  -0.5,  5.9,  -51.8,  -44.1,  -34.8,  -27.4,  -34.9,  -44.2,  8.4,  15.4,  24.3,  31.8,  25.4,  16.8,  -32.4,  -21.5,  -12.3,  -6.3,  0.1,  9.4,  19.6,  10.0,  1.2,  -5.6,  -12.0,  -21.2,  -27.8,  -12.2,  -6.2,  0.5,  15.2,  0.2,  -6.3,  -12.3,  -15.4,  7.4,  30.8,  53.5,  73.5,  90.3,  101.5,  106.9,  106.8,  104.4,  97.3,  84.7,  67.3,  46.5,  24.3,  2.0,  -20.4,  -28.0,  -35.5,  -38.2,  -37.0,  -34.2,  -36.0,  -40.2,  -41.9,  -40.2,  -33.6,  -18.5,  -5.9,  6.2,  18.3,  29.0,  30.8,  32.3,  30.0,  27.5,  -13.1,  -18.1,  -18.3,  -13.5,  -10.7,  -10.1,  -15.5,  -21.1,  -21.5,  -17.5,  -14.1,  -13.6,  58.4,  50.6,  46.8,  47.9,  46.0,  48.7,  54.1,  59.3,  60.9,  61.8,  62.0,  61.6,  57.9,  53.5,  53.4,  52.3,  54.5,  52.5,  53.4,  53.4,  406.3,  407.8,  409.5,  409.5,  405.0,  398.4,  387.7,  373.9,  369.0,  373.0,  385.1,  394.7,  399.0,  398.7,  395.9,  392.2,  392.5,  368.1,  362.0,  356.8,  352.3,  348.1,  345.8,  349.8,  353.3,  356.4,  359.8,  346.9,  341.6,  335.9,  330.6,  346.9,  343.4,  340.9,  342.6,  345.2,  363.0,  359.1,  357.4,  356.8,  356.7,  358.4,  355.8,  354.1,  354.5,  357.5,  354.3,  353.8,  363.8,  350.5,  345.5,  344.2,  344.0,  349.6,  360.4,  347.9,  341.6,  341.1,  343.1,  349.6,  360.8,  347.4,  345.8,  345.9,  357.3,  343.1,  342.6,  344.4,  2.421,  0.119,  0.050,  -0.047,  621.203,  417.783,  -22.792,  4.027,  -20.188,  3.508,  -10.867,  8.503,  5.195,  -3.609,  -3.957,  -3.039,  -11.649,  5.753,  -2.075,  -4.797,  3.044,  2.868,  2.039,  0.344,  1.621,  -3.706,  2.343,  -1.276,  -0.778,  -1.285,  -0.820,  1.814,  0.036,  -0.883,  0.096,  -0.242,  0.179,  -0.471,  0.161,  0.057, 0.07, 0.18, 0.00, 0.06, 0.00, 0.03, 0.00, 0.00, 0.00, 0.00, 0.54, 0.09, 0.00, 0.04, 0.00, 0.00, 0.00, 1.00, 0.00, 0.00, 0.00, 0.00, 0.00, 0.00, 0.00, 0.00, 0.00, 1.00, 0.00, 0.00, 0.00, 0.00, 0.00, 0.00, 0.00
3,  0,  0.067,  0.98,  1,  0.109170,  0.119840,  -0.986773,  -0.075900,  0.154797,  -0.985026,  0.017,  0.138,  530.5,  534.3,  544.7,  555.5,  560.3,  557.2,  546.1,  535.4,  516.6,  522.1,  531.8,  544.7,  557.2,  565.6,  570.7,  564.1,  554.5,  543.3,  532.7,  523.3,  540.9,  545.7,  550.2,  551.9,  549.8,  545.0,  540.4,  538.7,  672.0,  675.5,  686.2,  697.9,  703.7,  700.2,  689.4,  676.9,  662.9,  668.5,  677.0,  689.6,  701.7,  710.0,  715.8,  710.2,  703.2,  694.3,  683.0,  671.9,  682.2,  688.1,  693.6,  695.4,  692.4,  686.5,  681.0,  679.2,  322.7,  312.1,  307.2,  311.0,  321.1,  332.2,  336.6,  332.9,  327.5,  321.4,  317.9,  315.3,  316.2,  320.2,  326.8,  330.6,  333.3,  334.7,  334.2,  331.8,  326.3,  327.9,  325.8,  321.1,  316.6,  314.9,  317.1,  321.8,  316.1,  303.6,  297.5,  301.2,  312.7,  325.2,  331.3,  328.5,  320.9,  312.6,  307.7,  305.4,  306.9,  309.7,  315.9,  321.8,  325.9,  328.5,  328.1,  325.7,  321.1,  323.1,  320.0,  313.6,  307.8,  305.8,  308.9,  315.3,  -42.5,  -40.8,  -36.8,  -32.7,  -30.9,  -32.2,  -36.6,  -40.7,  -48.5,  -45.9,  -41.8,  -36.7,  -32.0,  -29.0,  -27.2,  -29.6,  -33.2,  -37.6,  -41.8,  -45.7,  -38.6,  -36.7,  -34.9,  -34.2,  -35.0,  -36.8,  -38.6,  -39.4,  11.8,  13.1,  17.1,  21.5,  23.7,  22.4,  18.3,  13.6,  8.4,  10.5,  13.6,  18.2,  22.8,  26.1,  28.5,  26.2,  23.4,  20.0,  15.8,  11.7,  15.6,  17.9,  19.9,  20.6,  19.5,  17.2,  15.2,  14.5,  -14.4,  -18.5,  -20.4,  -19.0,  -15.1,  -10.8,  -9.1,  -10.6,  -12.8,  -15.0,  -16.3,  -17.2,  -16.9,  -15.5,  -13.0,  -11.5,  -10.4,  -9.8,  -10.1,  -11.1,  -13.1,  -12.5,  -13.3,  -15.1,  -16.9,  -17.5,  -16.7,  -14.8,  -16.2,  -20.8,  -23.1,  -21.8,  -17.6,  -12.9,  -10.6,  -11.6,  -14.4,  -17.4,  -19.2,  -20.1,  -19.6,  -18.7,  -16.6,  -14.3,  -12.6,  -11.6,  -11.7,  -12.6,  -14.4,  -13.7,  -14.9,  -17.3,  -19.4,  -20.1,  -18.9,  -16.6,  339.2,  338.1,  337.8,  338.4,  339.5,  340.9,  340.9,  340.3,  344.1,  340.9,  338.1,  336.9,  338.1,  340.4,  343.1,  341.9,  340.4,  340.0,  340.9,  342.5,  340.6,  340.8,  340.7,  340.2,  339.7,  339.4,  339.6,  340.1,  322.6,  322.8,  323.7,  324.8,  325.3,  325.1,  324.3,  323.5,  322.7,  321.7,  321.1,  321.5,  323.5,  326.1,  329.0,  326.6,  324.2,  322.2,  321.4,  322.1,  324.4,  324.9,  325.4,  325.5,  325.2,  324.7,  324.3,  324.1,  -7.7,  23.3,  354.5,  0.015,  0.014,  -0.045,  445.8,  448.1,  456.1,  467.9,  486.5,  513.7,  545.6,  585.0,  629.9,  673.6,  711.8,  743.4,  766.1,  779.4,  786.3,  790.5,  791.9,  478.5,  498.9,  524.9,  552.2,  578.1,  648.8,  678.1,  705.1,  732.0,  752.8,  615.8,  616.7,  617.6,  618.5,  586.4,  603.2,  620.7,  638.7,  655.1,  515.2,  532.7,  555.0,  572.9,  554.4,  532.1,  660.8,  678.2,  700.2,  718.0,  702.8,  681.5,  562.4,  586.5,  609.1,  624.1,  640.3,  663.6,  687.5,  665.3,  643.2,  625.8,  609.7,  587.1,  572.8,  609.5,  624.6,  641.4,  677.3,  640.6,  624.1,  608.9,  327.1,  376.1,  425.8,  474.1,  518.7,  558.3,  589.3,  610.3,  613.4,  604.7,  580.5,  546.9,  506.6,  461.2,  413.3,  364.5,  314.9,  293.5,  274.2,  266.4,  267.9,  273.9,  269.0,  259.5,  256.3,  261.5,  278.3,  313.4,  344.9,  376.2,  408.3,  433.2,  438.6,  442.9,  436.6,  429.7,  328.5,  315.9,  315.2,  327.0,  333.9,  335.4,  321.8,  307.8,  307.1,  317.1,  325.2,  326.3,  500.6,  486.3,  478.5,  481.8,  476.9,  481.7,  491.3,  509.3,  516.0,  518.6,  518.2,  514.5,  500.6,  494.9,  495.2,  492.3,  493.4,  493.9,  496.4,  495.8,  -90.2,  -89.5,  -86.1,  -80.5,  -71.1,  -57.5,  -41.8,  -23.5,  -4.2,  14.3,  31.6,  46.6,  57.5,  63.5,  66.2,  67.4,  68.1,  -67.9,  -58.4,  -46.9,  -35.3,  -24.6,  3.5,  15.2,  26.3,  37.5,  46.4,  -9.6,  -9.1,  -8.6,  -8.1,  -21.2,  -14.4,  -7.5,  -0.5,  6.0,  -51.8,  -44.0,  -34.7,  -27.4,  -34.9,  -44.2,  8.5,  15.5,  24.4,  31.9,  25.4,  16.8,  -32.3,  -21.4,  -12.2,  -6.3,  0.1,  9.4,  19.6,  10.0,  1.3,  -5.5,  -11.9,  -21.1,  -27.7,  -12.1,  -6.1,  0.6,  15.2,  0.2,  -6.2,  -12.2,  -15.3,  7.5,  30.8,  53.4,  73.5,  90.3,  101.6,  107.0,  106.8,  104.3,  97.0,  84.3,  66.8,  46.1,  24.1,  2.0,  -20.2,  -28.0,  -35.5,  -38.2,  -37.0,  -34.2,  -36.0,  -40.2,  -41.9,  -40.1,  -33.6,  -18.5,  -5.9,  6.2,  18.3,  29.0,  30.8,  32.3,  30.0,  27.5,  -13.0,  -18.1,  -18.3,  -13.4,  -10.6,  -10.1,  -15.5,  -21.1,  -21.4,  -17.5,  -14.1,  -13.6,  58.4,  50.6,  46.8,  47.9,  45.9,  48.6,  54.1,  59.3,  60.9,  61.8,  62.0,  61.7,  57.9,  53.5,  53.4,  52.3,  54.4,  52.5,  53.4,  53.4,  406.4,  407.9,  409.6,  409.6,  405.1,  398.4,  387.7,  373.9,  368.9,  373.0,  385.0,  394.6,  398.8,  398.5,  395.7,  392.0,  392.4,  367.9,  361.8,  356.6,  352.0,  347.9,  345.7,  349.8,  353.3,  356.5,  359.8,  346.8,  341.5,  335.7,  330.5,  346.8,  343.3,  340.9,  342.5,  345.1,  362.8,  358.9,  357.2,  356.6,  356.5,  358.2,  355.8,  354.0,  354.5,  357.5,  354.3,  353.7,  363.6,  350.2,  345.3,  344.0,  343.7,  349.4,  360.3,  347.8,  341.5,  340.9,  342.9,  349.3,  360.5,  347.2,  345.6,  345.7,  357.2,  342.9,  342.4,  344.2,  2.422,  0.119,  0.050,  -0.048,  621.346,  417.751,  -22.330,  4.812,  -20.333,  3.501,  -10.962,  7.957,  5.013,  -3.589,  -3.893,  -2.776,  -11.598,  5.829,  -2.064,  -4.755,  3.303,  2.734,  2.053,  0.469,  1.797,  -3.753,  2.419,  -1.351,  -0.838,  -1.398,  -0.838,  1.899,  0.120,  -0.933,  0.109,  -0.230,  0.170,  -0.463,  0.126,  0.036, 0.07, 0.09, 0.00, 0.00, 0.00, 0.05, 0.00, 0.00, 0.00, 0.00, 0.61, 0.15, 0.00, 0.00, 0.00, 0.00, 0.00, 1.00, 0.00, 0.00, 0.00, 0.00, 0.00, 0.00, 0.00, 0.00, 0.00, 0.00, 0.00, 0.00, 0.00, 0.00, 0.00, 0.00, 0.00
4,  0,  0.100,  0.98,  1,  0.109073,  0.118607,  -0.986932,  -0.083027,  0.162742,  -0.983169,  0.013,  0.142,  530.6,  534.4,  544.6,  555.4,  560.4,  557.3,  546.3,  535.6,  516.7,  522.3,  532.0,  544.8,  557.3,  565.6,  570.7,  564.3,  554.7,  543.4,  532.8,  523.3,  541.0,  545.8,  550.3,  552.0,  549.8,  545.0,  540.5,  538.9,  671.8,  675.3,  686.1,  697.9,  703.7,  700.1,  689.3,  676.7,  663.0,  668.7,  677.2,  689.8,  701.8,  710.0,  715.8,  710.3,  703.4,  694.6,  683.2,  672.0,  682.0,  688.0,  693.6,  695.4,  692.4,  686.4,  680.8,  679.0,  322.8,  312.1,  307.1,  310.8,  321.0,  332.3,  336.7,  333.0,  328.0,  321.8,  318.0,  315.4,  316.3,  320.3,  326.8,  330.6,  333.1,  334.6,  334.2,  332.1,  326.5,  328.1,  325.9,  321.2,  316.7,  315.0,  317.2,  322.0,  316.3,  303.8,  297.6,  301.3,  312.8,  325.4,  331.6,  328.7,  321.0,  312.7,  307.8,  305.5,  306.9,  309.7,  315.7,  321.5,  325.6,  328.3,  327.9,  325.6,  321.3,  323.3,  320.1,  313.7,  307.8,  305.9,  309.0,  315.4,  -42.6,  -41.1,  -37.1,  -32.9,  -31.1,  -32.4,  -36.7,  -40.8,  -48.7,  -46.1,  -42.0,  -36.9,  -32.2,  -29.1,  -27.3,  -29.7,  -33.3,  -37.7,  -42.0,  -45.9,  -38.7,  -36.9,  -35.1,  -34.4,  -35.2,  -37.1,  -38.8,  -39.5,  11.7,  13.0,  17.0,  21.4,  23.6,  22.3,  18.2,  13.5,  8.5,  10.5,  13.6,  18.3,  22.8,  26.1,  28.4,  26.2,  23.4,  20.1,  15.8,  11.8,  15.5,  17.8,  19.9,  20.6,  19.4,  17.2,  15.1,  14.4,  -14.5,  -18.6,  -20.5,  -19.1,  -15.2,  -10.9,  -9.1,  -10.5,  -12.7,  -15.0,  -16.3,  -17.3,  -17.0,  -15.5,  -13.1,  -11.5,  -10.5,  -9.9,  -10.1,  -11.0,  -13.1,  -12.5,  -13.3,  -15.2,  -16.9,  -17.5,  -16.7,  -14.9,  -16.1,  -20.7,  -23.0,  -21.7,  -17.5,  -12.8,  -10.5,  -11.5,  -14.3,  -17.3,  -19.1,  -20.0,  -19.6,  -18.7,  -16.6,  -14.4,  -12.7,  -11.7,  -11.8,  -12.6,  -14.3,  -13.6,  -14.8,  -17.2,  -19.4,  -20.0,  -18.8,  -16.5,  341.0,  340.3,  340.1,  340.5,  341.4,  342.5,  342.4,  341.9,  345.9,  342.8,  340.2,  339.1,  340.3,  342.5,  345.0,  343.7,  342.1,  341.7,  342.5,  344.2,  342.3,  342.5,  342.4,  342.1,  341.7,  341.5,  341.6,  341.9,  321.8,  322.0,  322.9,  324.0,  324.6,  324.5,  323.6,  322.8,  321.9,  320.9,  320.3,  320.8,  322.8,  325.5,  328.5,  326.1,  323.6,  321.6,  320.8,  321.3,  323.7,  324.2,  324.7,  324.8,  324.5,  323.9,  323.5,  323.4,  -7.6,  23.3,  354.5,  0.017,  0.014,  -0.046,  445.8,  448.1,  456.1,  468.0,  486.5,  513.7,  545.6,  585.2,  630.4,  674.3,  712.5,  744.1,  766.5,  779.6,  786.4,  790.6,  791.9,  478.9,  499.4,  525.4,  552.7,  578.5,  648.8,  678.2,  705.1,  732.0,  752.8,  616.0,  616.9,  617.7,  618.7,  586.6,  603.3,  620.9,  638.9,  655.3,  515.3,  532.8,  555.1,  572.9,  554.5,  532.3,  661.0,  678.4,  700.3,  718.1,  702.9,  681.7,  562.5,  586.6,  609.1,  624.1,  640.3,  663.7,  687.5,  665.3,  643.2,  625.8,  609.7,  587.1,  572.9,  609.6,  624.7,  641.4,  677.3,  640.6,  624.1,  608.9,  327.4,  376.2,  425.9,  474.1,  518.6,  558.2,  589.3,  610.3,  613.3,  604.4,  580.0,  546.1,  505.6,  460.2,  412.6,  364.0,  314.7,  293.3,  274.2,  266.6,  268.2,  274.2,  269.2,  259.6,  256.3,  261.4,  278.0,  313.5,  344.9,  376.3,  408.4,  433.2,  438.6,  442.9,  436.7,  429.8,  328.7,  316.1,  315.4,  327.0,  333.9,  335.5,  321.7,  307.9,  307.1,  317.1,  325.1,  326.2,  500.8,  486.4,  478.5,  481.8,  476.9,  481.8,  491.5,  509.4,  516.0,  518.6,  518.3,  514.6,  500.8,  495.0,  495.2,  492.4,  493.5,  493.9,  496.4,  495.8,  -90.2,  -89.5,  -86.1,  -80.6,  -71.1,  -57.5,  -41.8,  -23.4,  -4.1,  14.6,  31.9,  47.0,  57.7,  63.6,  66.2,  67.5,  68.1,  -67.7,  -58.1,  -46.7,  -35.1,  -24.5,  3.5,  15.2,  26.3,  37.5,  46.4,  -9.5,  -9.0,  -8.5,  -8.1,  -21.2,  -14.4,  -7.4,  -0.4,  6.0,  -51.7,  -44.0,  -34.7,  -27.3,  -34.8,  -44.1,  8.5,  15.5,  24.4,  31.9,  25.5,  16.8,  -32.2,  -21.4,  -12.2,  -6.3,  0.1,  9.5,  19.6,  10.1,  1.2,  -5.5,  -11.9,  -21.1,  -27.6,  -12.1,  -6.1,  0.6,  15.2,  0.2,  -6.2,  -12.2,  -15.1,  7.6,  30.8,  53.4,  73.5,  90.3,  101.6,  107.0,  106.8,  104.2,  96.8,  84.0,  66.4,  45.6,  23.8,  1.8,  -20.3,  -28.0,  -35.4,  -38.1,  -36.9,  -34.1,  -35.9,  -40.1,  -41.9,  -40.2,  -33.7,  -18.4,  -5.9,  6.2,  18.3,  29.0,  30.9,  32.3,  30.0,  27.5,  -13.0,  -18.0,  -18.2,  -13.4,  -10.6,  -10.0,  -15.6,  -21.1,  -21.4,  -17.5,  -14.1,  -13.7,  58.5,  50.6,  46.8,  47.9,  45.9,  48.7,  54.2,  59.4,  60.9,  61.8,  62.0,  61.7,  58.0,  53.6,  53.4,  52.3,  54.5,  52.5,  53.4,  53.4,  406.5,  408.0,  409.8,  409.7,  405.3,  398.7,  387.9,  374.1,  369.1,  373.1,  385.2,  394.7,  398.9,  398.5,  395.6,  392.0,  392.4,  367.8,  361.7,  356.5,  352.0,  347.9,  345.6,  349.7,  353.3,  356.5,  359.9,  346.7,  341.5,  335.8,  330.6,  346.9,  343.4,  341.0,  342.6,  345.2,  362.9,  358.9,  357.3,  356.7,  356.6,  358.3,  355.8,  354.0,  354.5,  357.5,  354.3,  353.7,  363.7,  350.3,  345.3,  344.1,  343.8,  349.5,  360.3,  347.9,  341.6,  341.0,  343.0,  349.4,  360.6,  347.2,  345.7,  345.8,  357.3,  342.9,  342.4,  344.2,  2.422,  0.121,  0.050,  -0.049,  621.484,  417.730,  -22.206,  5.110,  -20.537,  3.326,  -11.062,  7.675,  4.914,  -3.913,  -4.049,  -2.498,  -11.144,  5.708,  -2.334,  -4.809,  3.314,  2.852,  2.162,  0.717,  1.838,  -3.884,  2.428,  -1.197,  -0.648,  -1.482,  -0.868,  2.016,  0.106,  -0.864,  0.082,  -0.245,  0.251,  -0.424,  0.180,  0.044, 0.05, 0.09, 0.00, 0.00, 0.00, 0.05, 0.00, 0.00, 0.00, 0.00, 0.77, 0.19, 0.00, 0.00, 0.00, 0.00, 0.00, 0.00, 0.00, 0.00, 0.00, 0.00, 0.00, 0.00, 0.00, 0.00, 0.00, 1.00, 0.00, 0.00, 0.00, 0.00, 0.00, 0.00, 0.00
5,  0,  0.133,  0.98,  1,  0.110380,  0.122023,  -0.986371,  -0.092613,  0.169184,  -0.981223,  0.009,  0.147,  530.8,  534.5,  544.7,  555.5,  560.4,  557.4,  546.5,  535.7,  516.9,  522.3,  532.0,  544.8,  557.4,  565.7,  570.7,  564.2,  554.7,  543.5,  532.9,  523.5,  541.2,  545.9,  550.4,  552.0,  549.8,  545.1,  540.7,  539.0,  671.4,  675.2,  686.2,  698.0,  703.6,  699.9,  688.9,  676.2,  663.0,  668.8,  677.4,  690.1,  702.1,  710.2,  715.8,  710.3,  703.4,  694.6,  683.2,  672.0,  681.6,  687.7,  693.3,  695.3,  692.4,  686.3,  680.6,  678.7,  323.2,  312.6,  307.7,  311.3,  321.3,  332.4,  336.8,  333.2,  328.2,  322.1,  318.5,  315.9,  316.7,  320.5,  327.0,  330.8,  333.4,  334.9,  334.5,  332.2,  326.6,  328.2,  326.0,  321.4,  317.0,  315.4,  317.6,  322.2,  316.6,  304.1,  297.9,  301.8,  313.4,  326.0,  332.1,  329.1,  321.1,  312.9,  308.2,  306.0,  307.5,  310.3,  316.4,  321.9,  325.9,  328.4,  328.0,  325.7,  321.8,  323.8,  320.6,  314.2,  308.2,  306.2,  309.3,  315.8,  -42.6,  -41.0,  -37.0,  -32.9,  -31.1,  -32.4,  -36.7,  -40.8,  -48.7,  -46.1,  -42.0,  -36.9,  -32.1,  -29.1,  -27.3,  -29.8,  -33.4,  -37.7,  -42.0,  -45.9,  -38.7,  -36.9,  -35.1,  -34.4,  -35.2,  -37.0,  -38.8,  -39.5,  11.5,  12.9,  17.0,  21.4,  23.5,  22.1,  18.0,  13.3,  8.4,  10.5,  13.7,  18.3,  22.9,  26.1,  28.4,  26.2,  23.4,  20.0,  15.8,  11.7,  15.4,  17.6,  19.7,  20.5,  19.4,  17.1,  15.0,  14.3,  -14.3,  -18.4,  -20.3,  -19.0,  -15.1,  -10.8,  -9.1,  -10.5,  -12.6,  -14.9,  -16.1,  -17.1,  -16.9,  -15.5,  -13.0,  -11.5,  -10.4,  -9.8,  -10.0,  -10.9,  -13.1,  -12.5,  -13.3,  -15.1,  -16.8,  -17.4,  -16.6,  -14.8,  -15.9,  -20.5,  -22.8,  -21.5,  -17.2,  -12.6,  -10.3,  -11.4,  -14.3,  -17.2,  -18.9,  -19.7,  -19.3,  -18.4,  -16.3,  -14.2,  -12.6,  -11.6,  -11.7,  -12.6,  -14.1,  -13.4,  -14.6,  -17.0,  -19.2,  -19.9,  -18.7,  -16.3,  341.1,  340.1,  339.8,  340.4,  341.5,  342.9,  342.8,  342.3,  346.0,  342.8,  340.1,  338.9,  340.1,  342.4,  345.1,  343.9,  342.4,  342.0,  342.9,  344.5,  342.5,  342.8,  342.6,  342.2,  341.7,  341.4,  341.6,  342.0,  321.0,  321.1,  321.9,  323.0,  323.8,  323.7,  322.8,  322.0,  321.1,  320.0,  319.5,  320.0,  322.0,  324.7,  327.7,  325.4,  323.0,  320.9,  320.0,  320.5,  322.8,  323.4,  323.9,  323.9,  323.6,  323.0,  322.6,  322.5,  -7.6,  23.3,  354.3,  0.018,  0.014,  -0.045,  445.9,  448.2,  456.2,  468.0,  486.6,  513.7,  545.4,  584.9,  630.1,  674.1,  712.4,  744.1,  766.6,  779.8,  786.6,  790.9,  792.2,  479.0,  499.5,  525.5,  552.9,  578.8,  648.7,  678.2,  705.3,  732.4,  753.1,  616.0,  616.9,  617.8,  618.8,  586.5,  603.3,  620.9,  639.0,  655.5,  515.4,  532.9,  555.1,  572.9,  554.5,  532.4,  661.1,  678.6,  700.4,  718.2,  702.9,  681.7,  562.4,  586.6,  609.2,  624.2,  640.4,  663.8,  687.7,  665.4,  643.3,  625.8,  609.7,  587.1,  572.9,  609.6,  624.7,  641.5,  677.5,  640.7,  624.1,  609.0,  327.7,  376.4,  425.9,  473.9,  518.4,  558.1,  589.3,  610.7,  614.0,  605.1,  580.5,  546.4,  505.7,  460.3,  412.6,  364.1,  314.9,  293.7,  274.5,  266.7,  268.3,  274.4,  269.3,  259.7,  256.4,  261.7,  278.5,  313.7,  345.2,  376.6,  408.8,  433.4,  438.9,  443.3,  437.0,  430.0,  329.0,  316.6,  315.9,  327.2,  334.1,  335.7,  321.9,  308.3,  307.6,  317.4,  325.4,  326.4,  500.9,  486.6,  478.8,  482.2,  477.3,  482.1,  491.7,  509.7,  516.4,  519.0,  518.6,  514.9,  500.9,  495.3,  495.6,  492.7,  493.8,  494.3,  496.8,  496.2,  -90.1,  -89.4,  -86.0,  -80.5,  -71.0,  -57.5,  -41.9,  -23.6,  -4.2,  14.6,  31.9,  47.0,  57.7,  63.6,  66.3,  67.6,  68.3,  -67.6,  -58.1,  -46.6,  -35.0,  -24.3,  3.4,  15.3,  26.4,  37.6,  46.5,  -9.5,  -9.0,  -8.5,  -8.0,  -21.2,  -14.4,  -7.4,  -0.4,  6.1,  -51.7,  -43.9,  -34.7,  -27.3,  -34.8,  -44.0,  8.6,  15.6,  24.5,  31.9,  25.5,  16.9,  -32.2,  -21.4,  -12.2,  -6.2,  0.2,  9.5,  19.6,  10.1,  1.3,  -5.5,  -11.9,  -21.1,  -27.6,  -12.1,  -6.0,  0.6,  15.3,  0.3,  -6.2,  -12.2,  -15.0,  7.6,  30.8,  53.3,  73.3,  90.2,  101.6,  107.2,  107.1,  104.5,  97.1,  84.1,  66.4,  45.6,  23.8,  1.9,  -20.2,  -27.9,  -35.3,  -38.0,  -36.9,  -34.0,  -35.8,  -40.0,  -41.8,  -40.0,  -33.5,  -18.3,  -5.8,  6.4,  18.4,  29.1,  30.9,  32.4,  30.1,  27.6,  -12.9,  -17.8,  -18.0,  -13.3,  -10.6,  -9.9,  -15.5,  -20.9,  -21.2,  -17.4,  -14.0,  -13.6,  58.5,  50.7,  46.9,  48.0,  46.0,  48.8,  54.2,  59.5,  61.0,  61.9,  62.2,  61.8,  58.1,  53.7,  53.5,  52.4,  54.6,  52.6,  53.5,  53.5,  406.2,  407.7,  409.5,  409.5,  405.1,  398.5,  387.9,  374.1,  369.2,  373.2,  385.2,  394.7,  398.8,  398.3,  395.5,  391.9,  392.4,  367.7,  361.6,  356.3,  351.7,  347.6,  345.3,  349.4,  353.1,  356.4,  359.9,  346.4,  341.2,  335.5,  330.3,  346.6,  343.1,  340.7,  342.4,  345.0,  362.7,  358.8,  357.1,  356.5,  356.4,  358.1,  355.6,  353.9,  354.3,  357.3,  354.1,  353.6,  363.6,  350.1,  345.1,  343.9,  343.6,  349.3,  360.2,  347.7,  341.4,  340.8,  342.9,  349.3,  360.5,  347.1,  345.5,  345.6,  357.2,  342.8,  342.2,  344.0,  2.423,  0.122,  0.050,  -0.048,  621.556,  417.990,  -21.934,  4.823,  -20.189,  3.645,  -11.137,  7.476,  4.694,  -4.163,  -3.977,  -2.393,  -11.282,  5.691,  -2.450,  -4.848,  3.390,  2.689,  1.935,  0.567,  1.889,  -3.942,  2.440,  -1.157,  -0.354,  -1.459,  -0.932,  2.120,  0.033,  -0.835,  0.151,  -0.213,  0.218,  -0.426,  0.168,  0.002, 0.00, 0.00, 0.00, 0.00, 0.00, 0.05, 0.00, 0.00, 0.00, 0.00, 0.85, 0.23, 0.00, 0.00, 0.00, 0.00, 0.00, 0.00, 0.00, 0.00, 0.00, 0.00, 0.00, 0.00, 0.00, 0.00, 0.00, 1.00, 0.00, 0.00, 0.00, 0.00, 0.00, 0.00, 0.00
6,  0,  0.167,  0.98,  1,  0.110128,  0.121122,  -0.986510,  -0.098022,  0.170617,  -0.980450,  0.006,  0.147,  531.0,  534.7,  544.9,  555.5,  560.4,  557.4,  546.6,  535.9,  517.2,  522.7,  532.4,  545.0,  557.3,  565.6,  570.7,  564.4,  554.8,  543.6,  533.0,  523.6,  541.4,  546.0,  550.4,  552.0,  549.9,  545.3,  540.9,  539.3,  671.3,  675.0,  686.1,  698.0,  703.7,  699.9,  688.8,  676.1,  663.2,  668.9,  677.6,  690.2,  702.1,  710.2,  715.8,  710.4,  703.5,  694.6,  683.2,  672.1,  681.5,  687.7,  693.4,  695.4,  692.4,  686.2,  680.4,  678.5,  323.4,  312.8,  307.8,  311.5,  321.6,  332.9,  337.2,  333.6,  328.8,  322.6,  318.8,  316.2,  317.2,  321.2,  327.4,  331.1,  333.4,  334.8,  334.6,  332.7,  327.0,  328.6,  326.5,  321.9,  317.5,  315.9,  318.0,  322.7,  316.9,  304.3,  298.2,  302.2,  313.9,  326.4,  332.5,  329.5,  321.8,  313.5,  308.6,  306.5,  307.9,  310.8,  316.9,  322.2,  326.0,  328.4,  328.1,  326.0,  322.3,  324.3,  321.2,  314.6,  308.5,  306.4,  309.6,  316.1,  -43.1,  -41.5,  -37.5,  -33.4,  -31.5,  -32.8,  -37.1,  -41.2,  -49.2,  -46.6,  -42.5,  -37.4,  -32.6,  -29.6,  -27.7,  -30.1,  -33.8,  -38.1,  -42.4,  -46.4,  -39.1,  -37.3,  -35.6,  -34.9,  -35.7,  -37.5,  -39.3,  -39.9,  11.4,  12.8,  16.9,  21.4,  23.5,  22.1,  18.0,  13.2,  8.5,  10.6,  13.7,  18.4,  22.8,  26.0,  28.4,  26.2,  23.4,  20.0,  15.8,  11.7,  15.3,  17.6,  19.7,  20.5,  19.3,  17.0,  14.9,  14.2,  -14.5,  -18.6,  -20.6,  -19.2,  -15.2,  -10.8,  -9.0,  -10.5,  -12.5,  -14.9,  -16.2,  -17.2,  -16.9,  -15.4,  -13.0,  -11.5,  -10.5,  -10.0,  -10.1,  -10.9,  -13.1,  -12.4,  -13.3,  -15.1,  -16.8,  -17.5,  -16.6,  -14.8,  -15.8,  -20.4,  -22.7,  -21.3,  -17.1,  -12.4,  -10.1,  -11.2,  -14.0,  -17.0,  -18.7,  -19.6,  -19.1,  -18.2,  -16.1,  -14.0,  -12.5,  -11.6,  -11.6,  -12.4,  -13.9,  -13.2,  -14.3,  -16.8,  -19.0,  -19.8,  -18.6,  -16.1,  345.8,  345.3,  345.1,  345.5,  346.2,  347.1,  346.9,  346.5,  350.7,  347.7,  345.2,  344.1,  345.3,  347.4,  349.8,  348.4,  346.8,  346.3,  347.2,  348.9,  347.1,  347.2,  347.2,  346.9,  346.6,  346.4,  346.5,  346.8,  320.5,  320.7,  321.6,  322.7,  323.3,  323.1,  322.2,  321.3,  320.6,  319.6,  319.2,  319.7,  321.7,  324.4,  327.3,  325.0,  322.5,  320.4,  319.6,  320.0,  322.3,  322.8,  323.3,  323.5,  323.2,  322.6,  322.1,  322.0,  -7.6,  23.5,  354.6,  0.021,  0.014,  -0.046,  446.1,  448.4,  456.4,  468.3,  486.9,  514.0,  545.5,  584.7,  629.8,  673.9,  712.3,  744.0,  766.6,  779.8,  786.7,  790.8,  792.2,  479.3,  499.5,  525.6,  553.0,  578.8,  648.9,  678.3,  705.4,  732.4,  753.1,  616.2,  617.0,  617.8,  618.8,  586.3,  603.2,  621.0,  639.2,  655.7,  515.6,  533.1,  555.2,  573.0,  554.6,  532.6,  661.3,  678.7,  700.4,  718.2,  702.9,  681.8,  562.2,  586.5,  609.1,  624.2,  640.6,  664.1,  688.0,  665.6,  643.4,  625.8,  609.6,  586.9,  572.7,  609.5,  624.8,  641.7,  677.8,  640.9,  624.1,  608.9,  327.7,  376.6,  426.3,  474.5,  519.1,  558.7,  589.8,  611.0,  614.1,  605.3,  580.6,  546.4,  505.7,  460.2,  412.6,  364.2,  315.1,  294.2,  274.9,  267.1,  268.8,  274.9,  269.9,  260.2,  256.8,  262.1,  278.9,  314.2,  345.9,  377.4,  409.7,  433.9,  439.5,  444.0,  437.6,  430.5,  329.3,  317.1,  316.3,  327.6,  334.3,  335.9,  322.2,  308.8,  308.1,  317.7,  325.7,  326.6,  501.3,  487.2,  479.5,  482.8,  477.9,  482.6,  492.1,  510.0,  516.8,  519.4,  519.0,  515.2,  501.4,  495.9,  496.2,  493.3,  494.2,  494.7,  497.2,  496.6,  -90.0,  -89.3,  -86.0,  -80.4,  -70.9,  -57.4,  -41.9,  -23.7,  -4.3,  14.5,  31.8,  47.0,  57.7,  63.7,  66.3,  67.5,  68.2,  -67.6,  -58.0,  -46.6,  -35.0,  -24.3,  3.5,  15.3,  26.4,  37.6,  46.5,  -9.4,  -9.0,  -8.5,  -8.0,  -21.3,  -14.4,  -7.4,  -0.3,  6.2,  -51.6,  -43.8,  -34.6,  -27.3,  -34.8,  -43.9,  8.6,  15.6,  24.5,  31.9,  25.5,  16.9,  -32.4,  -21.4,  -12.2,  -6.2,  0.3,  9.6,  19.8,  10.2,  1.3,  -5.5,  -11.9,  -21.2,  -27.8,  -12.1,  -6.0,  0.7,  15.5,  0.3,  -6.2,  -12.2,  -15.0,  7.7,  31.0,  53.6,  73.7,  90.6,  101.9,  107.4,  107.3,  104.7,  97.1,  84.1,  66.4,  45.6,  23.8,  1.9,  -20.1,  -27.7,  -35.1,  -37.8,  -36.7,  -33.8,  -35.6,  -39.8,  -41.6,  -39.9,  -33.4,  -18.1,  -5.5,  6.7,  18.8,  29.3,  31.2,  32.7,  30.4,  27.8,  -12.7,  -17.6,  -17.8,  -13.2,  -10.4,  -9.8,  -15.3,  -20.7,  -21.0,  -17.2,  -13.9,  -13.5,  58.8,  51.0,  47.2,  48.3,  46.3,  49.0,  54.5,  59.7,  61.2,  62.1,  62.3,  62.0,  58.3,  53.9,  53.8,  52.7,  54.9,  52.8,  53.7,  53.8,  406.2,  407.7,  409.6,  409.8,  405.4,  398.9,  388.2,  374.4,  369.4,  373.4,  385.4,  394.9,  399.0,  398.5,  395.5,  391.9,  392.3,  367.7,  361.6,  356.3,  351.8,  347.7,  345.4,  349.5,  353.0,  356.3,  359.8,  346.5,  341.3,  335.7,  330.5,  346.9,  343.3,  340.9,  342.6,  345.2,  362.7,  358.7,  357.1,  356.5,  356.4,  358.1,  355.5,  353.8,  354.2,  357.2,  354.0,  353.5,  364.0,  350.5,  345.5,  344.2,  343.9,  349.7,  360.7,  348.1,  341.7,  341.1,  343.2,  349.7,  360.9,  347.4,  345.8,  346.0,  357.7,  343.0,  342.5,  344.3,  2.422,  0.125,  0.050,  -0.048,  621.617,  418.396,  -22.491,  4.915,  -20.091,  3.380,  -11.092,  8.124,  4.506,  -4.368,  -4.130,  -2.199,  -11.228,  5.887,  -2.179,  -4.752,  3.294,  2.909,  1.945,  0.337,  1.940,  -3.955,  2.646,  -1.220,  -0.262,  -1.715,  -0.761,  2.155,  0.117,  -0.776,  0.134,  -0.230,  0.314,  -0.402,  0.164,  0.001, 0.00, 0.00, 0.00, 0.00, 0.00, 0.03, 0.00, 0.00, 0.01, 0.00, 0.84, 0.17, 0.00, 0.00, 0.00, 0.00, 0.00, 0.00, 0.00, 0.00, 0.00, 0.00, 0.00, 0.00, 0.00, 0.00, 0.00, 1.00, 0.00, 0.00, 0.00, 0.00, 0.00, 0.00, 0.00
7,  0,  0.200,  0.98,  1,  0.110995,  0.116497,  -0.986969,  -0.098665,  0.172046,  -0.980136,  0.006,  0.146,  531.0,  534.6,  544.7,  555.3,  560.3,  557.3,  546.5,  535.9,  516.9,  522.8,  532.5,  545.0,  557.2,  565.4,  570.5,  564.2,  554.6,  543.4,  532.9,  523.5,  541.3,  545.9,  550.3,  551.9,  549.7,  545.1,  540.8,  539.2,  671.2,  674.7,  685.7,  697.6,  703.6,  700.1,  689.1,  676.3,  663.0,  668.9,  677.7,  690.2,  701.9,  710.1,  715.8,  710.5,  703.5,  694.4,  683.0,  671.8,  681.6,  687.8,  693.5,  695.3,  692.2,  686.0,  680.3,  678.5,  323.7,  312.9,  307.9,  311.6,  321.9,  333.3,  337.6,  333.9,  329.5,  323.2,  319.3,  316.6,  317.8,  321.7,  327.7,  331.7,  333.9,  335.3,  335.1,  333.4,  327.5,  329.1,  327.0,  322.3,  317.9,  316.3,  318.4,  323.1,  317.3,  304.8,  298.7,  302.5,  314.0,  326.5,  332.6,  329.8,  321.9,  314.1,  309.2,  307.1,  308.6,  311.5,  317.4,  322.5,  326.0,  328.1,  327.8,  326.0,  322.6,  324.6,  321.5,  315.0,  309.0,  307.0,  310.2,  316.6,  -43.2,  -41.7,  -37.7,  -33.6,  -31.7,  -32.9,  -37.1,  -41.3,  -49.4,  -46.7,  -42.5,  -37.5,  -32.8,  -29.7,  -27.8,  -30.2,  -33.9,  -38.3,  -42.6,  -46.5,  -39.2,  -37.4,  -35.7,  -35.0,  -35.9,  -37.7,  -39.4,  -40.1,  11.5,  12.8,  16.9,  21.4,  23.7,  22.3,  18.2,  13.4,  8.5,  10.6,  13.9,  18.5,  22.9,  26.2,  28.6,  26.4,  23.5,  20.1,  15.8,  11.7,  15.4,  17.7,  19.9,  20.6,  19.4,  17.1,  15.0,  14.3,  -14.4,  -18.6,  -20.6,  -19.2,  -15.1,  -10.6,  -8.9,  -10.3,  -12.3,  -14.7,  -16.1,  -17.1,  -16.7,  -15.3,  -12.9,  -11.3,  -10.4,  -9.8,  -9.9,  -10.6,  -12.9,  -12.3,  -13.1,  -15.0,  -16.8,  -17.4,  -16.5,  -14.7,  -15.8,  -20.4,  -22.7,  -21.4,  -17.1,  -12.4,  -10.1,  -11.2,  -14.1,  -16.9,  -18.7,  -19.5,  -19.1,  -18.1,  -16.0,  -14.0,  -12.6,  -11.8,  -11.8,  -12.5,  -13.9,  -13.1,  -14.3,  -16.8,  -19.0,  -19.7,  -18.5,  -16.1,  346.8,  346.6,  346.7,  347.0,  347.4,  347.9,  347.5,  347.2,  351.3,  348.5,  346.2,  345.2,  346.4,  348.5,  350.6,  349.1,  347.3,  346.8,  347.7,  349.4,  347.9,  348.1,  348.1,  348.0,  347.9,  347.7,  347.7,  347.8,  322.8,  323.3,  324.2,  325.1,  325.5,  325.0,  324.0,  323.3,  323.1,  322.2,  321.8,  322.3,  324.2,  326.8,  329.6,  327.2,  324.6,  322.5,  321.8,  322.3,  324.4,  324.9,  325.4,  325.7,  325.5,  325.1,  324.5,  324.3,  -7.6,  23.7,  354.5,  0.021,  0.015,  -0.046,  446.1,  448.4,  456.4,  468.3,  487.0,  514.2,  545.8,  585.1,  630.2,  674.3,  712.6,  744.3,  766.7,  779.8,  786.7,  790.8,  792.1,  479.3,  499.5,  525.4,  552.8,  578.6,  648.9,  678.1,  705.0,  731.8,  752.6,  616.1,  617.0,  617.9,  618.8,  586.4,  603.2,  621.0,  639.3,  655.8,  515.6,  533.1,  555.0,  572.8,  554.5,  532.6,  661.3,  678.7,  700.4,  718.0,  702.8,  681.8,  562.3,  586.6,  609.3,  624.2,  640.5,  663.9,  688.0,  665.4,  643.1,  625.7,  609.7,  587.0,  572.7,  609.7,  624.8,  641.6,  677.8,  640.6,  624.1,  609.0,  327.9,  376.6,  426.2,  474.4,  519.3,  559.2,  590.5,  611.9,  615.1,  606.0,  580.9,  546.6,  505.8,  460.5,  413.0,  364.8,  315.8,  294.6,  275.5,  267.6,  269.3,  275.4,  270.3,  260.7,  257.2,  262.2,  278.6,  314.5,  346.2,  377.7,  410.1,  434.2,  439.8,  444.3,  437.9,  430.7,  329.8,  317.7,  316.9,  327.9,  334.7,  336.3,  322.4,  309.3,  308.6,  318.0,  325.9,  326.8,  501.6,  487.7,  480.0,  483.3,  478.4,  483.1,  492.4,  510.4,  517.1,  519.7,  519.4,  515.7,  501.8,  496.3,  496.6,  493.7,  494.5,  495.1,  497.6,  497.1,  -90.0,  -89.3,  -86.0,  -80.4,  -70.9,  -57.3,  -41.8,  -23.5,  -4.1,  14.6,  32.0,  47.1,  57.8,  63.6,  66.3,  67.5,  68.2,  -67.5,  -58.0,  -46.6,  -35.1,  -24.4,  3.5,  15.2,  26.2,  37.4,  46.3,  -9.4,  -9.0,  -8.5,  -8.0,  -21.2,  -14.4,  -7.4,  -0.3,  6.2,  -51.5,  -43.8,  -34.7,  -27.4,  -34.8,  -43.9,  8.6,  15.7,  24.4,  31.8,  25.4,  16.9,  -32.3,  -21.4,  -12.1,  -6.2,  0.2,  9.5,  19.8,  10.1,  1.2,  -5.6,  -11.9,  -21.2,  -27.7,  -12.0,  -6.0,  0.6,  15.5,  0.3,  -6.2,  -12.2,  -14.9,  7.7,  31.0,  53.6,  73.8,  90.8,  102.3,  107.8,  107.7,  105.0,  97.3,  84.2,  66.5,  45.7,  23.9,  2.1,  -19.8,  -27.5,  -34.9,  -37.6,  -36.5,  -33.6,  -35.4,  -39.7,  -41.5,  -39.8,  -33.4,  -18.0,  -5.4,  6.8,  18.9,  29.4,  31.3,  32.8,  30.5,  27.9,  -12.5,  -17.3,  -17.6,  -13.1,  -10.3,  -9.7,  -15.3,  -20.5,  -20.8,  -17.1,  -13.8,  -13.4,  58.9,  51.1,  47.4,  48.5,  46.5,  49.2,  54.6,  59.8,  61.3,  62.2,  62.5,  62.2,  58.5,  54.1,  54.0,  52.9,  55.0,  52.9,  53.9,  53.9,  406.1,  407.8,  409.8,  409.9,  405.5,  398.9,  388.2,  374.4,  369.5,  373.4,  385.3,  394.8,  398.8,  398.2,  395.2,  391.5,  392.0,  367.5,  361.4,  356.1,  351.6,  347.5,  345.4,  349.4,  352.9,  356.1,  359.4,  346.2,  341.0,  335.4,  330.2,  346.7,  343.1,  340.6,  342.3,  344.9,  362.5,  358.5,  356.9,  356.3,  356.1,  357.8,  355.4,  353.7,  354.1,  357.0,  353.9,  353.4,  363.9,  350.4,  345.4,  344.1,  343.9,  349.6,  360.7,  348.0,  341.6,  341.0,  343.0,  349.5,  360.8,  347.3,  345.7,  345.9,  357.6,  342.9,  342.4,  344.2,  2.423,  0.126,  0.051,  -0.049,  621.605,  418.783,  -22.424,  5.427,  -19.984,  3.494,  -11.397,  8.165,  4.625,  -4.192,  -4.002,  -2.228,  -11.268,  6.302,  -2.271,  -5.073,  3.222,  2.623,  1.666,  0.709,  1.731,  -3.878,  2.627,  -1.387,  -0.031,  -1.755,  -0.916,  2.225,  0.163,  -0.761,  0.184,  -0.250,  0.379,  -0.383,  0.223,  0.010, 0.00, 0.00, 0.00, 0.00, 0.00, 0.01, 0.00, 0.00, 0.01, 0.00, 0.72, 0.17, 0.04, 0.00, 0.00, 0.05, 0.00, 0.00, 0.00, 0.00, 0.00, 0.00, 0.00, 0.00, 0.00, 0.00, 0.00, 1.00, 0.00, 0.00, 0.00, 0.00, 0.00, 0.00, 0.00
8,  0,  0.234,  0.98,  1,  0.109598,  0.113794,  -0.987441,  -0.093723,  0.176102,  -0.979900,  0.008,  0.146,  530.9,  534.5,  544.7,  555.3,  560.2,  557.3,  546.4,  535.8,  517.0,  523.2,  532.7,  545.0,  557.0,  565.3,  570.5,  564.3,  554.5,  543.2,  532.8,  523.5,  541.2,  545.8,  550.2,  551.8,  549.7,  545.1,  540.7,  539.1,  671.2,  674.7,  685.7,  697.7,  703.6,  700.0,  689.0,  676.2,  662.9,  668.8,  677.6,  690.0,  701.8,  709.9,  715.6,  710.3,  703.3,  694.2,  682.8,  671.7,  681.4,  687.7,  693.5,  695.4,  692.3,  686.0,  680.2,  678.3,  323.8,  313.1,  308.2,  312.0,  322.3,  333.7,  337.9,  334.1,  330.1,  323.6,  319.4,  316.9,  318.3,  322.3,  328.1,  332.3,  334.3,  335.5,  335.5,  333.9,  328.1,  329.7,  327.6,  323.0,  318.5,  316.9,  319.0,  323.7,  317.6,  305.1,  299.0,  302.8,  314.4,  326.9,  333.1,  330.1,  322.5,  314.5,  309.6,  307.4,  308.8,  311.7,  317.7,  322.7,  326.2,  328.3,  328.1,  326.4,  323.1,  325.1,  321.9,  315.3,  309.2,  307.2,  310.4,  317.0,  -43.5,  -42.1,  -38.1,  -33.9,  -31.9,  -33.0,  -37.3,  -41.5,  -49.6,  -46.8,  -42.7,  -37.7,  -33.1,  -29.9,  -28.0,  -30.3,  -34.1,  -38.5,  -42.8,  -46.7,  -39.5,  -37.6,  -35.9,  -35.3,  -36.1,  -38.0,  -39.7,  -40.3,  11.5,  12.8,  16.9,  21.4,  23.6,  22.3,  18.1,  13.4,  8.5,  10.6,  13.8,  18.4,  22.9,  26.1,  28.5,  26.3,  23.4,  20.0,  15.7,  11.7,  15.4,  17.7,  19.9,  20.6,  19.4,  17.1,  14.9,  14.2,  -14.4,  -18.7,  -20.7,  -19.2,  -15.1,  -10.5,  -8.8,  -10.3,  -12.1,  -14.6,  -16.2,  -17.1,  -16.6,  -15.1,  -12.8,  -11.1,  -10.3,  -9.7,  -9.8,  -10.4,  -12.8,  -12.1,  -13.0,  -14.8,  -16.6,  -17.2,  -16.4,  -14.5,  -15.6,  -20.3,  -22.6,  -21.2,  -16.9,  -12.3,  -10.0,  -11.0,  -13.8,  -16.8,  -18.5,  -19.4,  -19.0,  -18.0,  -15.9,  -14.0,  -12.5,  -11.7,  -11.7,  -12.4,  -13.7,  -12.9,  -14.1,  -16.6,  -18.9,  -19.6,  -18.4,  -15.9,  348.9,  349.4,  349.7,  349.7,  349.4,  349.2,  348.6,  348.6,  353.0,  350.6,  348.5,  347.8,  348.8,  350.5,  352.2,  350.4,  348.5,  348.0,  348.9,  350.8,  349.7,  349.7,  349.9,  350.1,  350.2,  350.2,  350.1,  349.8,  322.5,  322.9,  323.9,  324.9,  325.2,  324.8,  323.8,  323.0,  322.7,  321.9,  321.5,  322.0,  323.9,  326.6,  329.3,  326.9,  324.3,  322.2,  321.5,  322.0,  324.1,  324.6,  325.2,  325.4,  325.3,  324.8,  324.2,  324.0,  -7.6,  23.9,  354.5,  0.024,  0.014,  -0.047,  446.1,  448.5,  456.4,  468.3,  487.0,  514.4,  546.1,  585.3,  630.3,  674.5,  712.8,  744.5,  766.9,  780.0,  786.7,  790.7,  791.9,  479.2,  499.5,  525.4,  552.6,  578.4,  649.0,  678.4,  705.2,  732.0,  752.6,  616.1,  617.0,  617.9,  618.8,  586.5,  603.3,  621.0,  639.2,  655.7,  515.6,  533.0,  554.9,  572.7,  554.4,  532.6,  661.2,  678.6,  700.2,  717.8,  702.6,  681.7,  562.4,  586.6,  609.2,  624.3,  640.7,  664.1,  687.9,  665.5,  643.4,  625.8,  609.6,  587.0,  572.8,  609.6,  624.9,  641.8,  677.7,  640.9,  624.2,  608.9,  328.0,  376.9,  426.6,  474.9,  519.8,  559.7,  590.9,  612.3,  615.3,  606.1,  580.9,  546.4,  505.6,  460.3,  412.8,  364.5,  315.4,  294.8,  275.8,  268.1,  269.8,  275.8,  270.6,  261.1,  257.6,  262.7,  279.1,  315.1,  346.8,  378.3,  410.7,  434.7,  440.3,  444.8,  438.4,  431.3,  330.2,  318.1,  317.3,  328.3,  335.1,  336.7,  322.8,  309.6,  308.9,  318.3,  326.2,  327.2,  502.3,  488.3,  480.7,  484.0,  479.0,  483.6,  492.9,  510.8,  517.7,  520.3,  519.9,  516.2,  502.4,  497.0,  497.2,  494.3,  495.1,  495.6,  498.2,  497.7,  -89.9,  -89.3,  -86.0,  -80.5,  -70.9,  -57.3,  -41.7,  -23.4,  -4.1,  14.7,  32.1,  47.1,  57.8,  63.7,  66.3,  67.4,  68.0,  -67.5,  -58.0,  -46.6,  -35.1,  -24.5,  3.6,  15.3,  26.3,  37.4,  46.3,  -9.4,  -9.0,  -8.5,  -8.0,  -21.2,  -14.4,  -7.4,  -0.3,  6.2,  -51.5,  -43.8,  -34.7,  -27.4,  -34.8,  -43.9,  8.6,  15.6,  24.3,  31.7,  25.3,  16.8,  -32.3,  -21.4,  -12.2,  -6.2,  0.3,  9.6,  19.7,  10.2,  1.3,  -5.5,  -11.9,  -21.2,  -27.7,  -12.1,  -6.0,  0.7,  15.4,  0.4,  -6.2,  -12.2,  -14.8,  7.9,  31.2,  53.9,  74.1,  91.1,  102.5,  108.0,  107.8,  105.1,  97.3,  84.1,  66.4,  45.6,  23.8,  2.0,  -20.0,  -27.4,  -34.7,  -37.4,  -36.2,  -33.4,  -35.3,  -39.5,  -41.3,  -39.6,  -33.2,  -17.7,  -5.2,  7.0,  19.1,  29.6,  31.5,  33.0,  30.7,  28.1,  -12.3,  -17.2,  -17.4,  -12.9,  -10.1,  -9.5,  -15.1,  -20.4,  -20.7,  -17.0,  -13.7,  -13.3,  59.2,  51.4,  47.6,  48.8,  46.8,  49.4,  54.8,  60.0,  61.6,  62.5,  62.7,  62.4,  58.7,  54.4,  54.3,  53.1,  55.2,  53.2,  54.1,  54.2,  405.9,  407.8,  409.9,  410.1,  405.7,  399.0,  388.2,  374.5,  369.5,  373.5,  385.5,  394.9,  398.8,  398.2,  395.1,  391.3,  391.6,  367.3,  361.2,  355.9,  351.5,  347.4,  345.2,  349.3,  352.8,  356.0,  359.4,  346.2,  341.0,  335.4,  330.3,  346.8,  343.2,  340.7,  342.4,  345.0,  362.2,  358.3,  356.7,  356.1,  356.0,  357.7,  355.3,  353.5,  353.9,  356.9,  353.8,  353.2,  363.9,  350.5,  345.5,  344.3,  344.0,  349.8,  360.7,  348.2,  341.9,  341.2,  343.2,  349.7,  360.8,  347.5,  345.9,  346.1,  357.7,  343.1,  342.6,  344.4,  2.423,  0.129,  0.051,  -0.050,  621.632,  419.179,  -22.859,  5.821,  -20.278,  3.364,  -11.298,  8.259,  4.593,  -4.426,  -3.818,  -2.168,  -11.149,  6.086,  -2.029,  -5.011,  3.398,  2.896,  1.527,  0.431,  1.678,  -4.124,  2.533,  -1.292,  -0.252,  -1.722,  -0.827,  2.191,  0.272,  -0.827,  0.216,  -0.262,  0.416,  -0.346,  0.254,  0.010, 0.00, 0.00, 0.00, 0.00, 0.00, 0.02, 0.00, 0.00, 0.01, 0.00, 0.73, 0.14, 0.08, 0.00, 0.00, 0.12, 0.00, 0.00, 0.00, 0.00, 0.00, 0.00, 0.00, 0.00, 0.00, 0.00, 0.00, 1.00, 0.00, 0.00, 0.00, 0.00, 0.00, 0.00, 0.00
9,  0,  0.267,  0.98,  1,  0.112743,  0.119015,  -0.986471,  -0.090572,  0.178874,  -0.979694,  0.011,  0.150,  530.8,  534.5,  544.6,  555.2,  560.0,  557.0,  546.2,  535.6,  516.6,  522.5,  532.2,  544.7,  556.8,  565.0,  570.1,  564.0,  554.5,  543.4,  532.8,  523.3,  541.1,  545.6,  550.0,  551.6,  549.5,  544.9,  540.6,  539.0,  671.0,  674.8,  685.8,  697.7,  703.4,  699.7,  688.7,  675.9,  662.6,  668.6,  677.4,  690.0,  701.7,  709.9,  715.5,  710.0,  702.9,  693.8,  682.4,  671.4,  681.3,  687.4,  693.1,  695.1,  692.1,  686.0,  680.3,  678.3,  324.4,  313.7,  308.8,  312.5,  322.7,  334.1,  338.4,  334.7,  330.0,  323.9,  320.1,  317.5,  318.6,  322.4,  328.5,  332.4,  334.7,  336.1,  335.9,  334.0,  328.2,  329.8,  327.7,  323.1,  318.7,  317.0,  319.2,  323.8,  318.2,  305.6,  299.4,  303.3,  314.9,  327.5,  333.6,  330.7,  323.0,  314.8,  309.9,  307.7,  309.2,  312.0,  317.9,  323.0,  326.7,  329.1,  328.8,  326.9,  323.3,  325.3,  322.2,  315.7,  309.7,  307.7,  310.9,  317.3,  -43.3,  -41.8,  -37.8,  -33.6,  -31.8,  -33.0,  -37.3,  -41.4,  -49.6,  -46.8,  -42.6,  -37.6,  -33.0,  -29.9,  -28.0,  -30.4,  -34.0,  -38.3,  -42.6,  -46.6,  -39.4,  -37.6,  -35.8,  -35.2,  -36.0,  -37.8,  -39.5,  -40.2,  11.4,  12.8,  16.9,  21.4,  23.6,  22.2,  18.0,  13.2,  8.3,  10.5,  13.7,  18.3,  22.8,  26.0,  28.4,  26.1,  23.3,  19.8,  15.6,  11.5,  15.3,  17.6,  19.7,  20.5,  19.3,  17.0,  14.9,  14.2,  -14.1,  -18.3,  -20.3,  -18.8,  -14.8,  -10.3,  -8.6,  -10.1,  -12.0,  -14.4,  -15.8,  -16.8,  -16.4,  -15.0,  -12.6,  -11.0,  -10.1,  -9.5,  -9.6,  -10.4,  -12.6,  -12.0,  -12.9,  -14.7,  -16.4,  -17.1,  -16.2,  -14.4,  -15.4,  -20.0,  -22.4,  -21.0,  -16.7,  -12.1,  -9.8,  -10.8,  -13.6,  -16.6,  -18.4,  -19.2,  -18.8,  -17.9,  -15.8,  -13.8,  -12.3,  -11.4,  -11.4,  -12.2,  -13.6,  -12.9,  -14.0,  -16.5,  -18.7,  -19.4,  -18.2,  -15.8,  346.9,  346.6,  346.7,  347.1,  347.6,  348.2,  347.8,  347.4,  351.4,  348.6,  346.3,  345.4,  346.6,  348.7,  351.0,  349.5,  347.7,  347.1,  347.9,  349.6,  348.1,  348.3,  348.3,  348.2,  348.0,  347.8,  347.8,  347.9,  322.1,  322.2,  323.1,  324.2,  324.9,  324.7,  323.9,  323.0,  322.4,  321.3,  320.8,  321.3,  323.3,  326.0,  328.9,  326.6,  324.1,  322.0,  321.3,  321.8,  323.9,  324.5,  325.0,  325.0,  324.7,  324.2,  323.7,  323.6,  -7.6,  24.0,  353.9,  0.023,  0.015,  -0.047,  446.0,  448.4,  456.4,  468.4,  487.1,  514.4,  546.1,  585.4,  630.5,  674.6,  712.8,  744.4,  766.8,  779.9,  786.6,  790.7,  791.9,  478.9,  499.1,  525.0,  552.4,  578.3,  648.5,  678.0,  705.1,  732.1,  752.8,  615.8,  616.7,  617.6,  618.5,  586.1,  603.0,  620.8,  639.0,  655.6,  515.3,  532.7,  554.7,  572.5,  554.2,  532.3,  660.8,  678.3,  700.0,  717.7,  702.4,  681.4,  562.3,  586.4,  609.0,  624.1,  640.5,  663.8,  687.8,  665.3,  643.2,  625.7,  609.6,  586.9,  572.7,  609.5,  624.7,  641.6,  677.6,  640.7,  624.0,  608.9,  328.2,  377.1,  427.0,  475.4,  520.3,  560.2,  591.6,  612.9,  615.9,  606.7,  581.6,  547.1,  506.3,  460.8,  413.2,  364.8,  315.6,  295.4,  276.2,  268.3,  270.0,  276.1,  270.9,  261.3,  257.9,  263.2,  280.0,  315.4,  347.1,  378.7,  411.2,  435.2,  440.8,  445.3,  438.9,  431.7,  330.5,  318.4,  317.6,  328.7,  335.5,  337.1,  323.2,  310.0,  309.3,  318.7,  326.6,  327.6,  502.7,  488.8,  481.1,  484.4,  479.5,  484.1,  493.3,  511.3,  518.1,  520.8,  520.4,  516.7,  502.8,  497.4,  497.6,  494.7,  495.4,  496.0,  498.6,  498.1,  -89.9,  -89.2,  -85.9,  -80.4,  -70.8,  -57.2,  -41.6,  -23.3,  -4.0,  14.7,  32.0,  47.1,  57.7,  63.6,  66.2,  67.3,  68.0,  -67.6,  -58.1,  -46.7,  -35.1,  -24.4,  3.3,  15.2,  26.2,  37.4,  46.3,  -9.5,  -9.1,  -8.6,  -8.1,  -21.3,  -14.5,  -7.5,  -0.4,  6.1,  -51.6,  -43.9,  -34.7,  -27.4,  -34.9,  -44.0,  8.4,  15.5,  24.2,  31.6,  25.2,  16.7,  -32.3,  -21.4,  -12.2,  -6.2,  0.2,  9.5,  19.7,  10.1,  1.2,  -5.6,  -11.9,  -21.2,  -27.7,  -12.1,  -6.0,  0.6,  15.3,  0.3,  -6.2,  -12.2,  -14.8,  8.0,  31.3,  54.0,  74.3,  91.2,  102.7,  108.1,  108.0,  105.2,  97.5,  84.3,  66.6,  45.8,  24.0,  2.2,  -19.8,  -27.1,  -34.5,  -37.2,  -36.1,  -33.3,  -35.1,  -39.3,  -41.1,  -39.3,  -32.9,  -17.6,  -5.0,  7.2,  19.3,  29.7,  31.6,  33.1,  30.8,  28.2,  -12.2,  -17.0,  -17.2,  -12.7,  -10.0,  -9.3,  -14.9,  -20.2,  -20.5,  -16.8,  -13.5,  -13.1,  59.3,  51.5,  47.7,  48.8,  46.9,  49.5,  54.9,  60.1,  61.6,  62.5,  62.8,  62.5,  58.8,  54.4,  54.3,  53.2,  55.3,  53.2,  54.2,  54.2,  405.7,  407.4,  409.5,  409.6,  405.2,  398.7,  387.9,  374.1,  369.1,  373.1,  385.0,  394.5,  398.4,  397.8,  394.8,  391.0,  391.4,  367.0,  360.7,  355.4,  350.8,  346.6,  344.4,  348.5,  352.1,  355.5,  359.1,  345.5,  340.3,  334.6,  329.4,  346.1,  342.4,  340.0,  341.6,  344.3,  361.8,  357.8,  356.2,  355.6,  355.5,  357.2,  354.7,  352.9,  353.4,  356.3,  353.2,  352.7,  363.3,  349.8,  344.8,  343.5,  343.2,  349.0,  360.1,  347.5,  341.1,  340.4,  342.5,  349.0,  360.2,  346.7,  345.2,  345.3,  357.0,  342.4,  341.8,  343.6,  2.426,  0.129,  0.052,  -0.051,  621.478,  419.611,  -21.541,  5.839,  -19.854,  3.987,  -11.256,  8.275,  4.670,  -4.452,  -4.033,  -2.345,  -11.328,  5.982,  -2.132,  -4.998,  3.462,  2.950,  1.625,  0.419,  1.725,  -4.024,  2.582,  -1.224,  -0.273,  -1.749,  -0.966,  2.158,  0.230,  -0.825,  0.146,  -0.240,  0.348,  -0.410,  0.207,  0.023, 0.00, 0.00, 0.00, 0.00, 0.00, 0.02, 0.00, 0.00, 0.01, 0.00, 0.81, 0.15, 0.08, 0.00, 0.00, 0.20, 0.00, 0.00, 0.00, 0.00, 0.00, 0.00, 0.00, 0.00, 0.00, 0.00, 0.00, 1.00, 0.00, 0.00, 0.00, 0.00, 0.00, 0.00, 0.00
10,  0,  0.300,  0.98,  1,  0.108379,  0.124616,  -0.986268,  -0.082401,  0.170499,  -0.981906,  0.013,  0.149,  530.3,  534.0,  544.2,  554.8,  559.7,  556.7,  545.8,  535.2,  516.4,  522.0,  531.7,  544.4,  556.7,  564.9,  569.9,  563.6,  554.0,  542.9,  532.4,  523.0,  540.6,  545.2,  549.7,  551.3,  549.2,  544.5,  540.1,  538.5,  671.4,  675.0,  685.8,  697.5,  703.3,  699.7,  688.9,  676.3,  662.6,  668.4,  677.1,  689.5,  701.4,  709.7,  715.4,  709.9,  702.8,  693.8,  682.4,  671.3,  681.7,  687.7,  693.1,  695.0,  692.0,  686.1,  680.6,  678.8,  325.1,  314.5,  309.6,  313.2,  323.3,  334.4,  338.8,  335.2,  330.0,  324.1,  320.6,  318.1,  319.0,  322.7,  328.9,  332.9,  335.5,  337.0,  336.6,  334.3,  328.6,  330.2,  328.1,  323.4,  319.1,  317.5,  319.6,  324.2,  318.2,  305.8,  299.7,  303.5,  314.9,  327.3,  333.4,  330.5,  322.8,  314.9,  310.1,  308.0,  309.4,  312.2,  318.1,  323.4,  327.2,  329.5,  329.2,  327.1,  323.2,  325.1,  322.1,  315.8,  310.0,  308.0,  311.1,  317.4,  -43.2,  -41.6,  -37.6,  -33.5,  -31.6,  -32.9,  -37.2,  -41.4,  -49.3,  -46.7,  -42.5,  -37.4,  -32.7,  -29.7,  -27.9,  -30.3,  -33.9,  -38.3,  -42.6,  -46.5,  -39.3,  -37.5,  -35.7,  -35.0,  -35.8,  -37.6,  -39.4,  -40.0,  11.7,  13.0,  17.1,  21.5,  23.7,  22.4,  18.3,  13.5,  8.4,  10.5,  13.7,  18.4,  22.9,  26.2,  28.6,  26.3,  23.5,  20.0,  15.7,  11.6,  15.6,  17.8,  19.9,  20.6,  19.5,  17.2,  15.2,  14.5,  -13.7,  -17.9,  -19.8,  -18.4,  -14.5,  -10.1,  -8.4,  -9.8,  -11.9,  -14.2,  -15.5,  -16.4,  -16.1,  -14.7,  -12.4,  -10.7,  -9.7,  -9.1,  -9.3,  -10.2,  -12.4,  -11.8,  -12.6,  -14.4,  -16.1,  -16.8,  -15.9,  -14.1,  -15.6,  -20.2,  -22.5,  -21.1,  -16.9,  -12.3,  -9.9,  -11.0,  -13.8,  -16.7,  -18.5,  -19.3,  -18.9,  -18.0,  -15.9,  -13.8,  -12.3,  -11.3,  -11.4,  -12.2,  -13.8,  -13.1,  -14.2,  -16.6,  -18.8,  -19.4,  -18.3,  -15.9,  344.4,  343.5,  343.3,  343.9,  344.8,  346.0,  345.8,  345.3,  349.1,  346.0,  343.4,  342.3,  343.6,  345.9,  348.4,  347.1,  345.5,  345.1,  345.9,  347.5,  345.7,  345.9,  345.8,  345.5,  345.1,  344.8,  344.9,  345.3,  325.3,  325.6,  326.4,  327.4,  328.0,  327.8,  326.9,  326.1,  325.6,  324.6,  324.0,  324.4,  326.4,  329.0,  331.9,  329.5,  327.0,  325.0,  324.3,  324.9,  327.1,  327.6,  328.0,  328.2,  327.9,  327.4,  327.0,  326.8,  -7.8,  24.2,  354.7,  0.024,  0.016,  -0.047,  445.7,  448.2,  456.3,  468.2,  486.9,  514.1,  545.6,  584.9,  630.0,  674.0,  712.4,  744.0,  766.5,  779.6,  786.3,  790.5,  791.8,  478.6,  499.0,  524.9,  552.0,  577.7,  648.6,  677.9,  704.7,  731.6,  752.5,  615.5,  616.4,  617.3,  618.3,  586.1,  602.8,  620.5,  638.7,  655.2,  515.0,  532.4,  554.4,  572.2,  553.9,  531.9,  660.7,  678.1,  699.8,  717.6,  702.3,  681.3,  561.9,  586.2,  608.8,  623.8,  640.1,  663.5,  687.6,  665.1,  642.7,  625.3,  609.2,  586.6,  572.3,  609.2,  624.4,  641.1,  677.5,  640.2,  623.6,  608.5,  328.8,  377.7,  427.4,  475.6,  520.4,  560.2,  591.5,  612.9,  616.2,  607.2,  582.4,  548.0,  507.2,  461.6,  413.9,  365.2,  315.8,  295.5,  276.7,  269.1,  270.8,  276.7,  271.4,  261.8,  258.3,  263.2,  279.5,  315.7,  347.5,  379.2,  411.7,  435.7,  441.3,  445.8,  439.3,  432.2,  331.0,  318.9,  318.0,  329.1,  336.0,  337.7,  323.5,  310.2,  309.4,  319.0,  327.0,  328.0,  503.0,  489.1,  481.5,  484.8,  479.9,  484.5,  493.6,  511.9,  518.7,  521.3,  520.9,  517.1,  503.2,  497.8,  498.1,  495.2,  495.9,  496.5,  499.1,  498.5,  -90.1,  -89.4,  -86.0,  -80.5,  -71.0,  -57.4,  -41.9,  -23.6,  -4.2,  14.5,  31.9,  46.9,  57.6,  63.5,  66.0,  67.2,  67.9,  -67.8,  -58.2,  -46.8,  -35.3,  -24.7,  3.4,  15.1,  26.1,  37.2,  46.1,  -9.7,  -9.2,  -8.7,  -8.2,  -21.4,  -14.6,  -7.6,  -0.5,  6.0,  -51.8,  -44.1,  -34.9,  -27.6,  -35.1,  -44.2,  8.4,  15.4,  24.2,  31.6,  25.2,  16.7,  -32.5,  -21.6,  -12.3,  -6.4,  0.0,  9.4,  19.6,  10.0,  1.1,  -5.7,  -12.1,  -21.4,  -27.9,  -12.2,  -6.2,  0.5,  15.3,  0.1,  -6.4,  -12.4,  -14.5,  8.2,  31.5,  54.2,  74.3,  91.3,  102.8,  108.3,  108.2,  105.5,  98.0,  84.8,  67.1,  46.2,  24.3,  2.3,  -19.8,  -27.1,  -34.4,  -37.0,  -35.9,  -33.1,  -34.9,  -39.2,  -41.0,  -39.4,  -33.0,  -17.5,  -4.9,  7.4,  19.5,  30.0,  31.9,  33.4,  31.1,  28.5,  -12.0,  -16.9,  -17.1,  -12.6,  -9.8,  -9.1,  -14.8,  -20.1,  -20.4,  -16.7,  -13.4,  -12.9,  59.5,  51.8,  48.0,  49.1,  47.2,  49.8,  55.1,  60.4,  62.0,  62.9,  63.1,  62.8,  59.1,  54.8,  54.6,  53.5,  55.5,  53.6,  54.5,  54.5,  406.0,  407.7,  409.8,  410.0,  405.6,  399.1,  388.4,  374.6,  369.6,  373.5,  385.4,  394.8,  398.7,  398.0,  394.9,  391.0,  391.3,  367.4,  361.3,  356.0,  351.6,  347.4,  345.1,  349.2,  352.6,  355.7,  359.1,  346.2,  341.2,  335.6,  330.6,  347.0,  343.4,  341.0,  342.6,  345.2,  362.5,  358.6,  356.9,  356.3,  356.2,  357.9,  355.3,  353.5,  353.9,  356.8,  353.7,  353.2,  364.3,  350.9,  345.8,  344.5,  344.2,  349.9,  360.8,  348.2,  341.9,  341.3,  343.4,  350.0,  361.2,  347.8,  346.2,  346.3,  357.8,  343.2,  342.7,  344.6,  2.422,  0.130,  0.054,  -0.050,  621.184,  420.022,  -23.793,  5.079,  -20.304,  3.181,  -11.099,  8.558,  4.416,  -4.202,  -3.803,  -2.545,  -11.332,  6.050,  -2.452,  -5.029,  3.305,  2.964,  1.966,  0.647,  1.629,  -3.993,  2.513,  -1.258,  -0.198,  -1.586,  -1.036,  2.213,  0.164,  -0.891,  0.232,  -0.183,  0.295,  -0.493,  0.191,  0.032, 0.00, 0.00, 0.00, 0.01, 0.00, 0.02, 0.00, 0.00, 0.01, 0.00, 0.87, 0.11, 0.04, 0.00, 0.00, 0.26, 0.00, 0.00, 0.00, 0.00, 0.00, 0.00, 0.00, 0.00, 0.00, 0.00, 0.00, 1.00, 0.00, 0.00, 0.00, 0.00, 0.00, 0.00, 0.00
11,  0,  0.334,  0.98,  1,  0.109540,  0.119700,  -0.986749,  -0.087218,  0.178058,  -0.980147,  0.011,  0.150,  530.1,  533.8,  543.9,  554.6,  559.4,  556.4,  545.6,  535.0,  516.0,  521.8,  531.5,  544.1,  556.3,  564.5,  569.7,  563.5,  553.9,  542.7,  532.1,  522.6,  540.4,  545.0,  549.4,  551.0,  548.9,  544.3,  539.9,  538.3,  670.7,  674.3,  685.3,  697.3,  703.1,  699.5,  688.5,  675.7,  662.1,  668.0,  676.8,  689.4,  701.3,  709.5,  715.2,  709.6,  702.5,  693.5,  682.1,  671.0,  681.1,  687.2,  692.9,  694.8,  691.7,  685.6,  679.9,  678.0,  325.3,  314.6,  309.6,  313.3,  323.5,  334.9,  339.2,  335.5,  330.8,  324.6,  320.8,  318.2,  319.3,  323.2,  329.3,  333.2,  335.5,  336.9,  336.7,  334.8,  329.0,  330.6,  328.5,  323.9,  319.4,  317.8,  320.0,  324.6,  319.1,  306.4,  300.1,  303.9,  315.5,  328.1,  334.5,  331.6,  323.5,  315.2,  310.4,  308.3,  309.8,  312.6,  318.5,  324.0,  327.9,  330.5,  330.1,  327.8,  324.1,  326.1,  322.9,  316.4,  310.4,  308.4,  311.6,  318.2,  -43.5,  -41.9,  -37.9,  -33.8,  -31.9,  -33.2,  -37.4,  -41.6,  -49.7,  -47.0,  -42.8,  -37.7,  -33.1,  -30.0,  -28.1,  -30.5,  -34.1,  -38.5,  -42.8,  -46.8,  -39.5,  -37.7,  -36.0,  -35.3,  -36.1,  -37.9,  -39.7,  -40.3,  11.3,  12.6,  16.7,  21.2,  23.4,  22.0,  17.9,  13.1,  8.1,  10.3,  13.5,  18.1,  22.6,  25.8,  28.2,  25.9,  23.1,  19.6,  15.4,  11.4,  15.2,  17.5,  19.6,  20.3,  19.1,  16.8,  14.7,  14.0,  -13.7,  -17.9,  -19.9,  -18.5,  -14.4,  -10.0,  -8.3,  -9.7,  -11.7,  -14.1,  -15.5,  -16.5,  -16.1,  -14.6,  -12.3,  -10.7,  -9.7,  -9.2,  -9.3,  -10.0,  -12.3,  -11.7,  -12.5,  -14.3,  -16.1,  -16.7,  -15.9,  -14.0,  -15.0,  -19.7,  -22.0,  -20.7,  -16.5,  -11.8,  -9.4,  -10.5,  -13.4,  -16.4,  -18.1,  -18.9,  -18.5,  -17.6,  -15.5,  -13.4,  -11.8,  -10.8,  -11.0,  -11.8,  -13.2,  -12.5,  -13.7,  -16.2,  -18.4,  -19.1,  -17.8,  -15.4,  346.0,  345.6,  345.6,  346.0,  346.6,  347.3,  346.9,  346.5,  350.6,  347.8,  345.4,  344.4,  345.7,  347.8,  350.0,  348.5,  346.8,  346.3,  347.1,  348.8,  347.2,  347.4,  347.4,  347.2,  347.0,  346.8,  346.8,  346.9,  321.2,  321.3,  322.1,  323.2,  323.9,  323.9,  323.0,  322.2,  321.4,  320.3,  319.8,  320.2,  322.2,  324.8,  327.7,  325.5,  323.0,  321.0,  320.2,  320.8,  323.1,  323.6,  324.0,  324.1,  323.8,  323.2,  322.8,  322.7,  -7.9,  24.4,  354.2,  0.024,  0.017,  -0.047,  445.6,  448.0,  456.1,  468.2,  486.9,  514.2,  545.8,  585.0,  629.7,  673.4,  711.5,  743.1,  765.8,  779.3,  786.2,  790.4,  791.6,  478.2,  498.5,  524.5,  551.8,  577.5,  647.7,  677.0,  704.0,  731.0,  752.2,  615.0,  615.9,  616.8,  617.8,  585.5,  602.3,  620.1,  638.4,  654.9,  514.6,  532.1,  554.2,  572.1,  553.7,  531.6,  660.3,  677.8,  699.6,  717.4,  702.1,  681.0,  561.7,  585.9,  608.6,  623.6,  639.8,  663.3,  687.5,  664.9,  642.6,  625.2,  609.1,  586.5,  572.2,  609.0,  624.1,  640.9,  677.3,  640.0,  623.4,  608.3,  328.7,  377.8,  427.7,  476.1,  521.1,  561.0,  592.4,  613.8,  617.1,  608.3,  583.7,  549.5,  508.6,  462.7,  414.4,  365.2,  315.3,  296.1,  277.0,  269.4,  271.1,  277.1,  272.0,  262.3,  258.8,  263.7,  280.2,  316.2,  348.0,  379.7,  412.3,  436.2,  441.8,  446.3,  439.8,  432.7,  331.3,  319.1,  318.3,  329.5,  336.4,  338.0,  324.1,  310.6,  309.9,  319.4,  327.5,  328.5,  503.4,  489.6,  482.0,  485.3,  480.4,  485.0,  494.1,  512.4,  519.2,  521.8,  521.4,  517.6,  503.7,  498.2,  498.5,  495.6,  496.3,  497.1,  499.6,  499.0,  -90.1,  -89.4,  -86.0,  -80.4,  -70.9,  -57.3,  -41.8,  -23.6,  -4.4,  14.2,  31.5,  46.5,  57.3,  63.3,  66.0,  67.1,  67.7,  -67.9,  -58.4,  -46.9,  -35.4,  -24.8,  3.0,  14.8,  25.7,  36.9,  45.9,  -9.9,  -9.4,  -8.9,  -8.4,  -21.6,  -14.8,  -7.7,  -0.6,  5.9,  -51.9,  -44.2,  -35.0,  -27.6,  -35.1,  -44.3,  8.2,  15.2,  24.0,  31.5,  25.1,  16.5,  -32.6,  -21.6,  -12.4,  -6.5,  -0.1,  9.3,  19.5,  9.9,  1.0,  -5.8,  -12.1,  -21.4,  -28.0,  -12.3,  -6.3,  0.3,  15.2,  -0.0,  -6.5,  -12.5,  -14.5,  8.3,  31.7,  54.4,  74.6,  91.6,  103.1,  108.6,  108.6,  106.0,  98.5,  85.5,  67.7,  46.7,  24.6,  2.3,  -20.0,  -26.8,  -34.2,  -36.8,  -35.7,  -32.9,  -34.7,  -38.9,  -40.7,  -39.1,  -32.7,  -17.3,  -4.7,  7.6,  19.7,  30.2,  32.1,  33.6,  31.2,  28.6,  -11.9,  -16.7,  -17.0,  -12.4,  -9.6,  -9.0,  -14.6,  -19.9,  -20.2,  -16.5,  -13.1,  -12.7,  59.7,  51.9,  48.1,  49.2,  47.3,  49.9,  55.2,  60.6,  62.1,  63.0,  63.2,  63.0,  59.2,  54.8,  54.7,  53.6,  55.7,  53.7,  54.6,  54.7,  405.6,  407.3,  409.3,  409.5,  405.1,  398.7,  388.1,  374.4,  369.5,  373.4,  385.3,  394.7,  398.7,  398.0,  394.8,  390.8,  390.9,  367.2,  360.9,  355.7,  351.2,  347.0,  344.6,  348.5,  351.9,  355.0,  358.3,  345.8,  340.6,  335.0,  329.9,  346.4,  342.8,  340.3,  342.0,  344.6,  362.2,  358.2,  356.5,  355.9,  355.8,  357.6,  354.6,  352.9,  353.3,  356.2,  353.1,  352.6,  363.9,  350.4,  345.3,  344.1,  343.7,  349.4,  360.3,  347.7,  341.4,  340.8,  342.9,  349.5,  360.8,  347.2,  345.6,  345.7,  357.3,  342.8,  342.3,  344.1,  2.425,  0.131,  0.054,  -0.050,  620.879,  420.552,  -23.185,  4.376,  -19.902,  3.888,  -11.414,  8.954,  4.919,  -4.201,  -4.115,  -3.376,  -11.499,  5.892,  -2.339,  -5.081,  2.856,  2.729,  1.963,  0.418,  1.701,  -3.838,  2.426,  -1.334,  -0.423,  -1.687,  -0.987,  2.141,  0.062,  -0.785,  0.195,  -0.240,  0.381,  -0.448,  0.212,  0.040, 0.00, 0.00, 0.00, 0.01, 0.00, 0.06, 0.00, 0.00, 0.00, 0.00, 0.96, 0.09, 0.01, 0.00, 0.00, 0.22, 0.00, 0.00, 0.00, 0.00, 0.00, 0.00, 0.00, 0.00, 0.00, 0.00, 0.00, 1.00, 0.00, 0.00, 0.00, 0.00, 0.00, 0.00, 0.00
12,  0,  0.367,  0.98,  1,  0.111689,  0.125784,  -0.985750,  -0.071558,  0.171736,  -0.982541,  0.020,  0.150,  529.9,  533.7,  543.9,  554.5,  559.4,  556.3,  545.4,  534.7,  515.7,  521.3,  531.0,  543.9,  556.3,  564.6,  569.7,  563.3,  553.8,  542.6,  531.9,  522.5,  540.2,  544.9,  549.3,  550.9,  548.8,  544.2,  539.8,  538.1,  671.3,  674.8,  685.7,  697.4,  703.2,  699.6,  688.8,  676.2,  662.1,  667.9,  676.6,  689.1,  701.1,  709.4,  715.1,  709.5,  702.4,  693.3,  682.0,  670.9,  681.5,  687.5,  693.0,  694.8,  691.9,  685.9,  680.4,  678.6,  325.8,  315.1,  310.2,  313.9,  324.0,  335.1,  339.5,  335.9,  330.9,  324.9,  321.2,  318.5,  319.4,  323.3,  329.7,  333.5,  336.0,  337.4,  337.1,  335.0,  329.2,  330.8,  328.7,  324.1,  319.7,  318.1,  320.2,  324.8,  319.0,  306.5,  300.3,  304.1,  315.6,  328.1,  334.3,  331.4,  323.8,  315.5,  310.5,  308.3,  309.9,  312.8,  318.8,  324.2,  328.0,  330.4,  330.1,  328.0,  324.0,  325.9,  322.8,  316.5,  310.6,  308.7,  311.8,  318.1,  -43.0,  -41.5,  -37.5,  -33.4,  -31.6,  -32.9,  -37.2,  -41.3,  -49.3,  -46.6,  -42.5,  -37.4,  -32.6,  -29.6,  -27.8,  -30.2,  -33.8,  -38.2,  -42.4,  -46.4,  -39.2,  -37.4,  -35.6,  -34.9,  -35.7,  -37.5,  -39.2,  -39.9,  11.5,  12.9,  16.9,  21.3,  23.5,  22.2,  18.1,  13.4,  8.2,  10.3,  13.4,  18.1,  22.6,  25.9,  28.3,  26.0,  23.1,  19.7,  15.4,  11.4,  15.4,  17.7,  19.7,  20.4,  19.3,  17.1,  15.0,  14.3,  -13.4,  -17.5,  -19.4,  -18.0,  -14.1,  -9.8,  -8.0,  -9.5,  -11.5,  -13.8,  -15.1,  -16.1,  -15.8,  -14.4,  -12.0,  -10.5,  -9.4,  -8.8,  -9.0,  -9.9,  -12.1,  -11.5,  -12.3,  -14.1,  -15.8,  -16.4,  -15.6,  -13.8,  -15.1,  -19.8,  -22.1,  -20.8,  -16.5,  -11.9,  -9.5,  -10.6,  -13.4,  -16.4,  -18.2,  -19.0,  -18.6,  -17.6,  -15.5,  -13.4,  -11.9,  -10.9,  -11.0,  -11.8,  -13.4,  -12.7,  -13.8,  -16.2,  -18.4,  -19.1,  -17.9,  -15.5,  342.0,  341.2,  340.9,  341.5,  342.5,  343.8,  343.6,  343.1,  346.9,  343.8,  341.1,  340.0,  341.2,  343.5,  346.2,  344.8,  343.2,  342.8,  343.6,  345.3,  343.4,  343.7,  343.6,  343.2,  342.7,  342.5,  342.6,  343.0,  323.0,  323.2,  324.0,  325.1,  325.8,  325.7,  324.8,  323.9,  323.2,  322.1,  321.6,  322.0,  324.0,  326.7,  329.6,  327.2,  324.7,  322.7,  321.9,  322.6,  324.8,  325.4,  325.9,  326.0,  325.6,  325.1,  324.6,  324.5,  -8.0,  24.5,  354.3,  0.025,  0.017,  -0.047,  445.4,  447.9,  456.1,  468.1,  486.8,  514.0,  545.5,  584.6,  629.2,  672.8,  710.9,  742.6,  765.5,  779.0,  786.1,  790.3,  791.6,  477.9,  498.1,  524.2,  551.5,  577.3,  647.4,  676.7,  703.7,  730.8,  752.0,  614.7,  615.6,  616.5,  617.4,  585.2,  602.0,  619.8,  638.1,  654.7,  514.4,  531.9,  554.0,  571.9,  553.5,  531.4,  660.1,  677.6,  699.4,  717.2,  702.0,  680.8,  561.7,  585.8,  608.3,  623.3,  639.8,  663.1,  687.2,  664.7,  642.6,  625.0,  608.9,  586.3,  572.1,  608.7,  623.9,  640.8,  677.0,  639.9,  623.3,  608.0,  328.9,  378.0,  427.8,  476.3,  521.1,  561.0,  592.4,  613.9,  617.3,  608.7,  584.3,  550.2,  509.2,  463.2,  414.7,  365.3,  315.0,  296.7,  277.4,  269.8,  271.5,  277.5,  272.3,  262.6,  259.0,  263.9,  280.4,  316.4,  348.4,  380.2,  412.9,  436.6,  442.3,  446.8,  440.3,  433.1,  331.6,  319.3,  318.6,  329.8,  336.7,  338.4,  324.3,  310.8,  310.0,  319.6,  327.7,  328.8,  503.7,  490.0,  482.5,  485.8,  480.9,  485.4,  494.4,  512.6,  519.4,  522.0,  521.6,  517.8,  503.9,  498.5,  498.9,  495.9,  496.6,  497.5,  500.0,  499.4,  -90.1,  -89.4,  -86.0,  -80.4,  -70.9,  -57.4,  -41.9,  -23.7,  -4.6,  14.0,  31.2,  46.3,  57.2,  63.3,  65.9,  67.2,  67.8,  -68.0,  -58.5,  -47.1,  -35.5,  -24.9,  2.9,  14.6,  25.6,  36.8,  45.8,  -10.0,  -9.5,  -9.0,  -8.5,  -21.7,  -14.9,  -7.9,  -0.8,  5.8,  -52.0,  -44.3,  -35.0,  -27.7,  -35.2,  -44.4,  8.2,  15.2,  24.0,  31.4,  25.0,  16.5,  -32.6,  -21.7,  -12.5,  -6.5,  -0.1,  9.2,  19.4,  9.8,  1.0,  -5.9,  -12.2,  -21.4,  -28.0,  -12.4,  -6.4,  0.3,  15.1,  -0.0,  -6.6,  -12.6,  -14.4,  8.4,  31.7,  54.4,  74.6,  91.6,  103.1,  108.7,  108.7,  106.2,  98.8,  85.8,  68.0,  47.0,  24.7,  2.4,  -20.1,  -26.6,  -34.1,  -36.7,  -35.5,  -32.7,  -34.5,  -38.8,  -40.6,  -39.0,  -32.6,  -17.2,  -4.5,  7.7,  19.9,  30.3,  32.2,  33.8,  31.4,  28.8,  -11.8,  -16.7,  -16.9,  -12.3,  -9.5,  -8.8,  -14.5,  -19.8,  -20.2,  -16.4,  -13.0,  -12.6,  59.8,  52.1,  48.4,  49.5,  47.5,  50.1,  55.3,  60.6,  62.2,  63.1,  63.3,  63.0,  59.3,  55.0,  54.9,  53.7,  55.8,  53.9,  54.8,  54.8,  405.4,  407.0,  409.0,  409.3,  405.0,  398.7,  388.2,  374.6,  369.6,  373.5,  385.4,  394.8,  398.8,  398.2,  395.0,  391.0,  391.1,  367.3,  361.0,  355.7,  351.2,  347.0,  344.6,  348.4,  351.8,  354.8,  358.1,  345.8,  340.7,  335.1,  330.0,  346.5,  342.8,  340.4,  342.0,  344.6,  362.2,  358.2,  356.5,  355.9,  355.9,  357.6,  354.6,  352.8,  353.1,  356.0,  353.0,  352.5,  363.9,  350.5,  345.5,  344.2,  343.9,  349.5,  360.3,  347.8,  341.5,  340.9,  343.0,  349.6,  360.8,  347.3,  345.7,  345.8,  357.2,  342.9,  342.4,  344.3,  2.425,  0.132,  0.053,  -0.050,  620.654,  420.845,  -23.242,  3.536,  -19.983,  4.037,  -11.305,  9.203,  5.052,  -4.329,  -4.011,  -3.486,  -11.618,  5.846,  -2.194,  -4.872,  2.767,  2.561,  1.904,  0.442,  1.618,  -3.810,  2.424,  -1.223,  -0.573,  -1.694,  -0.819,  2.107,  -0.026,  -0.829,  0.234,  -0.204,  0.301,  -0.435,  0.220,  -0.004, 0.00, 0.00, 0.00, 0.01, 0.00, 0.09, 0.00, 0.00, 0.00, 0.00, 0.97, 0.15, 0.02, 0.01, 0.00, 0.20, 0.00, 0.00, 0.00, 0.00, 0.00, 0.00, 0.00, 0.00, 0.00, 0.00, 0.00, 1.00, 0.00, 0.00, 0.00, 0.00, 0.00, 0.00, 0.00
13,  0,  0.400,  0.98,  1,  0.110822,  0.127276,  -0.985657,  -0.072611,  0.172120,  -0.982396,  0.019,  0.151,  529.7,  533.5,  543.8,  554.4,  559.3,  556.2,  545.2,  534.6,  515.6,  521.1,  530.8,  543.7,  556.2,  564.4,  569.5,  563.1,  553.7,  542.5,  531.8,  522.3,  540.1,  544.7,  549.1,  550.8,  548.7,  544.1,  539.6,  538.0,  671.2,  674.9,  685.7,  697.4,  703.1,  699.4,  688.6,  676.0,  662.1,  667.9,  676.5,  689.1,  701.1,  709.3,  715.0,  709.4,  702.2,  693.2,  681.8,  670.8,  681.4,  687.4,  692.9,  694.8,  691.9,  685.9,  680.4,  678.5,  325.9,  315.4,  310.5,  314.1,  324.1,  335.2,  339.6,  336.0,  331.0,  325.0,  321.4,  318.7,  319.5,  323.3,  329.8,  333.5,  336.1,  337.6,  337.2,  335.0,  329.3,  330.9,  328.7,  324.2,  319.8,  318.3,  320.4,  324.9,  319.1,  306.7,  300.5,  304.3,  315.7,  328.2,  334.3,  331.4,  323.8,  315.5,  310.6,  308.4,  309.9,  312.8,  318.8,  324.4,  328.4,  331.0,  330.5,  328.3,  324.0,  326.0,  322.9,  316.5,  310.7,  308.8,  311.9,  318.2,  -43.1,  -41.5,  -37.4,  -33.3,  -31.6,  -32.9,  -37.2,  -41.3,  -49.2,  -46.7,  -42.5,  -37.4,  -32.6,  -29.6,  -27.9,  -30.3,  -33.8,  -38.2,  -42.5,  -46.4,  -39.2,  -37.4,  -35.6,  -34.9,  -35.7,  -37.5,  -39.2,  -39.9,  11.5,  12.9,  16.9,  21.4,  23.5,  22.2,  18.1,  13.4,  8.2,  10.3,  13.4,  18.1,  22.6,  25.9,  28.3,  26.0,  23.1,  19.7,  15.4,  11.4,  15.4,  17.6,  19.7,  20.4,  19.3,  17.1,  15.0,  14.3,  -13.3,  -17.4,  -19.3,  -17.9,  -14.0,  -9.7,  -8.0,  -9.4,  -11.5,  -13.7,  -15.0,  -16.0,  -15.8,  -14.4,  -11.9,  -10.4,  -9.4,  -8.8,  -8.9,  -9.9,  -12.0,  -11.4,  -12.3,  -14.0,  -15.7,  -16.3,  -15.5,  -13.7,  -15.1,  -19.7,  -22.1,  -20.7,  -16.5,  -11.9,  -9.6,  -10.6,  -13.4,  -16.4,  -18.2,  -19.0,  -18.6,  -17.7,  -15.5,  -13.3,  -11.7,  -10.7,  -10.9,  -11.7,  -13.4,  -12.7,  -13.9,  -16.2,  -18.4,  -19.1,  -17.9,  -15.5,  341.6,  340.6,  340.3,  341.0,  342.1,  343.5,  343.4,  342.8,  346.5,  343.3,  340.6,  339.5,  340.8,  343.1,  345.8,  344.5,  343.0,  342.5,  343.3,  344.9,  343.1,  343.3,  343.2,  342.8,  342.3,  342.0,  342.1,  342.6,  323.6,  323.6,  324.4,  325.5,  326.3,  326.3,  325.5,  324.6,  323.9,  322.8,  322.2,  322.5,  324.5,  327.2,  330.1,  327.8,  325.4,  323.4,  322.7,  323.3,  325.5,  326.0,  326.4,  326.5,  326.1,  325.6,  325.2,  325.1,  -8.0,  24.6,  354.4,  0.028,  0.018,  -0.047,  445.3,  447.7,  455.9,  467.9,  486.6,  513.8,  545.2,  584.3,  629.0,  672.7,  710.9,  742.8,  765.7,  779.2,  786.2,  790.3,  791.6,  477.8,  497.8,  523.8,  551.1,  576.9,  647.4,  676.8,  703.7,  730.8,  751.9,  614.5,  615.4,  616.3,  617.2,  585.1,  601.9,  619.6,  637.9,  654.5,  514.3,  531.7,  553.9,  571.8,  553.4,  531.3,  660.1,  677.4,  699.3,  717.2,  701.9,  680.7,  561.4,  585.6,  608.1,  623.2,  639.6,  663.1,  687.3,  664.7,  642.4,  624.7,  608.6,  586.0,  571.8,  608.4,  623.7,  640.6,  677.1,  639.7,  623.0,  607.8,  328.9,  378.0,  427.8,  476.2,  520.9,  560.8,  592.2,  613.7,  617.1,  608.6,  584.3,  550.2,  509.2,  463.1,  414.6,  365.1,  314.8,  296.9,  277.6,  269.9,  271.6,  277.5,  272.3,  262.6,  259.1,  264.0,  280.6,  316.6,  348.6,  380.4,  413.1,  436.7,  442.5,  447.0,  440.5,  433.3,  331.7,  319.4,  318.6,  330.0,  336.9,  338.5,  324.5,  310.9,  310.1,  319.7,  327.9,  329.0,  503.8,  490.2,  482.7,  486.0,  481.1,  485.5,  494.5,  512.8,  519.5,  522.1,  521.7,  517.8,  504.0,  498.7,  499.1,  496.1,  496.7,  497.7,  500.2,  499.5,  -90.2,  -89.5,  -86.1,  -80.5,  -71.0,  -57.5,  -42.1,  -23.8,  -4.7,  13.9,  31.2,  46.4,  57.3,  63.3,  65.9,  67.1,  67.7,  -68.1,  -58.7,  -47.2,  -35.7,  -25.0,  2.9,  14.6,  25.6,  36.8,  45.8,  -10.1,  -9.6,  -9.1,  -8.6,  -21.8,  -14.9,  -7.9,  -0.8,  5.7,  -52.1,  -44.3,  -35.1,  -27.8,  -35.2,  -44.4,  8.1,  15.1,  23.9,  31.4,  25.0,  16.4,  -32.7,  -21.8,  -12.6,  -6.6,  -0.2,  9.2,  19.5,  9.8,  0.9,  -5.9,  -12.3,  -21.6,  -28.1,  -12.5,  -6.5,  0.2,  15.2,  -0.1,  -6.6,  -12.7,  -14.4,  8.4,  31.7,  54.3,  74.5,  91.5,  103.0,  108.7,  108.6,  106.1,  98.8,  85.8,  68.0,  46.9,  24.6,  2.3,  -20.2,  -26.5,  -34.0,  -36.6,  -35.5,  -32.7,  -34.5,  -38.8,  -40.6,  -38.9,  -32.5,  -17.2,  -4.5,  7.8,  20.0,  30.4,  32.3,  33.9,  31.5,  28.9,  -11.7,  -16.6,  -16.9,  -12.2,  -9.4,  -8.8,  -14.4,  -19.8,  -20.1,  -16.4,  -12.9,  -12.5,  59.8,  52.2,  48.5,  49.6,  47.6,  50.2,  55.4,  60.7,  62.3,  63.2,  63.4,  63.1,  59.4,  55.1,  55.0,  53.8,  55.8,  54.0,  54.9,  54.9,  405.5,  407.1,  409.1,  409.3,  405.1,  398.8,  388.4,  374.7,  369.7,  373.6,  385.4,  394.9,  398.8,  398.1,  394.8,  390.7,  390.7,  367.3,  361.0,  355.7,  351.2,  347.0,  344.5,  348.3,  351.6,  354.5,  357.8,  345.8,  340.7,  335.2,  330.2,  346.7,  343.0,  340.5,  342.2,  344.7,  362.2,  358.2,  356.6,  355.9,  355.9,  357.6,  354.5,  352.6,  353.0,  355.8,  352.8,  352.4,  364.3,  350.7,  345.7,  344.4,  344.0,  349.7,  360.5,  347.9,  341.6,  341.1,  343.2,  349.8,  361.1,  347.5,  345.9,  345.9,  357.4,  343.0,  342.5,  344.4,  2.425,  0.134,  0.055,  -0.050,  620.519,  420.928,  -23.741,  3.339,  -20.064,  3.517,  -11.225,  9.364,  4.754,  -4.358,  -3.998,  -3.387,  -11.855,  5.797,  -2.134,  -4.996,  2.698,  2.693,  2.198,  0.412,  1.682,  -3.781,  2.418,  -1.228,  -0.545,  -1.736,  -0.741,  2.028,  -0.063,  -0.759,  0.270,  -0.187,  0.316,  -0.461,  0.233,  -0.006, 0.03, 0.00, 0.00, 0.06, 0.00, 0.15, 0.00, 0.00, 0.00, 0.00, 1.01, 0.21, 0.01, 0.01, 0.00, 0.12, 0.00, 0.00, 0.00, 0.00, 0.00, 0.00, 0.00, 0.00, 0.00, 0.00, 0.00, 1.00, 0.00, 0.00, 0.00, 0.00, 0.00, 0.00, 0.00
14,  0,  0.434,  0.98,  1,  0.111777,  0.125607,  -0.985763,  -0.071658,  0.172660,  -0.982371,  0.020,  0.150,  529.7,  533.5,  543.8,  554.5,  559.3,  556.2,  545.2,  534.5,  515.5,  521.0,  530.8,  543.7,  556.1,  564.4,  569.5,  563.1,  553.7,  542.5,  531.8,  522.3,  540.0,  544.7,  549.1,  550.7,  548.7,  544.1,  539.6,  538.0,  671.1,  674.7,  685.6,  697.3,  703.1,  699.4,  688.5,  675.9,  661.9,  667.7,  676.4,  689.0,  701.0,  709.2,  714.9,  709.3,  702.1,  693.1,  681.8,  670.7,  681.3,  687.3,  692.8,  694.7,  691.8,  685.8,  680.2,  678.3,  326.0,  315.4,  310.5,  314.2,  324.3,  335.4,  339.7,  336.1,  331.2,  325.1,  321.5,  318.8,  319.5,  323.4,  330.0,  333.6,  336.2,  337.8,  337.4,  335.2,  329.4,  331.0,  328.8,  324.3,  319.9,  318.4,  320.5,  325.0,  319.2,  306.7,  300.5,  304.3,  315.8,  328.3,  334.5,  331.6,  324.1,  315.6,  310.6,  308.4,  309.9,  312.8,  318.8,  324.4,  328.5,  331.1,  330.7,  328.4,  324.2,  326.1,  323.0,  316.6,  310.7,  308.8,  311.9,  318.3,  -43.0,  -41.4,  -37.4,  -33.3,  -31.5,  -32.9,  -37.2,  -41.3,  -49.2,  -46.6,  -42.5,  -37.3,  -32.6,  -29.6,  -27.8,  -30.2,  -33.8,  -38.1,  -42.4,  -46.3,  -39.1,  -37.4,  -35.6,  -34.9,  -35.7,  -37.5,  -39.2,  -39.9,  11.4,  12.8,  16.9,  21.3,  23.4,  22.1,  18.0,  13.3,  8.1,  10.2,  13.4,  18.0,  22.5,  25.8,  28.2,  25.9,  23.0,  19.6,  15.3,  11.3,  15.3,  17.5,  19.6,  20.3,  19.2,  17.0,  14.9,  14.2,  -13.3,  -17.3,  -19.2,  -17.8,  -14.0,  -9.7,  -7.9,  -9.4,  -11.4,  -13.7,  -15.0,  -16.0,  -15.7,  -14.3,  -11.9,  -10.4,  -9.3,  -8.7,  -8.9,  -9.8,  -12.0,  -11.4,  -12.2,  -14.0,  -15.7,  -16.3,  -15.4,  -13.7,  -15.0,  -19.6,  -22.0,  -20.7,  -16.4,  -11.8,  -9.5,  -10.5,  -13.3,  -16.3,  -18.1,  -18.9,  -18.5,  -17.6,  -15.5,  -13.3,  -11.7,  -10.7,  -10.8,  -11.6,  -13.3,  -12.6,  -13.8,  -16.1,  -18.3,  -19.0,  -17.8,  -15.4,  341.2,  340.2,  340.0,  340.6,  341.8,  343.1,  343.0,  342.4,  346.0,  342.9,  340.3,  339.1,  340.4,  342.8,  345.5,  344.2,  342.6,  342.1,  342.9,  344.5,  342.7,  342.9,  342.8,  342.4,  341.9,  341.6,  341.7,  342.2,  322.5,  322.5,  323.3,  324.4,  325.2,  325.2,  324.4,  323.5,  322.7,  321.6,  321.0,  321.4,  323.3,  326.0,  329.0,  326.7,  324.3,  322.3,  321.6,  322.1,  324.4,  324.9,  325.4,  325.4,  325.0,  324.5,  324.0,  324.0,  -8.0,  24.6,  354.1,  0.028,  0.018,  -0.048,  445.2,  447.6,  455.9,  467.9,  486.6,  513.8,  545.2,  584.4,  629.1,  672.7,  710.9,  742.7,  765.6,  779.2,  786.2,  790.3,  791.6,  477.6,  497.6,  523.6,  551.0,  576.8,  647.0,  676.4,  703.4,  730.5,  751.8,  614.4,  615.3,  616.2,  617.1,  585.0,  601.8,  619.6,  637.9,  654.5,  514.2,  531.7,  553.9,  571.8,  553.3,  531.2,  659.9,  677.3,  699.2,  717.1,  701.9,  680.6,  561.4,  585.6,  608.1,  623.1,  639.5,  663.0,  687.3,  664.6,  642.3,  624.7,  608.6,  586.1,  571.8,  608.5,  623.6,  640.6,  677.1,  639.7,  623.0,  607.8,  329.0,  378.1,  427.8,  476.2,  521.1,  561.0,  592.5,  614.1,  617.4,  608.8,  584.4,  550.3,  509.3,  463.2,  414.5,  365.1,  314.7,  297.2,  277.8,  270.1,  271.8,  277.8,  272.6,  262.8,  259.2,  264.1,  280.8,  316.7,  348.7,  380.5,  413.2,  436.9,  442.6,  447.1,  440.6,  433.4,  331.9,  319.5,  318.7,  330.2,  337.1,  338.7,  324.6,  310.9,  310.1,  319.8,  328.0,  329.1,  503.9,  490.4,  482.8,  486.1,  481.2,  485.7,  494.6,  512.9,  519.7,  522.3,  521.8,  518.0,  504.1,  498.8,  499.2,  496.2,  496.8,  497.9,  500.4,  499.7,  -90.3,  -89.5,  -86.0,  -80.5,  -71.0,  -57.5,  -42.0,  -23.8,  -4.6,  14.0,  31.2,  46.3,  57.2,  63.3,  66.0,  67.1,  67.7,  -68.1,  -58.7,  -47.3,  -35.7,  -25.0,  2.8,  14.5,  25.4,  36.7,  45.7,  -10.1,  -9.6,  -9.1,  -8.6,  -21.8,  -15.0,  -7.9,  -0.8,  5.7,  -52.1,  -44.3,  -35.1,  -27.7,  -35.2,  -44.4,  8.1,  15.0,  23.9,  31.3,  24.9,  16.4,  -32.7,  -21.8,  -12.6,  -6.6,  -0.2,  9.2,  19.5,  9.8,  0.9,  -5.9,  -12.3,  -21.5,  -28.1,  -12.5,  -6.5,  0.2,  15.1,  -0.1,  -6.6,  -12.7,  -14.4,  8.4,  31.7,  54.3,  74.5,  91.6,  103.2,  108.8,  108.7,  106.2,  98.8,  85.8,  68.0,  46.9,  24.6,  2.3,  -20.2,  -26.4,  -33.9,  -36.5,  -35.4,  -32.6,  -34.4,  -38.7,  -40.5,  -38.8,  -32.4,  -17.1,  -4.4,  7.8,  20.0,  30.4,  32.4,  33.9,  31.5,  28.9,  -11.6,  -16.6,  -16.8,  -12.1,  -9.3,  -8.7,  -14.3,  -19.8,  -20.1,  -16.3,  -12.9,  -12.4,  59.9,  52.2,  48.5,  49.6,  47.6,  50.2,  55.4,  60.7,  62.3,  63.2,  63.4,  63.1,  59.5,  55.1,  55.0,  53.8,  55.9,  54.0,  54.9,  54.9,  405.4,  407.0,  408.9,  409.1,  404.9,  398.6,  388.2,  374.6,  369.6,  373.4,  385.3,  394.7,  398.6,  398.0,  394.8,  390.7,  390.7,  367.1,  360.8,  355.4,  350.9,  346.7,  344.3,  348.0,  351.3,  354.3,  357.5,  345.5,  340.4,  334.8,  329.8,  346.4,  342.7,  340.2,  341.9,  344.4,  362.0,  358.0,  356.3,  355.6,  355.6,  357.4,  354.2,  352.4,  352.7,  355.6,  352.6,  352.1,  364.0,  350.5,  345.4,  344.1,  343.7,  349.4,  360.2,  347.6,  341.2,  340.7,  342.9,  349.5,  360.9,  347.2,  345.6,  345.6,  357.2,  342.7,  342.2,  344.1,  2.426,  0.135,  0.055,  -0.051,  620.454,  421.062,  -23.105,  3.293,  -19.886,  3.773,  -11.306,  9.350,  4.955,  -4.450,  -4.033,  -3.381,  -11.865,  5.906,  -2.264,  -4.969,  2.608,  2.566,  2.278,  0.484,  1.688,  -3.716,  2.358,  -1.317,  -0.628,  -1.777,  -0.748,  2.022,  0.012,  -0.785,  0.230,  -0.211,  0.325,  -0.430,  0.227,  0.007, 0.03, 0.00, 0.00, 0.13, 0.00, 0.22, 0.00, 0.00, 0.01, 0.00, 0.95, 0.25, 0.01, 0.00, 0.00, 0.08, 0.00, 0.00, 0.00, 0.00, 0.00, 0.00, 0.00, 0.00, 0.00, 0.00, 0.00, 1.00, 0.00, 0.00, 0.00, 0.00, 0.00, 0.00, 0.00
15,  0,  0.467,  0.98,  1,  0.110606,  0.125769,  -0.985874,  -0.073977,  0.168662,  -0.982894,  0.019,  0.148,  529.5,  533.3,  543.6,  554.3,  559.2,  556.1,  545.1,  534.3,  515.4,  520.8,  530.6,  543.5,  556.0,  564.3,  569.4,  563.0,  553.5,  542.3,  531.6,  522.1,  539.9,  544.5,  549.0,  550.7,  548.5,  543.9,  539.4,  537.8,  671.1,  674.8,  685.6,  697.3,  703.0,  699.3,  688.4,  675.9,  662.0,  667.8,  676.4,  689.0,  701.0,  709.2,  714.8,  709.3,  702.2,  693.2,  681.9,  670.8,  681.3,  687.2,  692.7,  694.5,  691.7,  685.8,  680.3,  678.5,  326.2,  315.6,  310.7,  314.3,  324.4,  335.5,  339.9,  336.3,  331.2,  325.2,  321.6,  319.0,  319.7,  323.5,  330.1,  333.8,  336.5,  338.1,  337.6,  335.3,  329.6,  331.1,  329.0,  324.4,  320.0,  318.5,  320.6,  325.2,  319.2,  306.7,  300.6,  304.4,  315.9,  328.3,  334.4,  331.5,  323.9,  315.6,  310.7,  308.6,  310.1,  312.8,  318.9,  324.7,  328.9,  331.5,  331.0,  328.6,  324.1,  326.0,  322.9,  316.6,  310.8,  308.9,  312.0,  318.3,  -42.9,  -41.3,  -37.3,  -33.2,  -31.4,  -32.8,  -37.1,  -41.2,  -49.1,  -46.5,  -42.4,  -37.2,  -32.5,  -29.5,  -27.8,  -30.2,  -33.7,  -38.0,  -42.3,  -46.2,  -39.1,  -37.3,  -35.5,  -34.8,  -35.6,  -37.4,  -39.1,  -39.8,  11.5,  12.9,  16.9,  21.3,  23.5,  22.1,  18.0,  13.3,  8.2,  10.2,  13.4,  18.0,  22.6,  25.8,  28.2,  25.9,  23.1,  19.7,  15.4,  11.4,  15.4,  17.6,  19.6,  20.3,  19.3,  17.0,  15.0,  14.3,  -13.1,  -17.2,  -19.1,  -17.7,  -13.9,  -9.6,  -7.9,  -9.3,  -11.3,  -13.6,  -14.9,  -15.8,  -15.6,  -14.2,  -11.8,  -10.3,  -9.2,  -8.5,  -8.7,  -9.7,  -11.9,  -11.3,  -12.1,  -13.9,  -15.5,  -16.1,  -15.3,  -13.6,  -15.1,  -19.7,  -22.0,  -20.7,  -16.5,  -11.8,  -9.5,  -10.6,  -13.4,  -16.4,  -18.1,  -18.9,  -18.5,  -17.6,  -15.5,  -13.2,  -11.6,  -10.5,  -10.7,  -11.6,  -13.4,  -12.7,  -13.8,  -16.2,  -18.3,  -19.0,  -17.8,  -15.5,  339.9,  338.8,  338.5,  339.2,  340.4,  341.8,  341.7,  341.1,  344.7,  341.5,  338.8,  337.6,  339.0,  341.3,  344.1,  342.8,  341.3,  340.8,  341.6,  343.2,  341.3,  341.6,  341.5,  341.0,  340.5,  340.2,  340.3,  340.8,  323.4,  323.4,  324.2,  325.3,  326.1,  326.1,  325.3,  324.4,  323.6,  322.5,  321.9,  322.2,  324.2,  326.9,  329.9,  327.6,  325.2,  323.2,  322.5,  323.1,  325.3,  325.9,  326.3,  326.3,  325.9,  325.3,  324.9,  324.9,  -8.0,  24.7,  354.4,  0.029,  0.019,  -0.048,  445.1,  447.6,  455.9,  467.9,  486.7,  514.1,  545.7,  584.9,  629.4,  672.9,  711.1,  742.8,  765.7,  779.3,  786.2,  790.3,  791.6,  477.4,  497.4,  523.5,  551.0,  576.9,  647.0,  676.4,  703.5,  730.7,  751.9,  614.3,  615.3,  616.1,  617.1,  585.0,  601.8,  619.6,  637.9,  654.5,  514.0,  531.5,  553.8,  571.6,  553.2,  531.0,  659.9,  677.3,  699.3,  717.1,  701.9,  680.7,  561.1,  585.4,  608.0,  623.1,  639.6,  663.2,  687.6,  664.8,  642.3,  624.7,  608.5,  585.9,  571.6,  608.4,  623.7,  640.6,  677.4,  639.7,  623.0,  607.7,  329.0,  378.2,  428.0,  476.4,  521.3,  561.3,  592.8,  614.4,  617.6,  608.9,  584.4,  550.2,  509.3,  463.2,  414.6,  365.2,  314.8,  297.5,  278.0,  270.2,  271.9,  277.9,  272.7,  262.8,  259.3,  264.2,  280.9,  316.9,  348.8,  380.6,  413.3,  437.1,  442.8,  447.3,  440.7,  433.6,  332.0,  319.6,  318.9,  330.3,  337.3,  338.9,  324.8,  311.0,  310.2,  319.9,  328.2,  329.3,  504.0,  490.5,  483.0,  486.3,  481.4,  485.8,  494.7,  513.1,  519.9,  522.5,  522.0,  518.3,  504.3,  499.1,  499.5,  496.5,  496.9,  498.0,  500.5,  499.9,  -90.3,  -89.5,  -86.1,  -80.5,  -71.0,  -57.4,  -41.9,  -23.6,  -4.5,  14.1,  31.3,  46.4,  57.2,  63.3,  65.9,  67.1,  67.6,  -68.3,  -58.8,  -47.3,  -35.7,  -25.0,  2.8,  14.5,  25.5,  36.7,  45.7,  -10.1,  -9.6,  -9.1,  -8.6,  -21.8,  -15.0,  -7.9,  -0.8,  5.7,  -52.1,  -44.4,  -35.1,  -27.8,  -35.3,  -44.5,  8.1,  15.0,  23.9,  31.4,  25.0,  16.4,  -32.9,  -21.9,  -12.6,  -6.6,  -0.2,  9.3,  19.6,  9.9,  0.9,  -6.0,  -12.3,  -21.6,  -28.3,  -12.6,  -6.5,  0.3,  15.3,  -0.1,  -6.7,  -12.7,  -14.4,  8.5,  31.8,  54.5,  74.7,  91.7,  103.3,  108.9,  108.9,  106.3,  98.8,  85.8,  68.0,  46.9,  24.6,  2.3,  -20.1,  -26.2,  -33.8,  -36.5,  -35.4,  -32.6,  -34.4,  -38.7,  -40.4,  -38.8,  -32.3,  -17.0,  -4.4,  7.9,  20.1,  30.6,  32.5,  34.0,  31.6,  29.0,  -11.6,  -16.5,  -16.8,  -12.1,  -9.2,  -8.6,  -14.3,  -19.7,  -20.1,  -16.3,  -12.8,  -12.4,  60.0,  52.3,  48.6,  49.7,  47.7,  50.3,  55.5,  60.9,  62.4,  63.3,  63.6,  63.3,  59.6,  55.3,  55.1,  54.0,  55.9,  54.1,  55.0,  55.1,  405.5,  407.2,  409.2,  409.4,  405.1,  398.7,  388.4,  374.8,  369.8,  373.6,  385.3,  394.6,  398.4,  397.6,  394.4,  390.3,  390.3,  367.3,  360.9,  355.6,  351.1,  346.9,  344.5,  348.1,  351.4,  354.3,  357.6,  345.6,  340.6,  335.1,  330.1,  346.7,  343.0,  340.5,  342.2,  344.7,  362.1,  358.2,  356.5,  355.8,  355.8,  357.6,  354.3,  352.5,  352.8,  355.7,  352.7,  352.3,  364.4,  350.8,  345.8,  344.4,  344.1,  349.7,  360.5,  348.0,  341.6,  341.1,  343.2,  349.9,  361.3,  347.6,  346.0,  346.0,  357.4,  343.0,  342.5,  344.4,  2.425,  0.135,  0.057,  -0.052,  620.475,  421.218,  -24.200,  3.650,  -19.868,  3.284,  -11.041,  9.416,  4.640,  -4.447,  -3.867,  -3.454,  -12.019,  5.878,  -2.397,  -4.861,  2.492,  2.733,  2.056,  0.551,  1.917,  -3.662,  2.276,  -1.470,  -0.597,  -1.726,  -0.807,  1.949,  -0.071,  -0.747,  0.293,  -0.189,  0.312,  -0.473,  0.211,  0.007, 0.03, 0.00, 0.00, 0.13, 0.00, 0.19, 0.00, 0.00, 0.02, 0.00, 0.97, 0.24, 0.00, 0.00, 0.03, 0.09, 0.00, 1.00, 0.00, 0.00, 0.00, 0.00, 0.00, 0.00, 0.00, 0.00, 0.00, 1.00, 0.00, 0.00, 0.00, 0.00, 0.00, 0.00, 0.00
16,  0,  0.501,  0.98,  1,  0.111316,  0.126575,  -0.985691,  -0.069866,  0.169858,  -0.982989,  0.021,  0.149,  529.5,  533.3,  543.5,  554.2,  559.1,  556.0,  545.0,  534.3,  515.2,  520.8,  530.6,  543.5,  556.0,  564.3,  569.3,  563.0,  553.5,  542.3,  531.6,  522.0,  539.9,  544.5,  548.9,  550.5,  548.4,  543.8,  539.4,  537.8,  671.3,  674.9,  685.6,  697.3,  703.0,  699.4,  688.6,  676.1,  662.1,  667.8,  676.4,  688.9,  700.9,  709.0,  714.7,  709.2,  702.2,  693.3,  682.0,  670.9,  681.5,  687.3,  692.8,  694.6,  691.7,  685.8,  680.4,  678.6,  326.4,  315.8,  310.8,  314.5,  324.5,  335.6,  340.0,  336.4,  331.5,  325.4,  321.8,  319.1,  319.9,  323.7,  330.3,  333.9,  336.5,  338.0,  337.7,  335.5,  329.7,  331.3,  329.2,  324.6,  320.2,  318.7,  320.8,  325.4,  319.3,  306.9,  300.7,  304.4,  315.8,  328.3,  334.5,  331.6,  323.8,  315.7,  310.9,  308.7,  310.2,  312.9,  318.8,  324.7,  328.9,  331.6,  331.1,  328.6,  324.1,  326.0,  322.9,  316.7,  310.9,  309.0,  312.1,  318.4,  -43.0,  -41.4,  -37.4,  -33.3,  -31.6,  -32.9,  -37.2,  -41.3,  -49.3,  -46.7,  -42.5,  -37.3,  -32.6,  -29.6,  -27.9,  -30.3,  -33.8,  -38.1,  -42.4,  -46.4,  -39.1,  -37.4,  -35.6,  -35.0,  -35.7,  -37.5,  -39.2,  -39.9,  11.6,  12.9,  17.0,  21.4,  23.5,  22.2,  18.1,  13.4,  8.2,  10.3,  13.4,  18.1,  22.6,  25.8,  28.2,  26.0,  23.2,  19.7,  15.5,  11.4,  15.5,  17.7,  19.7,  20.4,  19.3,  17.1,  15.1,  14.4,  -13.1,  -17.2,  -19.1,  -17.7,  -13.8,  -9.5,  -7.8,  -9.2,  -11.2,  -13.5,  -14.8,  -15.8,  -15.6,  -14.2,  -11.7,  -10.2,  -9.2,  -8.6,  -8.7,  -9.6,  -11.8,  -11.2,  -12.1,  -13.8,  -15.5,  -16.1,  -15.3,  -13.5,  -15.1,  -19.7,  -22.0,  -20.7,  -16.5,  -11.9,  -9.5,  -10.5,  -13.4,  -16.4,  -18.1,  -18.9,  -18.5,  -17.7,  -15.6,  -13.3,  -11.6,  -10.5,  -10.7,  -11.6,  -13.4,  -12.7,  -13.9,  -16.2,  -18.3,  -19.0,  -17.8,  -15.5,  340.6,  339.7,  339.4,  340.1,  341.2,  342.5,  342.4,  341.8,  345.5,  342.3,  339.7,  338.5,  339.9,  342.3,  345.0,  343.6,  342.0,  341.5,  342.3,  343.9,  342.1,  342.4,  342.3,  341.8,  341.3,  341.1,  341.2,  341.6,  324.2,  324.2,  325.1,  326.2,  327.0,  327.0,  326.2,  325.2,  324.4,  323.2,  322.7,  323.0,  325.1,  327.7,  330.7,  328.5,  326.0,  324.0,  323.2,  323.8,  326.1,  326.7,  327.1,  327.2,  326.8,  326.2,  325.8,  325.7,  -8.0,  24.8,  354.4,  0.030,  0.019,  -0.048,  445.0,  447.6,  455.8,  467.9,  486.7,  514.0,  545.6,  584.8,  629.5,  673.1,  711.3,  742.9,  765.8,  779.3,  786.2,  790.4,  791.8,  477.4,  497.7,  523.8,  551.2,  577.0,  647.1,  676.6,  703.7,  730.9,  752.1,  614.3,  615.2,  616.1,  617.0,  584.9,  601.7,  619.5,  637.8,  654.4,  514.0,  531.5,  553.7,  571.5,  553.2,  531.0,  659.9,  677.3,  699.2,  717.1,  701.9,  680.7,  561.2,  585.4,  608.0,  623.1,  639.5,  663.1,  687.4,  664.7,  642.3,  624.7,  608.6,  586.0,  571.7,  608.4,  623.6,  640.6,  677.2,  639.7,  622.9,  607.7,  329.2,  378.4,  428.3,  476.7,  521.6,  561.5,  593.0,  614.6,  617.8,  609.1,  584.7,  550.4,  509.4,  463.3,  414.7,  365.3,  314.9,  297.6,  278.2,  270.6,  272.2,  278.1,  272.8,  263.0,  259.5,  264.5,  281.2,  317.0,  349.1,  381.2,  414.1,  437.5,  443.2,  447.8,  441.1,  433.9,  332.2,  319.8,  319.0,  330.4,  337.4,  339.0,  324.8,  311.1,  310.3,  320.0,  328.2,  329.3,  504.4,  490.8,  483.3,  486.5,  481.6,  486.0,  494.9,  513.3,  520.1,  522.8,  522.3,  518.6,  504.7,  499.3,  499.7,  496.7,  497.2,  498.2,  500.7,  500.1,  -90.3,  -89.5,  -86.1,  -80.5,  -71.0,  -57.4,  -41.9,  -23.6,  -4.5,  14.1,  31.4,  46.4,  57.3,  63.3,  65.9,  67.1,  67.7,  -68.2,  -58.7,  -47.2,  -35.6,  -25.0,  2.8,  14.6,  25.6,  36.8,  45.8,  -10.2,  -9.6,  -9.2,  -8.7,  -21.8,  -15.0,  -8.0,  -0.9,  5.7,  -52.1,  -44.4,  -35.2,  -27.8,  -35.3,  -44.5,  8.1,  15.0,  23.9,  31.3,  24.9,  16.4,  -32.8,  -21.9,  -12.7,  -6.7,  -0.2,  9.2,  19.5,  9.8,  0.9,  -6.0,  -12.3,  -21.6,  -28.2,  -12.6,  -6.5,  0.2,  15.2,  -0.1,  -6.7,  -12.7,  -14.3,  8.6,  31.9,  54.6,  74.8,  91.9,  103.4,  109.0,  109.0,  106.4,  99.0,  85.9,  68.0,  46.9,  24.7,  2.4,  -20.1,  -26.2,  -33.7,  -36.3,  -35.2,  -32.5,  -34.3,  -38.6,  -40.3,  -38.7,  -32.2,  -17.0,  -4.2,  8.1,  20.4,  30.7,  32.6,  34.2,  31.7,  29.1,  -11.5,  -16.5,  -16.7,  -12.0,  -9.2,  -8.6,  -14.2,  -19.7,  -20.0,  -16.3,  -12.8,  -12.4,  60.1,  52.4,  48.7,  49.8,  47.8,  50.4,  55.6,  61.0,  62.5,  63.5,  63.7,  63.4,  59.7,  55.4,  55.2,  54.1,  56.0,  54.2,  55.1,  55.2,  405.3,  407.1,  409.1,  409.4,  405.1,  398.8,  388.4,  374.8,  369.8,  373.7,  385.4,  394.6,  398.4,  397.6,  394.3,  390.1,  390.0,  367.2,  360.8,  355.5,  351.0,  346.8,  344.2,  347.9,  351.1,  354.1,  357.4,  345.5,  340.6,  335.2,  330.3,  346.7,  343.1,  340.6,  342.2,  344.8,  362.1,  358.1,  356.4,  355.7,  355.8,  357.5,  354.2,  352.3,  352.6,  355.4,  352.5,  352.1,  364.4,  350.9,  345.9,  344.5,  344.1,  349.7,  360.4,  348.0,  341.7,  341.2,  343.4,  350.0,  361.3,  347.7,  346.0,  346.1,  357.4,  343.1,  342.6,  344.5,  2.425,  0.137,  0.058,  -0.052,  620.485,  421.446,  -24.508,  3.495,  -20.107,  3.188,  -10.978,  9.554,  4.781,  -4.574,  -3.908,  -3.591,  -11.825,  5.572,  -2.327,  -4.785,  2.812,  2.876,  2.057,  0.620,  2.011,  -3.632,  2.472,  -1.237,  -0.548,  -1.663,  -0.917,  1.990,  -0.087,  -0.738,  0.278,  -0.188,  0.342,  -0.475,  0.217,  -0.001, 0.01, 0.01, 0.00, 0.07, 0.00, 0.16, 0.00, 0.00, 0.02, 0.00, 1.00, 0.29, 0.00, 0.00, 0.03, 0.08, 0.00, 1.00, 0.00, 0.00, 0.00, 0.00, 0.00, 0.00, 0.00, 0.00, 0.00, 1.00, 0.00, 0.00, 0.00, 0.00, 0.00, 0.00, 0.00
17,  0,  0.534,  0.98,  1,  0.112434,  0.127215,  -0.985482,  -0.071241,  0.167508,  -0.983293,  0.021,  0.149,  529.5,  533.3,  543.5,  554.2,  559.1,  556.1,  545.1,  534.4,  515.3,  520.7,  530.5,  543.4,  555.9,  564.3,  569.4,  563.0,  553.5,  542.3,  531.6,  522.0,  539.9,  544.5,  549.0,  550.6,  548.5,  543.9,  539.4,  537.8,  671.2,  674.8,  685.6,  697.4,  703.1,  699.5,  688.7,  676.1,  661.9,  667.7,  676.4,  689.0,  701.1,  709.2,  714.8,  709.3,  702.2,  693.4,  682.0,  670.8,  681.4,  687.4,  692.8,  694.6,  691.8,  685.8,  680.4,  678.5,  326.6,  316.0,  311.1,  314.7,  324.7,  335.8,  340.3,  336.7,  331.8,  325.7,  322.0,  319.3,  320.0,  323.9,  330.4,  334.1,  336.8,  338.3,  338.0,  335.8,  330.0,  331.5,  329.4,  324.8,  320.4,  318.9,  321.0,  325.6,  319.6,  307.0,  300.8,  304.5,  316.0,  328.5,  334.8,  332.0,  324.0,  315.8,  311.0,  309.0,  310.5,  313.2,  319.3,  325.1,  329.3,  331.9,  331.4,  328.9,  324.4,  326.3,  323.2,  316.9,  311.1,  309.2,  312.3,  318.6,  -42.9,  -41.3,  -37.3,  -33.3,  -31.5,  -32.8,  -37.1,  -41.2,  -49.2,  -46.6,  -42.4,  -37.3,  -32.6,  -29.6,  -27.8,  -30.2,  -33.7,  -38.0,  -42.3,  -46.3,  -39.0,  -37.3,  -35.5,  -34.8,  -35.6,  -37.4,  -39.1,  -39.8,  11.5,  12.8,  16.8,  21.2,  23.4,  22.1,  18.0,  13.3,  8.1,  10.2,  13.3,  18.0,  22.5,  25.7,  28.1,  25.8,  23.0,  19.6,  15.4,  11.3,  15.3,  17.6,  19.6,  20.3,  19.2,  17.0,  14.9,  14.2,  -13.0,  -17.0,  -18.9,  -17.6,  -13.7,  -9.4,  -7.7,  -9.1,  -11.1,  -13.4,  -14.7,  -15.7,  -15.5,  -14.1,  -11.7,  -10.1,  -9.1,  -8.4,  -8.6,  -9.5,  -11.7,  -11.1,  -12.0,  -13.7,  -15.4,  -16.0,  -15.2,  -13.4,  -14.9,  -19.5,  -21.8,  -20.5,  -16.3,  -11.7,  -9.3,  -10.3,  -13.3,  -16.2,  -17.9,  -18.7,  -18.3,  -17.4,  -15.3,  -13.0,  -11.4,  -10.3,  -10.5,  -11.4,  -13.2,  -12.5,  -13.7,  -16.0,  -18.1,  -18.8,  -17.6,  -15.3,  339.9,  338.9,  338.7,  339.3,  340.5,  341.8,  341.7,  341.1,  344.9,  341.7,  339.0,  337.8,  339.1,  341.5,  344.2,  342.9,  341.3,  340.9,  341.7,  343.3,  341.4,  341.6,  341.5,  341.1,  340.6,  340.3,  340.4,  340.9,  321.8,  321.8,  322.7,  323.9,  324.7,  324.6,  323.7,  322.8,  321.9,  320.8,  320.2,  320.6,  322.7,  325.3,  328.4,  326.1,  323.7,  321.6,  320.8,  321.4,  323.7,  324.3,  324.7,  324.8,  324.4,  323.8,  323.4,  323.3,  -8.0,  24.9,  354.0,  0.030,  0.021,  -0.049,  445.1,  447.7,  456.0,  468.1,  486.9,  514.3,  545.9,  585.2,  629.8,  673.4,  711.6,  743.3,  766.1,  779.5,  786.4,  790.6,  791.9,  477.3,  497.6,  523.7,  551.0,  576.8,  647.0,  676.4,  703.4,  730.6,  752.0,  614.3,  615.2,  616.0,  617.0,  585.0,  601.7,  619.5,  637.8,  654.4,  513.9,  531.4,  553.7,  571.6,  553.1,  530.9,  659.9,  677.3,  699.3,  717.2,  702.0,  680.7,  561.2,  585.4,  608.0,  623.1,  639.5,  663.0,  687.4,  664.6,  642.2,  624.6,  608.5,  585.9,  571.6,  608.4,  623.6,  640.5,  677.1,  639.6,  622.9,  607.7,  329.2,  378.4,  428.4,  477.0,  522.0,  562.1,  593.8,  615.3,  618.4,  609.4,  584.7,  550.4,  509.3,  463.2,  414.7,  365.4,  315.1,  297.5,  278.3,  270.7,  272.4,  278.3,  273.1,  263.3,  259.8,  264.6,  281.0,  317.3,  349.3,  381.2,  414.0,  437.7,  443.4,  447.9,  441.3,  434.1,  332.4,  320.0,  319.2,  330.7,  337.7,  339.3,  325.1,  311.4,  310.6,  320.2,  328.5,  329.6,  504.7,  491.1,  483.5,  486.8,  481.8,  486.3,  495.2,  513.5,  520.4,  523.0,  522.6,  518.9,  504.9,  499.6,  499.9,  496.9,  497.4,  498.4,  500.9,  500.3,  -90.3,  -89.5,  -86.0,  -80.4,  -70.9,  -57.3,  -41.8,  -23.5,  -4.3,  14.2,  31.5,  46.5,  57.3,  63.3,  65.9,  67.1,  67.6,  -68.2,  -58.7,  -47.2,  -35.7,  -25.0,  2.8,  14.5,  25.4,  36.6,  45.7,  -10.1,  -9.6,  -9.2,  -8.7,  -21.8,  -15.0,  -8.0,  -0.9,  5.7,  -52.1,  -44.4,  -35.1,  -27.8,  -35.3,  -44.5,  8.0,  15.0,  23.9,  31.3,  24.9,  16.4,  -32.8,  -21.9,  -12.6,  -6.7,  -0.2,  9.2,  19.5,  9.8,  0.9,  -6.0,  -12.3,  -21.6,  -28.2,  -12.5,  -6.5,  0.2,  15.1,  -0.2,  -6.7,  -12.7,  -14.3,  8.6,  32.0,  54.7,  75.0,  92.1,  103.7,  109.3,  109.1,  106.4,  98.9,  85.8,  67.9,  46.8,  24.6,  2.4,  -20.0,  -26.2,  -33.7,  -36.2,  -35.1,  -32.3,  -34.1,  -38.4,  -40.2,  -38.6,  -32.2,  -16.9,  -4.2,  8.1,  20.3,  30.8,  32.7,  34.2,  31.8,  29.2,  -11.4,  -16.4,  -16.6,  -11.9,  -9.1,  -8.5,  -14.1,  -19.6,  -19.9,  -16.1,  -12.7,  -12.2,  60.2,  52.5,  48.7,  49.8,  47.8,  50.4,  55.6,  61.0,  62.5,  63.5,  63.7,  63.5,  59.8,  55.4,  55.3,  54.1,  56.1,  54.2,  55.1,  55.2,  405.3,  407.1,  409.1,  409.3,  405.0,  398.7,  388.3,  374.6,  369.6,  373.4,  385.1,  394.2,  397.9,  397.1,  393.8,  389.7,  389.6,  366.8,  360.5,  355.1,  350.6,  346.4,  343.8,  347.6,  350.8,  353.7,  357.0,  345.1,  340.1,  334.7,  329.7,  346.3,  342.6,  340.2,  341.8,  344.3,  361.7,  357.7,  356.0,  355.3,  355.4,  357.2,  353.8,  352.0,  352.3,  355.2,  352.2,  351.8,  364.0,  350.4,  345.4,  344.0,  343.7,  349.2,  360.0,  347.5,  341.2,  340.7,  342.8,  349.5,  360.9,  347.2,  345.6,  345.6,  356.9,  342.6,  342.1,  344.0,  2.428,  0.137,  0.059,  -0.052,  620.506,  421.660,  -23.893,  4.122,  -20.038,  3.375,  -11.197,  9.325,  4.790,  -4.568,  -4.084,  -3.682,  -11.715,  5.889,  -2.488,  -4.834,  2.725,  2.638,  2.017,  0.724,  1.909,  -3.705,  2.413,  -1.422,  -0.684,  -1.725,  -0.960,  1.974,  0.005,  -0.750,  0.294,  -0.237,  0.363,  -0.396,  0.225,  -0.002, 0.01, 0.01, 0.00, 0.00, 0.00, 0.03, 0.00, 0.00, 0.02, 0.00, 1.07, 0.41, 0.00, 0.00, 0.05, 0.09, 0.00, 1.00, 0.00, 0.00, 0.00, 0.00, 0.00, 0.00, 0.00, 0.00, 0.00, 1.00, 0.00, 0.00, 0.00, 0.00, 0.00, 0.00, 0.00
18,  0,  0.567,  0.98,  1,  0.109401,  0.130260,  -0.985426,  -0.066137,  0.163250,  -0.984365,  0.022,  0.148,  529.4,  533.2,  543.5,  554.2,  559.2,  556.1,  545.1,  534.3,  515.6,  520.9,  530.5,  543.4,  556.0,  564.3,  569.4,  562.9,  553.4,  542.2,  531.6,  522.2,  539.9,  544.6,  549.0,  550.7,  548.5,  543.9,  539.4,  537.8,  671.5,  675.1,  685.9,  697.5,  703.2,  699.5,  688.8,  676.3,  662.0,  667.7,  676.2,  688.8,  701.0,  709.4,  715.2,  709.5,  702.1,  693.1,  681.7,  670.7,  681.8,  687.6,  692.9,  694.7,  691.9,  686.2,  680.9,  679.1,  326.8,  316.3,  311.4,  315.0,  325.0,  336.0,  340.4,  336.8,  331.5,  325.5,  322.2,  319.6,  320.2,  324.0,  330.6,  334.4,  337.2,  338.7,  338.1,  335.7,  330.1,  331.7,  329.5,  325.0,  320.6,  319.1,  321.2,  325.8,  319.5,  307.1,  301.1,  304.8,  316.2,  328.6,  334.6,  331.8,  324.3,  316.1,  311.2,  309.1,  310.6,  313.5,  319.5,  325.3,  329.4,  331.9,  331.4,  329.0,  324.2,  326.0,  323.1,  317.0,  311.4,  309.5,  312.5,  318.6,  -43.0,  -41.4,  -37.3,  -33.2,  -31.4,  -32.8,  -37.1,  -41.2,  -49.1,  -46.5,  -42.4,  -37.3,  -32.6,  -29.5,  -27.8,  -30.2,  -33.8,  -38.1,  -42.4,  -46.3,  -39.1,  -37.3,  -35.5,  -34.8,  -35.6,  -37.4,  -39.1,  -39.8,  11.7,  13.1,  17.1,  21.5,  23.7,  22.3,  18.2,  13.5,  8.2,  10.3,  13.4,  18.1,  22.7,  26.0,  28.5,  26.1,  23.2,  19.7,  15.5,  11.4,  15.7,  17.8,  19.8,  20.5,  19.4,  17.3,  15.3,  14.6,  -12.9,  -16.9,  -18.8,  -17.4,  -13.6,  -9.4,  -7.7,  -9.1,  -11.2,  -13.5,  -14.7,  -15.6,  -15.4,  -14.0,  -11.6,  -10.0,  -8.9,  -8.3,  -8.5,  -9.5,  -11.7,  -11.1,  -11.9,  -13.7,  -15.3,  -15.9,  -15.1,  -13.3,  -15.1,  -19.7,  -22.0,  -20.6,  -16.4,  -11.8,  -9.5,  -10.5,  -13.3,  -16.3,  -18.1,  -18.9,  -18.4,  -17.5,  -15.3,  -13.1,  -11.4,  -10.4,  -10.6,  -11.5,  -13.4,  -12.7,  -13.9,  -16.1,  -18.2,  -18.9,  -17.7,  -15.5,  340.1,  338.9,  338.5,  339.1,  340.4,  342.0,  342.0,  341.4,  345.1,  341.8,  339.0,  337.7,  339.0,  341.3,  344.0,  342.9,  341.4,  341.1,  342.0,  343.6,  341.5,  341.8,  341.6,  341.1,  340.6,  340.3,  340.5,  341.0,  325.5,  325.5,  326.2,  327.2,  328.0,  328.0,  327.3,  326.5,  325.9,  324.6,  323.8,  324.0,  325.9,  328.5,  331.5,  329.3,  327.0,  325.1,  324.5,  325.2,  327.3,  327.8,  328.2,  328.2,  327.8,  327.3,  327.0,  327.0,  -8.0,  24.9,  354.0,  0.030,  0.021,  -0.048,  445.3,  447.8,  456.1,  468.1,  486.8,  514.1,  545.6,  584.9,  629.7,  673.4,  711.8,  743.5,  766.4,  779.8,  786.7,  790.8,  792.2,  477.4,  497.8,  523.8,  551.0,  576.8,  647.1,  676.7,  703.9,  731.1,  752.4,  614.3,  615.1,  615.9,  616.8,  584.9,  601.7,  619.4,  637.7,  654.4,  514.0,  531.5,  553.7,  571.6,  553.2,  531.0,  659.9,  677.3,  699.3,  717.2,  701.9,  680.6,  561.1,  585.3,  607.9,  623.0,  639.6,  663.2,  687.7,  664.8,  642.4,  624.7,  608.4,  585.8,  571.5,  608.3,  623.6,  640.7,  677.4,  639.7,  622.9,  607.6,  329.5,  378.6,  428.5,  476.9,  521.8,  561.8,  593.4,  615.1,  618.3,  609.4,  584.7,  550.3,  509.3,  463.3,  414.9,  365.7,  315.5,  297.3,  278.3,  270.9,  272.5,  278.5,  273.2,  263.5,  260.0,  264.9,  281.4,  317.5,  349.4,  381.3,  414.0,  437.9,  443.6,  448.1,  441.5,  434.3,  332.5,  320.1,  319.4,  330.9,  337.8,  339.4,  325.3,  311.5,  310.7,  320.4,  328.7,  329.8,  505.0,  491.3,  483.8,  487.0,  482.1,  486.5,  495.4,  513.7,  520.6,  523.3,  522.9,  519.1,  505.2,  499.9,  500.2,  497.2,  497.7,  498.6,  501.2,  500.6,  -90.2,  -89.4,  -86.0,  -80.4,  -70.9,  -57.4,  -41.9,  -23.6,  -4.4,  14.3,  31.6,  46.6,  57.4,  63.4,  66.0,  67.2,  67.8,  -68.2,  -58.6,  -47.2,  -35.6,  -25.0,  2.8,  14.6,  25.6,  36.8,  45.9,  -10.2,  -9.7,  -9.2,  -8.7,  -21.8,  -15.0,  -8.0,  -0.9,  5.6,  -52.1,  -44.4,  -35.1,  -27.8,  -35.3,  -44.5,  8.0,  15.0,  23.9,  31.3,  24.9,  16.3,  -32.8,  -21.9,  -12.7,  -6.7,  -0.2,  9.3,  19.6,  9.9,  0.9,  -6.0,  -12.4,  -21.6,  -28.3,  -12.6,  -6.5,  0.3,  15.3,  -0.1,  -6.7,  -12.7,  -14.1,  8.7,  32.0,  54.7,  74.9,  92.0,  103.6,  109.2,  109.1,  106.4,  98.8,  85.7,  67.9,  46.9,  24.7,  2.5,  -19.8,  -26.3,  -33.6,  -36.2,  -35.0,  -32.3,  -34.1,  -38.3,  -40.1,  -38.5,  -32.1,  -16.8,  -4.1,  8.1,  20.3,  30.8,  32.7,  34.2,  31.8,  29.2,  -11.4,  -16.3,  -16.5,  -11.8,  -9.0,  -8.4,  -14.0,  -19.5,  -19.8,  -16.1,  -12.6,  -12.1,  60.3,  52.6,  48.8,  49.9,  47.9,  50.5,  55.7,  61.1,  62.6,  63.6,  63.8,  63.6,  59.9,  55.5,  55.4,  54.2,  56.2,  54.3,  55.2,  55.3,  405.3,  407.1,  409.1,  409.3,  405.0,  398.7,  388.3,  374.5,  369.4,  373.2,  384.9,  394.1,  397.8,  397.0,  393.7,  389.6,  389.7,  366.8,  360.4,  355.0,  350.4,  346.2,  343.6,  347.4,  350.8,  353.8,  357.1,  345.0,  340.1,  334.6,  329.6,  346.3,  342.6,  340.1,  341.7,  344.3,  361.8,  357.8,  356.0,  355.4,  355.4,  357.2,  353.8,  351.9,  352.3,  355.2,  352.2,  351.7,  364.1,  350.4,  345.3,  344.0,  343.6,  349.2,  360.0,  347.5,  341.1,  340.7,  342.8,  349.5,  361.0,  347.2,  345.5,  345.6,  357.0,  342.5,  342.0,  344.0,  2.428,  0.138,  0.060,  -0.052,  620.553,  421.810,  -23.752,  4.045,  -19.911,  3.284,  -10.975,  9.161,  4.446,  -4.461,  -3.914,  -3.214,  -11.680,  5.823,  -2.742,  -4.896,  2.895,  2.914,  2.107,  0.543,  2.050,  -3.975,  2.457,  -1.313,  -0.728,  -1.700,  -0.930,  1.990,  0.024,  -0.805,  0.314,  -0.175,  0.310,  -0.495,  0.219,  0.002, 0.01, 0.01, 0.00, 0.00, 0.00, 0.03, 0.00, 0.00, 0.04, 0.00, 1.07, 0.42, 0.00, 0.00, 0.01, 0.08, 0.00, 1.00, 0.00, 0.00, 0.00, 0.00, 0.00, 0.00, 0.00, 0.00, 0.00, 1.00, 0.00, 0.00, 0.00, 0.00, 0.00, 0.00, 0.00
19,  0,  0.601,  0.98,  1,  0.111802,  0.131709,  -0.984963,  -0.070975,  0.171571,  -0.982612,  0.021,  0.153,  529.4,  533.3,  543.6,  554.4,  559.3,  556.2,  545.1,  534.3,  515.6,  520.9,  530.5,  543.4,  556.1,  564.3,  569.3,  562.7,  553.2,  542.0,  531.5,  522.2,  539.9,  544.6,  549.1,  550.8,  548.6,  543.9,  539.4,  537.8,  671.4,  675.0,  685.9,  697.6,  703.3,  699.7,  688.8,  676.2,  662.1,  667.8,  676.5,  689.0,  701.1,  709.5,  715.3,  709.6,  702.3,  693.2,  681.8,  670.8,  681.7,  687.6,  693.0,  694.9,  692.0,  686.1,  680.6,  678.8,  327.0,  316.5,  311.6,  315.2,  325.2,  336.2,  340.6,  337.0,  331.6,  325.6,  322.3,  319.7,  320.4,  324.1,  330.6,  334.6,  337.5,  339.1,  338.4,  335.9,  330.3,  331.9,  329.7,  325.2,  320.8,  319.2,  321.3,  325.9,  319.9,  307.4,  301.3,  305.0,  316.5,  328.9,  335.1,  332.2,  324.5,  316.2,  311.3,  309.2,  310.7,  313.6,  319.6,  325.3,  329.4,  331.9,  331.4,  329.1,  324.7,  326.6,  323.6,  317.3,  311.5,  309.6,  312.7,  318.9,  -42.9,  -41.3,  -37.2,  -33.1,  -31.4,  -32.7,  -37.1,  -41.2,  -49.0,  -46.4,  -42.3,  -37.2,  -32.5,  -29.5,  -27.8,  -30.2,  -33.8,  -38.2,  -42.4,  -46.2,  -39.0,  -37.2,  -35.5,  -34.7,  -35.5,  -37.3,  -39.1,  -39.8,  11.6,  13.0,  17.0,  21.4,  23.6,  22.3,  18.2,  13.4,  8.2,  10.3,  13.4,  18.1,  22.7,  26.0,  28.4,  26.1,  23.2,  19.7,  15.4,  11.4,  15.5,  17.7,  19.8,  20.5,  19.4,  17.2,  15.1,  14.4,  -12.8,  -16.8,  -18.7,  -17.3,  -13.5,  -9.3,  -7.6,  -9.0,  -11.2,  -13.4,  -14.6,  -15.5,  -15.3,  -14.0,  -11.5,  -9.9,  -8.8,  -8.1,  -8.4,  -9.5,  -11.6,  -11.0,  -11.8,  -13.6,  -15.2,  -15.8,  -15.0,  -13.3,  -14.9,  -19.5,  -21.8,  -20.5,  -16.2,  -11.6,  -9.3,  -10.3,  -13.2,  -16.2,  -17.9,  -18.7,  -18.3,  -17.4,  -15.2,  -13.0,  -11.4,  -10.4,  -10.5,  -11.4,  -13.1,  -12.4,  -13.6,  -15.9,  -18.1,  -18.8,  -17.6,  -15.3,  339.8,  338.5,  338.1,  338.7,  340.1,  341.7,  341.7,  341.1,  344.6,  341.3,  338.5,  337.2,  338.4,  340.8,  343.5,  342.4,  341.0,  340.7,  341.6,  343.2,  341.2,  341.5,  341.3,  340.8,  340.2,  339.9,  340.1,  340.6,  323.9,  323.9,  324.6,  325.7,  326.4,  326.4,  325.7,  324.9,  324.2,  323.0,  322.3,  322.6,  324.5,  327.1,  330.1,  327.8,  325.4,  323.5,  322.9,  323.5,  325.7,  326.2,  326.6,  326.6,  326.3,  325.8,  325.4,  325.4,  -7.9,  25.0,  353.9,  0.031,  0.022,  -0.049,  445.5,  447.9,  456.2,  468.3,  487.0,  514.4,  545.8,  585.0,  629.7,  673.4,  711.7,  743.6,  766.5,  780.1,  787.0,  791.2,  792.5,  477.6,  498.0,  524.0,  551.3,  577.0,  647.2,  677.0,  704.3,  731.6,  752.7,  614.3,  615.2,  616.1,  617.0,  585.0,  601.8,  619.5,  637.8,  654.5,  514.0,  531.4,  553.7,  571.6,  553.2,  530.9,  660.0,  677.4,  699.4,  717.3,  702.1,  680.8,  561.3,  585.4,  607.9,  623.1,  639.7,  663.4,  687.8,  665.0,  642.5,  624.8,  608.5,  585.9,  571.8,  608.4,  623.7,  640.8,  677.5,  639.8,  623.0,  607.6,  329.8,  378.8,  428.6,  477.0,  521.9,  561.9,  593.6,  615.5,  618.8,  610.0,  585.1,  550.6,  509.4,  463.2,  414.7,  365.5,  315.2,  297.6,  278.6,  271.1,  272.7,  278.6,  273.3,  263.5,  260.0,  265.1,  281.8,  317.7,  349.7,  381.5,  414.2,  438.1,  443.8,  448.3,  441.7,  434.5,  332.7,  320.3,  319.5,  331.0,  338.0,  339.6,  325.4,  311.6,  310.8,  320.5,  328.8,  329.9,  505.2,  491.5,  483.9,  487.2,  482.3,  486.7,  495.7,  514.0,  520.9,  523.6,  523.1,  519.3,  505.5,  500.1,  500.5,  497.5,  497.9,  498.9,  501.5,  500.8,  -90.0,  -89.3,  -85.9,  -80.3,  -70.8,  -57.2,  -41.8,  -23.6,  -4.4,  14.3,  31.5,  46.6,  57.5,  63.5,  66.1,  67.3,  67.9,  -68.1,  -58.5,  -47.0,  -35.5,  -24.9,  2.8,  14.7,  25.8,  37.0,  46.0,  -10.1,  -9.6,  -9.1,  -8.7,  -21.8,  -15.0,  -8.0,  -0.8,  5.7,  -52.1,  -44.4,  -35.1,  -27.8,  -35.3,  -44.5,  8.1,  15.1,  23.9,  31.4,  25.0,  16.4,  -32.7,  -21.8,  -12.6,  -6.6,  -0.1,  9.3,  19.6,  9.9,  1.0,  -5.9,  -12.3,  -21.6,  -28.1,  -12.5,  -6.4,  0.3,  15.3,  -0.1,  -6.7,  -12.7,  -14.0,  8.8,  32.1,  54.7,  74.9,  92.0,  103.7,  109.4,  109.3,  106.6,  99.0,  85.8,  67.9,  46.8,  24.6,  2.4,  -19.9,  -26.1,  -33.5,  -36.0,  -34.9,  -32.2,  -34.0,  -38.3,  -40.1,  -38.3,  -31.9,  -16.7,  -4.0,  8.2,  20.4,  30.9,  32.8,  34.3,  31.9,  29.3,  -11.3,  -16.2,  -16.5,  -11.8,  -8.9,  -8.3,  -14.0,  -19.5,  -19.8,  -16.0,  -12.6,  -12.1,  60.4,  52.6,  48.9,  50.0,  48.0,  50.5,  55.8,  61.2,  62.7,  63.7,  63.9,  63.6,  60.0,  55.6,  55.5,  54.3,  56.2,  54.4,  55.3,  55.3,  405.0,  406.8,  408.8,  409.1,  404.8,  398.6,  388.3,  374.7,  369.5,  373.2,  384.8,  393.9,  397.6,  396.8,  393.6,  389.5,  389.5,  366.6,  360.2,  354.8,  350.3,  346.1,  343.4,  347.2,  350.6,  353.7,  357.1,  344.9,  339.9,  334.4,  329.5,  346.2,  342.5,  340.0,  341.6,  344.1,  361.7,  357.6,  355.9,  355.2,  355.3,  357.1,  353.7,  351.8,  352.1,  354.9,  352.0,  351.5,  364.0,  350.3,  345.2,  343.8,  343.4,  349.1,  359.9,  347.4,  341.1,  340.6,  342.8,  349.5,  360.8,  347.1,  345.4,  345.4,  356.8,  342.4,  342.0,  343.9,  2.429,  0.138,  0.060,  -0.052,  620.697,  421.997,  -23.872,  3.820,  -19.783,  3.470,  -10.936,  8.950,  4.388,  -4.824,  -3.829,  -3.397,  -11.641,  5.930,  -2.720,  -4.895,  3.029,  2.930,  1.954,  0.472,  2.254,  -4.030,  2.260,  -1.175,  -0.553,  -1.622,  -0.903,  1.962,  -0.014,  -0.750,  0.331,  -0.159,  0.282,  -0.535,  0.243,  0.013, 0.02, 0.00, 0.00, 0.00, 0.00, 0.00, 0.00, 0.00, 0.05, 0.00, 1.04, 0.34, 0.00, 0.00, 0.01, 0.07, 0.00, 1.00, 0.00, 0.00, 0.00, 0.00, 0.00, 0.00, 0.00, 0.00, 0.00, 1.00, 0.00, 0.00, 0.00, 0.00, 0.00, 0.00, 0.00
20,  0,  0.634,  0.98,  1,  0.110690,  0.129210,  -0.985420,  -0.069660,  0.169702,  -0.983030,  0.021,  0.151,  529.5,  533.3,  543.6,  554.4,  559.3,  556.3,  545.2,  534.4,  515.7,  521.0,  530.5,  543.5,  556.2,  564.4,  569.4,  562.8,  553.2,  542.1,  531.6,  522.3,  539.9,  544.7,  549.2,  550.9,  548.7,  544.0,  539.4,  537.8,  671.4,  675.1,  686.0,  697.7,  703.4,  699.7,  688.8,  676.2,  662.0,  667.8,  676.6,  689.2,  701.3,  709.6,  715.4,  709.6,  702.4,  693.3,  681.9,  670.8,  681.8,  687.6,  693.0,  694.9,  692.0,  686.2,  680.8,  679.0,  327.2,  316.7,  311.8,  315.4,  325.4,  336.3,  340.8,  337.2,  331.8,  325.9,  322.6,  320.0,  320.5,  324.2,  330.9,  335.0,  338.0,  339.6,  338.9,  336.2,  330.5,  332.1,  329.9,  325.3,  320.9,  319.3,  321.5,  326.1,  319.9,  307.4,  301.2,  305.0,  316.6,  329.1,  335.3,  332.3,  324.7,  316.3,  311.4,  309.3,  310.8,  313.7,  319.7,  325.3,  329.4,  332.0,  331.5,  329.2,  324.7,  326.6,  323.6,  317.4,  311.6,  309.7,  312.8,  319.0,  -42.8,  -41.1,  -37.1,  -33.0,  -31.2,  -32.6,  -36.9,  -41.0,  -48.8,  -46.2,  -42.2,  -37.0,  -32.3,  -29.3,  -27.6,  -30.1,  -33.7,  -38.0,  -42.2,  -46.0,  -38.9,  -37.1,  -35.3,  -34.6,  -35.3,  -37.1,  -38.9,  -39.6,  11.6,  12.9,  17.0,  21.4,  23.6,  22.2,  18.1,  13.4,  8.1,  10.2,  13.4,  18.1,  22.6,  25.9,  28.3,  26.0,  23.1,  19.6,  15.4,  11.3,  15.5,  17.7,  19.7,  20.4,  19.3,  17.1,  15.1,  14.4,  -12.7,  -16.7,  -18.5,  -17.2,  -13.4,  -9.2,  -7.5,  -8.9,  -11.1,  -13.3,  -14.4,  -15.4,  -15.2,  -13.9,  -11.4,  -9.8,  -8.5,  -7.9,  -8.2,  -9.3,  -11.5,  -10.9,  -11.7,  -13.5,  -15.1,  -15.7,  -14.9,  -13.1,  -14.8,  -19.4,  -21.7,  -20.4,  -16.1,  -11.5,  -9.2,  -10.2,  -13.0,  -16.0,  -17.8,  -18.6,  -18.2,  -17.2,  -15.1,  -12.9,  -11.3,  -10.3,  -10.4,  -11.3,  -13.1,  -12.4,  -13.5,  -15.8,  -17.9,  -18.6,  -17.5,  -15.2,  338.4,  337.1,  336.6,  337.3,  338.7,  340.4,  340.5,  339.8,  343.3,  339.8,  337.0,  335.7,  336.9,  339.3,  342.1,  341.1,  339.7,  339.4,  340.3,  341.9,  339.9,  340.2,  340.0,  339.4,  338.8,  338.5,  338.7,  339.3,  322.3,  322.3,  323.0,  324.1,  325.0,  325.0,  324.2,  323.3,  322.6,  321.3,  320.7,  321.0,  323.0,  325.7,  328.6,  326.4,  324.0,  322.0,  321.3,  321.9,  324.2,  324.7,  325.1,  325.1,  324.7,  324.2,  323.8,  323.8,  -7.9,  25.0,  353.6,  0.031,  0.022,  -0.049,  445.6,  448.1,  456.4,  468.5,  487.3,  514.6,  546.0,  585.1,  629.8,  673.7,  712.1,  744.0,  766.9,  780.3,  787.3,  791.4,  792.7,  477.5,  497.9,  523.9,  551.3,  577.0,  647.2,  676.9,  704.1,  731.4,  752.7,  614.4,  615.3,  616.1,  617.0,  585.1,  601.9,  619.7,  638.0,  654.6,  514.0,  531.5,  553.8,  571.7,  553.2,  531.0,  660.1,  677.5,  699.5,  717.4,  702.2,  680.8,  561.5,  585.5,  608.1,  623.3,  639.9,  663.6,  687.9,  665.2,  642.7,  624.9,  608.7,  586.1,  572.0,  608.5,  623.9,  641.0,  677.7,  640.0,  623.1,  607.8,  329.8,  378.8,  428.7,  477.1,  522.0,  562.1,  593.9,  615.9,  619.2,  610.3,  585.3,  550.5,  509.2,  463.1,  414.7,  365.5,  315.4,  297.8,  278.7,  271.2,  272.9,  278.8,  273.5,  263.6,  260.0,  265.0,  281.7,  317.9,  349.8,  381.7,  414.4,  438.3,  444.0,  448.5,  441.9,  434.8,  332.9,  320.5,  319.8,  331.3,  338.3,  339.9,  325.6,  311.7,  310.9,  320.6,  328.9,  330.1,  505.4,  491.7,  484.0,  487.3,  482.3,  486.8,  495.8,  514.2,  521.2,  523.9,  523.5,  519.6,  505.6,  500.3,  500.7,  497.6,  498.0,  499.1,  501.7,  501.1,  -90.0,  -89.2,  -85.8,  -80.1,  -70.6,  -57.1,  -41.7,  -23.5,  -4.3,  14.4,  31.7,  46.8,  57.6,  63.6,  66.2,  67.4,  68.0,  -68.0,  -58.5,  -47.0,  -35.5,  -24.9,  2.8,  14.6,  25.7,  36.9,  46.0,  -10.1,  -9.6,  -9.1,  -8.6,  -21.7,  -14.9,  -7.9,  -0.8,  5.7,  -52.0,  -44.3,  -35.0,  -27.7,  -35.2,  -44.5,  8.1,  15.1,  23.9,  31.4,  25.0,  16.4,  -32.6,  -21.8,  -12.6,  -6.6,  -0.1,  9.4,  19.7,  10.0,  1.1,  -5.9,  -12.3,  -21.5,  -28.0,  -12.5,  -6.4,  0.4,  15.3,  0.0,  -6.6,  -12.7,  -14.0,  8.8,  32.1,  54.7,  74.9,  92.0,  103.8,  109.6,  109.5,  106.7,  99.0,  85.7,  67.7,  46.7,  24.6,  2.4,  -19.9,  -26.0,  -33.4,  -36.0,  -34.9,  -32.1,  -33.9,  -38.2,  -40.0,  -38.4,  -31.9,  -16.6,  -3.9,  8.3,  20.5,  31.0,  32.9,  34.4,  32.0,  29.4,  -11.2,  -16.1,  -16.4,  -11.6,  -8.8,  -8.2,  -13.9,  -19.4,  -19.7,  -16.0,  -12.5,  -12.0,  60.4,  52.7,  48.9,  50.0,  48.0,  50.5,  55.8,  61.2,  62.8,  63.8,  64.0,  63.7,  60.0,  55.6,  55.5,  54.3,  56.2,  54.4,  55.3,  55.4,  404.9,  406.6,  408.6,  408.9,  404.7,  398.5,  388.3,  374.7,  369.5,  373.1,  384.6,  393.6,  397.3,  396.5,  393.4,  389.4,  389.5,  366.4,  360.0,  354.6,  350.0,  345.9,  343.2,  347.0,  350.4,  353.5,  356.9,  344.7,  339.7,  334.2,  329.3,  346.0,  342.3,  339.8,  341.4,  343.9,  361.5,  357.4,  355.7,  355.0,  355.0,  356.9,  353.5,  351.6,  351.9,  354.8,  351.8,  351.4,  363.7,  350.0,  344.9,  343.5,  343.1,  348.7,  359.5,  347.1,  340.8,  340.4,  342.5,  349.2,  360.5,  346.8,  345.1,  345.1,  356.5,  342.1,  341.7,  343.6,  2.430,  0.139,  0.060,  -0.053,  620.818,  422.149,  -23.550,  3.855,  -19.770,  3.683,  -11.179,  8.567,  4.416,  -4.817,  -3.994,  -3.356,  -11.688,  6.169,  -2.826,  -4.651,  3.125,  2.700,  1.915,  0.551,  2.263,  -4.083,  2.292,  -1.185,  -0.542,  -1.559,  -0.791,  2.009,  0.010,  -0.810,  0.315,  -0.138,  0.232,  -0.498,  0.223,  -0.002, 0.02, 0.00, 0.00, 0.00, 0.00, 0.00, 0.00, 0.00, 0.05, 0.00, 0.98, 0.24, 0.00, 0.00, 0.00, 0.12, 0.00, 1.00, 0.00, 0.00, 0.00, 0.00, 0.00, 0.00, 0.00, 0.00, 0.00, 1.00, 0.00, 0.00, 0.00, 0.00, 0.00, 0.00, 0.00
21,  0,  0.667,  0.98,  1,  0.111722,  0.131062,  -0.985059,  -0.073675,  0.163844,  -0.983731,  0.019,  0.149,  529.6,  533.5,  543.8,  554.6,  559.4,  556.2,  545.2,  534.5,  515.5,  521.0,  530.7,  543.7,  556.2,  564.5,  569.5,  563.0,  553.5,  542.3,  531.7,  522.2,  540.0,  544.7,  549.2,  550.9,  548.8,  544.1,  539.6,  537.9,  671.5,  675.1,  685.8,  697.5,  703.2,  699.6,  688.9,  676.4,  662.3,  667.9,  676.6,  689.1,  701.2,  709.6,  715.4,  709.6,  702.3,  693.2,  681.9,  670.9,  681.9,  687.6,  692.9,  694.7,  691.9,  686.2,  680.9,  679.1,  327.4,  316.9,  312.1,  315.7,  325.7,  336.7,  341.1,  337.4,  332.1,  326.1,  322.8,  320.2,  320.9,  324.7,  331.2,  335.1,  338.0,  339.6,  338.9,  336.4,  330.8,  332.4,  330.3,  325.6,  321.3,  319.7,  321.8,  326.4,  320.1,  307.7,  301.6,  305.2,  316.5,  328.9,  335.1,  332.3,  325.0,  316.7,  311.7,  309.5,  311.0,  313.9,  319.9,  325.7,  329.9,  332.5,  332.0,  329.6,  324.6,  326.4,  323.4,  317.4,  311.8,  310.0,  313.0,  319.1,  -42.8,  -41.1,  -37.1,  -33.0,  -31.3,  -32.6,  -37.0,  -41.1,  -48.9,  -46.3,  -42.2,  -37.1,  -32.4,  -29.4,  -27.7,  -30.1,  -33.7,  -38.0,  -42.2,  -46.1,  -38.9,  -37.1,  -35.3,  -34.6,  -35.4,  -37.2,  -39.0,  -39.7,  11.7,  13.0,  17.1,  21.5,  23.7,  22.3,  18.3,  13.6,  8.3,  10.4,  13.5,  18.2,  22.8,  26.1,  28.5,  26.2,  23.2,  19.7,  15.5,  11.5,  15.7,  17.8,  19.8,  20.5,  19.4,  17.2,  15.3,  14.6,  -12.6,  -16.6,  -18.5,  -17.1,  -13.3,  -9.1,  -7.4,  -8.8,  -11.0,  -13.2,  -14.4,  -15.3,  -15.1,  -13.7,  -11.3,  -9.7,  -8.6,  -7.9,  -8.2,  -9.2,  -11.4,  -10.8,  -11.6,  -13.4,  -15.0,  -15.6,  -14.8,  -13.1,  -14.8,  -19.4,  -21.8,  -20.5,  -16.3,  -11.6,  -9.3,  -10.3,  -13.0,  -16.1,  -17.9,  -18.7,  -18.2,  -17.3,  -15.2,  -12.9,  -11.2,  -10.2,  -10.4,  -11.3,  -13.2,  -12.6,  -13.7,  -16.0,  -18.0,  -18.7,  -17.5,  -15.3,  339.1,  337.9,  337.5,  338.2,  339.5,  341.1,  341.1,  340.4,  343.9,  340.6,  337.9,  336.7,  338.0,  340.3,  343.1,  342.0,  340.5,  340.1,  340.9,  342.5,  340.6,  340.9,  340.7,  340.2,  339.6,  339.3,  339.5,  340.0,  325.2,  325.1,  325.8,  326.8,  327.5,  327.6,  326.9,  326.2,  325.6,  324.2,  323.5,  323.7,  325.6,  328.2,  331.2,  329.0,  326.7,  324.8,  324.2,  324.9,  327.0,  327.4,  327.8,  327.8,  327.4,  326.9,  326.6,  326.6,  -7.9,  25.2,  353.9,  0.034,  0.023,  -0.050,  445.5,  448.1,  456.4,  468.5,  487.3,  514.6,  546.1,  585.2,  629.9,  673.7,  712.1,  744.0,  767.0,  780.5,  787.4,  791.5,  792.9,  477.5,  497.7,  523.6,  551.0,  576.8,  647.3,  676.9,  704.0,  731.3,  752.5,  614.4,  615.3,  616.2,  617.1,  585.2,  602.0,  619.7,  638.0,  654.7,  514.1,  531.6,  553.9,  571.7,  553.3,  531.1,  660.1,  677.5,  699.5,  717.4,  702.2,  680.9,  561.4,  585.4,  608.0,  623.3,  639.9,  663.7,  688.2,  665.3,  642.7,  624.9,  608.5,  585.9,  571.8,  608.5,  623.9,  641.0,  677.9,  640.0,  623.1,  607.7,  329.7,  378.9,  428.8,  477.2,  522.2,  562.2,  594.0,  615.9,  619.2,  610.4,  585.5,  550.8,  509.6,  463.4,  414.9,  365.6,  315.4,  298.4,  279.1,  271.5,  273.1,  279.0,  273.7,  263.8,  260.2,  265.1,  281.7,  318.2,  350.2,  382.1,  414.9,  438.6,  444.3,  448.8,  442.2,  435.0,  333.2,  320.8,  320.0,  331.6,  338.6,  340.1,  325.9,  312.0,  311.1,  320.9,  329.2,  330.4,  505.5,  491.9,  484.3,  487.6,  482.6,  487.0,  496.0,  514.5,  521.5,  524.1,  523.7,  519.8,  505.8,  500.5,  500.9,  497.9,  498.3,  499.4,  502.0,  501.3,  -90.0,  -89.2,  -85.8,  -80.2,  -70.7,  -57.1,  -41.7,  -23.5,  -4.3,  14.4,  31.7,  46.8,  57.7,  63.7,  66.3,  67.4,  68.0,  -68.1,  -58.6,  -47.2,  -35.6,  -25.0,  2.9,  14.6,  25.6,  36.9,  45.9,  -10.1,  -9.6,  -9.1,  -8.6,  -21.7,  -14.9,  -7.9,  -0.8,  5.8,  -52.0,  -44.3,  -35.0,  -27.7,  -35.2,  -44.4,  8.1,  15.1,  23.9,  31.4,  25.0,  16.4,  -32.7,  -21.9,  -12.6,  -6.6,  -0.0,  9.4,  19.8,  10.0,  1.1,  -5.9,  -12.3,  -21.6,  -28.1,  -12.5,  -6.4,  0.4,  15.4,  0.0,  -6.6,  -12.7,  -14.0,  8.8,  32.1,  54.8,  75.0,  92.2,  103.9,  109.6,  109.5,  106.8,  99.1,  85.9,  67.9,  46.9,  24.7,  2.5,  -19.9,  -25.8,  -33.3,  -35.9,  -34.8,  -32.0,  -33.9,  -38.1,  -40.0,  -38.3,  -31.9,  -16.5,  -3.8,  8.4,  20.7,  31.1,  33.0,  34.5,  32.1,  29.5,  -11.1,  -16.0,  -16.2,  -11.5,  -8.7,  -8.1,  -13.8,  -19.3,  -19.6,  -15.9,  -12.4,  -11.9,  60.6,  52.8,  49.0,  50.1,  48.1,  50.7,  55.9,  61.3,  63.0,  63.9,  64.1,  63.9,  60.2,  55.8,  55.6,  54.5,  56.4,  54.6,  55.5,  55.6,  405.0,  406.8,  408.8,  409.1,  404.9,  398.7,  388.6,  374.9,  369.7,  373.3,  384.8,  393.8,  397.4,  396.5,  393.3,  389.2,  389.1,  366.5,  360.2,  354.8,  350.2,  346.1,  343.3,  347.0,  350.2,  353.2,  356.5,  344.8,  339.9,  334.6,  329.7,  346.4,  342.7,  340.1,  341.7,  344.2,  361.5,  357.5,  355.7,  355.1,  355.1,  357.0,  353.5,  351.5,  351.7,  354.6,  351.7,  351.3,  364.1,  350.4,  345.3,  343.9,  343.5,  349.1,  359.8,  347.5,  341.2,  340.7,  342.9,  349.6,  361.0,  347.2,  345.5,  345.5,  356.8,  342.5,  342.1,  344.0,  2.429,  0.141,  0.062,  -0.053,  620.827,  422.379,  -24.489,  3.559,  -19.873,  3.055,  -11.068,  8.949,  4.472,  -4.753,  -4.022,  -3.403,  -11.960,  6.092,  -2.612,  -4.545,  2.999,  2.846,  2.043,  0.627,  2.166,  -3.950,  2.289,  -1.393,  -0.531,  -1.685,  -0.782,  1.872,  -0.107,  -0.653,  0.320,  -0.135,  0.272,  -0.542,  0.203,  -0.001, 0.04, 0.00, 0.00, 0.00, 0.00, 0.00, 0.00, 0.00, 0.06, 0.00, 0.91, 0.20, 0.00, 0.00, 0.00, 0.11, 0.00, 1.00, 0.00, 0.00, 0.00, 0.00, 0.00, 0.00, 0.00, 0.00, 0.00, 1.00, 0.00, 0.00, 0.00, 0.00, 0.00, 0.00, 0.00
22,  0,  0.701,  0.98,  1,  0.117548,  0.126759,  -0.984944,  -0.087720,  0.179250,  -0.979885,  0.015,  0.155,  529.6,  533.4,  543.7,  554.4,  559.3,  556.2,  545.2,  534.4,  515.4,  520.8,  530.5,  543.4,  556.0,  564.2,  569.1,  562.5,  553.0,  541.9,  531.4,  522.1,  540.0,  544.6,  549.1,  550.8,  548.7,  544.0,  539.5,  537.8,  670.6,  674.2,  685.2,  697.1,  703.0,  699.4,  688.5,  675.6,  661.9,  667.7,  676.5,  689.1,  701.1,  709.2,  714.8,  709.4,  702.5,  693.6,  682.2,  671.0,  680.9,  687.1,  692.8,  694.6,  691.5,  685.3,  679.6,  677.8,  327.8,  317.3,  312.4,  316.0,  326.0,  337.0,  341.4,  337.8,  332.5,  326.6,  323.3,  320.7,  321.3,  325.0,  331.6,  335.6,  338.6,  340.1,  339.4,  336.9,  331.1,  332.6,  330.5,  325.9,  321.6,  320.0,  322.1,  326.7,  321.0,  308.2,  301.9,  305.6,  317.3,  330.1,  336.5,  333.7,  326.3,  317.6,  312.4,  310.0,  311.3,  314.2,  320.2,  325.7,  329.8,  332.4,  332.3,  330.3,  326.2,  328.2,  324.9,  318.3,  312.2,  310.2,  313.5,  320.1,  -42.8,  -41.2,  -37.2,  -33.1,  -31.3,  -32.7,  -37.0,  -41.1,  -49.0,  -46.4,  -42.3,  -37.2,  -32.4,  -29.5,  -27.8,  -30.3,  -33.9,  -38.2,  -42.4,  -46.2,  -39.0,  -37.2,  -35.4,  -34.7,  -35.5,  -37.3,  -39.0,  -39.7,  11.1,  12.4,  16.4,  20.9,  23.1,  21.8,  17.7,  13.0,  7.9,  10.0,  13.2,  17.8,  22.3,  25.4,  27.8,  25.6,  22.8,  19.4,  15.3,  11.2,  14.9,  17.2,  19.3,  20.0,  18.9,  16.6,  14.5,  13.8,  -12.5,  -16.5,  -18.4,  -17.0,  -13.2,  -9.0,  -7.3,  -8.6,  -10.8,  -13.0,  -14.2,  -15.1,  -14.9,  -13.6,  -11.1,  -9.5,  -8.3,  -7.7,  -8.0,  -9.1,  -11.3,  -10.7,  -11.5,  -13.3,  -14.9,  -15.5,  -14.7,  -12.9,  -14.1,  -18.8,  -21.2,  -19.9,  -15.6,  -10.9,  -8.6,  -9.6,  -12.3,  -15.4,  -17.2,  -18.1,  -17.7,  -16.9,  -14.8,  -12.6,  -11.0,  -10.0,  -10.0,  -10.8,  -12.3,  -11.6,  -12.9,  -15.3,  -17.5,  -18.2,  -17.0,  -14.5,  339.4,  338.2,  337.8,  338.5,  339.9,  341.5,  341.5,  340.8,  344.2,  340.8,  338.1,  336.8,  338.1,  340.5,  343.3,  342.2,  340.7,  340.4,  341.3,  342.8,  340.9,  341.2,  341.1,  340.5,  339.9,  339.6,  339.8,  340.3,  317.6,  317.8,  318.8,  320.0,  320.8,  320.6,  319.6,  318.6,  317.7,  316.7,  316.3,  316.8,  318.9,  321.7,  324.6,  322.3,  319.7,  317.6,  316.7,  317.2,  319.6,  320.2,  320.7,  320.8,  320.5,  319.9,  319.3,  319.2,  -7.9,  25.3,  353.9,  0.033,  0.024,  -0.050,  445.6,  448.2,  456.6,  468.7,  487.6,  514.9,  546.3,  585.3,  629.9,  673.8,  712.3,  744.2,  767.1,  780.6,  787.5,  791.5,  792.8,  477.3,  497.7,  523.7,  551.0,  576.7,  647.1,  676.7,  703.8,  731.0,  752.3,  614.3,  615.2,  616.0,  616.9,  585.0,  601.8,  619.6,  637.9,  654.6,  513.9,  531.3,  553.6,  571.5,  553.0,  530.8,  660.0,  677.4,  699.4,  717.3,  702.1,  680.8,  561.5,  585.3,  607.8,  623.1,  639.8,  663.5,  687.8,  665.1,  642.6,  624.7,  608.4,  585.9,  572.0,  608.3,  623.7,  641.0,  677.5,  640.0,  623.0,  607.5,  329.8,  379.2,  429.2,  477.7,  522.8,  563.0,  594.8,  616.7,  619.9,  610.9,  585.7,  550.8,  509.5,  463.3,  414.9,  365.7,  315.7,  298.6,  279.5,  272.0,  273.6,  279.5,  274.2,  264.4,  260.7,  265.4,  281.9,  318.6,  350.6,  382.5,  415.3,  439.1,  444.7,  449.3,  442.6,  435.4,  333.6,  321.3,  320.5,  332.0,  339.0,  340.6,  326.3,  312.5,  311.6,  321.2,  329.6,  330.8,  506.2,  492.4,  484.7,  488.0,  483.1,  487.5,  496.6,  514.9,  521.9,  524.6,  524.2,  520.4,  506.5,  501.0,  501.4,  498.4,  498.9,  499.8,  502.4,  501.8,  -90.0,  -89.2,  -85.7,  -80.1,  -70.6,  -57.0,  -41.6,  -23.5,  -4.2,  14.4,  31.8,  46.9,  57.7,  63.7,  66.3,  67.4,  67.9,  -68.1,  -58.6,  -47.1,  -35.6,  -25.0,  2.8,  14.6,  25.5,  36.7,  45.8,  -10.1,  -9.6,  -9.2,  -8.7,  -21.8,  -15.0,  -7.9,  -0.8,  5.7,  -52.1,  -44.4,  -35.1,  -27.8,  -35.3,  -44.5,  8.1,  15.0,  23.9,  31.3,  24.9,  16.4,  -32.7,  -21.9,  -12.7,  -6.6,  -0.1,  9.4,  19.7,  10.0,  1.0,  -5.9,  -12.4,  -21.6,  -28.1,  -12.6,  -6.4,  0.4,  15.3,  -0.0,  -6.7,  -12.8,  -14.0,  8.9,  32.3,  55.1,  75.4,  92.5,  104.3,  110.0,  109.9,  107.1,  99.2,  85.9,  67.8,  46.8,  24.6,  2.6,  -19.7,  -25.7,  -33.1,  -35.7,  -34.6,  -31.8,  -33.6,  -37.9,  -39.7,  -38.2,  -31.8,  -16.3,  -3.7,  8.6,  20.8,  31.3,  33.2,  34.7,  32.3,  29.6,  -10.9,  -15.8,  -16.0,  -11.3,  -8.5,  -7.9,  -13.6,  -19.1,  -19.5,  -15.7,  -12.2,  -11.7,  60.8,  53.0,  49.2,  50.3,  48.3,  50.8,  56.1,  61.5,  63.1,  64.1,  64.3,  64.1,  60.4,  55.9,  55.8,  54.6,  56.6,  54.7,  55.7,  55.7,  404.9,  406.7,  408.9,  409.2,  405.1,  398.9,  388.8,  375.1,  369.8,  373.4,  384.7,  393.7,  397.2,  396.3,  393.1,  389.0,  389.0,  366.5,  360.1,  354.7,  350.2,  346.1,  343.3,  346.9,  350.2,  353.2,  356.6,  344.9,  340.0,  334.6,  329.8,  346.4,  342.7,  340.1,  341.6,  344.1,  361.6,  357.5,  355.7,  355.0,  355.1,  357.0,  353.5,  351.5,  351.8,  354.6,  351.7,  351.3,  363.9,  350.3,  345.2,  343.8,  343.4,  348.9,  359.6,  347.4,  341.2,  340.7,  342.9,  349.5,  360.8,  347.1,  345.4,  345.4,  356.7,  342.4,  342.1,  344.0,  2.429,  0.142,  0.063,  -0.054,  620.756,  422.807,  -24.465,  3.859,  -20.138,  3.339,  -11.283,  8.545,  4.426,  -4.945,  -4.051,  -3.568,  -11.673,  6.326,  -2.699,  -4.322,  3.152,  2.793,  1.742,  0.601,  2.154,  -4.037,  2.278,  -1.247,  -0.561,  -1.706,  -0.688,  1.991,  -0.032,  -0.549,  0.149,  -0.059,  0.239,  -0.496,  0.159,  -0.032, 0.02, 0.00, 0.00, 0.00, 0.00, 0.00, 0.00, 0.00, 0.07, 0.00, 0.91, 0.31, 0.00, 0.00, 0.00, 0.18, 0.00, 1.00, 0.00, 0.00, 0.00, 0.00, 0.00, 0.00, 0.00, 0.00, 0.00, 1.00, 0.00, 0.00, 0.00, 0.00, 0.00, 0.00, 0.00
23,  0,  0.734,  0.98,  1,  0.110549,  0.129543,  -0.985392,  -0.114777,  0.192605,  -0.974541,  -0.002,  0.163,  529.6,  533.3,  543.3,  553.8,  558.6,  555.7,  545.0,  534.4,  515.7,  521.4,  531.0,  543.4,  555.5,  563.6,  568.6,  562.3,  552.9,  541.9,  531.5,  522.2,  539.8,  544.4,  548.7,  550.3,  548.2,  543.7,  539.3,  537.7,  669.3,  672.8,  683.9,  696.1,  702.2,  698.7,  687.6,  674.5,  661.7,  667.6,  676.4,  689.0,  700.7,  708.8,  714.4,  709.1,  702.3,  693.4,  682.0,  670.8,  679.8,  686.2,  692.0,  693.9,  690.6,  684.2,  678.4,  676.5,  328.4,  317.8,  312.9,  316.5,  326.6,  337.8,  342.1,  338.5,  333.6,  327.8,  324.3,  321.8,  322.7,  326.4,  332.2,  336.1,  338.4,  339.8,  339.5,  337.6,  332.0,  333.6,  331.5,  326.9,  322.5,  320.9,  323.1,  327.7,  321.9,  309.1,  302.8,  306.6,  318.3,  331.1,  337.5,  334.6,  326.7,  318.6,  313.7,  311.6,  312.9,  315.6,  321.4,  326.2,  329.8,  332.1,  332.0,  330.4,  327.4,  329.4,  326.1,  319.3,  313.1,  311.1,  314.4,  321.2,  -44.2,  -42.7,  -38.7,  -34.5,  -32.6,  -33.9,  -38.2,  -42.3,  -50.4,  -47.7,  -43.5,  -38.5,  -33.8,  -30.7,  -28.9,  -31.3,  -34.9,  -39.3,  -43.6,  -47.5,  -40.2,  -38.4,  -36.7,  -36.0,  -36.8,  -38.6,  -40.4,  -41.1,  10.7,  12.0,  16.1,  20.6,  22.9,  21.6,  17.4,  12.6,  7.9,  10.0,  13.2,  17.9,  22.3,  25.4,  27.8,  25.6,  22.9,  19.5,  15.3,  11.2,  14.6,  17.0,  19.2,  19.9,  18.7,  16.3,  14.1,  13.4,  -12.6,  -16.9,  -18.8,  -17.4,  -13.4,  -8.9,  -7.2,  -8.6,  -10.7,  -12.9,  -14.3,  -15.2,  -14.9,  -13.5,  -11.3,  -9.6,  -8.7,  -8.1,  -8.2,  -9.1,  -11.2,  -10.6,  -11.5,  -13.3,  -15.0,  -15.7,  -14.8,  -13.0,  -13.9,  -18.6,  -21.0,  -19.7,  -15.4,  -10.6,  -8.3,  -9.3,  -12.2,  -15.1,  -16.8,  -17.7,  -17.3,  -16.4,  -14.4,  -12.5,  -11.1,  -10.2,  -10.2,  -10.8,  -12.0,  -11.3,  -12.5,  -15.0,  -17.3,  -18.0,  -16.7,  -14.2,  350.3,  349.8,  349.7,  350.1,  350.8,  351.7,  351.4,  351.0,  354.9,  352.0,  349.5,  348.5,  349.7,  351.8,  354.2,  352.7,  351.1,  350.6,  351.5,  353.2,  351.6,  351.8,  351.7,  351.5,  351.2,  351.0,  351.0,  351.3,  319.5,  319.9,  320.9,  321.9,  322.4,  322.0,  321.0,  320.1,  319.5,  318.6,  318.3,  318.9,  320.9,  323.6,  326.5,  324.1,  321.6,  319.3,  318.5,  318.9,  321.2,  321.8,  322.3,  322.6,  322.3,  321.8,  321.2,  321.0,  -8.0,  25.6,  353.9,  0.034,  0.025,  -0.051,  445.5,  448.1,  456.5,  468.7,  487.6,  515.0,  546.3,  585.1,  629.8,  673.8,  712.4,  744.3,  767.2,  780.7,  787.5,  791.5,  792.9,  477.4,  497.3,  523.3,  550.7,  576.6,  646.8,  676.5,  703.7,  730.9,  752.2,  614.0,  614.9,  615.8,  616.7,  584.5,  601.4,  619.4,  637.9,  654.7,  514.0,  531.5,  553.3,  571.1,  552.8,  531.1,  660.0,  677.4,  699.0,  716.9,  701.5,  680.6,  561.4,  585.1,  607.7,  623.1,  639.9,  663.6,  687.9,  665.3,  642.8,  624.8,  608.4,  585.7,  571.8,  608.2,  623.7,  641.1,  677.6,  640.2,  623.0,  607.5,  330.2,  379.7,  429.8,  478.4,  523.5,  563.6,  595.2,  617.0,  620.4,  611.3,  586.2,  551.3,  509.9,  463.7,  415.3,  366.1,  316.1,  299.8,  280.4,  272.7,  274.4,  280.3,  275.0,  265.3,  261.5,  266.1,  282.5,  319.3,  351.4,  383.4,  416.3,  439.3,  445.1,  449.8,  442.9,  435.5,  334.3,  322.7,  321.8,  332.4,  339.2,  340.8,  326.6,  313.8,  313.0,  322.0,  329.9,  331.0,  506.6,  492.9,  485.3,  488.6,  483.7,  488.0,  497.0,  515.5,  522.7,  525.5,  525.1,  521.2,  506.9,  501.5,  501.8,  498.8,  499.3,  500.5,  503.2,  502.6,  -89.9,  -89.2,  -85.8,  -80.2,  -70.6,  -57.0,  -41.6,  -23.5,  -4.3,  14.4,  31.9,  47.0,  57.8,  63.8,  66.3,  67.3,  68.0,  -68.2,  -58.8,  -47.3,  -35.8,  -25.1,  2.7,  14.5,  25.5,  36.7,  45.7,  -10.2,  -9.7,  -9.3,  -8.8,  -22.0,  -15.1,  -8.0,  -0.8,  5.8,  -52.0,  -44.3,  -35.3,  -27.9,  -35.4,  -44.4,  8.1,  15.0,  23.7,  31.1,  24.7,  16.3,  -32.7,  -22.0,  -12.8,  -6.6,  -0.0,  9.4,  19.7,  10.0,  1.1,  -5.9,  -12.4,  -21.7,  -28.1,  -12.6,  -6.4,  0.4,  15.3,  0.1,  -6.6,  -12.8,  -13.8,  9.1,  32.7,  55.4,  75.8,  92.8,  104.4,  110.1,  110.0,  107.3,  99.5,  86.2,  68.1,  47.0,  24.8,  2.7,  -19.5,  -25.3,  -32.8,  -35.4,  -34.3,  -31.5,  -33.3,  -37.6,  -39.4,  -37.9,  -31.6,  -16.0,  -3.3,  8.9,  21.2,  31.4,  33.3,  34.9,  32.4,  29.7,  -10.6,  -15.3,  -15.5,  -11.2,  -8.4,  -7.8,  -13.5,  -18.6,  -18.9,  -15.4,  -12.1,  -11.7,  61.0,  53.2,  49.4,  50.5,  48.5,  51.0,  56.3,  61.8,  63.5,  64.5,  64.7,  64.4,  60.6,  56.1,  56.0,  54.8,  56.8,  55.0,  56.0,  56.1,  404.6,  406.6,  409.1,  409.6,  405.4,  399.0,  388.5,  374.8,  369.8,  373.5,  385.0,  394.1,  397.6,  396.6,  393.1,  388.8,  388.8,  366.9,  360.4,  354.9,  350.3,  346.0,  343.3,  347.0,  350.2,  353.2,  356.6,  344.8,  339.9,  334.6,  329.8,  346.4,  342.6,  340.0,  341.6,  344.1,  361.5,  357.5,  355.8,  355.0,  355.1,  356.9,  353.4,  351.5,  351.6,  354.3,  351.5,  351.2,  363.9,  350.3,  345.2,  343.8,  343.4,  349.0,  359.7,  347.6,  341.4,  341.0,  343.1,  349.7,  360.8,  347.2,  345.5,  345.5,  356.7,  342.6,  342.2,  344.2,  2.429,  0.143,  0.064,  -0.055,  620.672,  423.426,  -24.401,  3.823,  -19.773,  3.138,  -11.589,  8.709,  4.538,  -4.909,  -3.723,  -3.571,  -11.659,  5.673,  -1.927,  -4.377,  2.980,  3.024,  1.288,  0.235,  1.711,  -4.157,  2.814,  -1.399,  -0.238,  -1.987,  -0.826,  2.334,  -0.182,  -0.464,  0.199,  -0.069,  0.394,  -0.501,  0.226,  -0.015, 0.06, 0.02, 0.10, 0.00, 0.00, 0.32, 0.00, 0.00, 0.10, 0.00, 0.81, 0.41, 0.00, 0.00, 0.00, 0.22, 0.00, 0.00, 0.00, 0.00, 0.00, 0.00, 0.00, 0.00, 0.00, 0.00, 0.00, 1.00, 0.00, 0.00, 0.00, 0.00, 0.00, 0.00, 0.00
24,  0,  0.767,  0.98,  1,  0.129359,  0.275439,  -0.952575,  -0.090773,  0.235016,  -0.967744,  0.020,  0.260,  529.4,  533.8,  544.7,  555.6,  560.3,  556.7,  545.0,  534.0,  517.4,  524.5,  532.8,  542.6,  553.3,  562.8,  570.5,  562.9,  552.6,  541.8,  532.1,  523.9,  539.9,  545.2,  550.5,  552.6,  550.4,  545.1,  539.8,  537.7,  670.0,  673.5,  683.7,  694.6,  699.9,  696.4,  686.2,  674.5,  661.1,  668.0,  677.2,  688.1,  698.0,  705.8,  712.0,  706.9,  699.6,  690.5,  679.9,  669.4,  680.2,  685.1,  689.7,  691.2,  688.9,  684.0,  679.4,  677.9,  336.1,  326.2,  321.3,  324.3,  333.4,  344.3,  348.2,  345.2,  340.5,  335.9,  332.6,  330.4,  330.2,  331.9,  334.7,  337.7,  338.4,  339.5,  340.6,  341.2,  341.1,  342.5,  340.1,  335.3,  330.9,  329.5,  331.9,  336.7,  323.7,  314.0,  310.1,  314.3,  324.3,  334.1,  338.0,  334.7,  327.8,  323.9,  321.0,  319.9,  321.4,  324.1,  328.3,  329.9,  330.2,  330.2,  330.0,  330.0,  329.4,  331.3,  329.6,  325.2,  320.7,  318.8,  320.6,  324.9,  -45.6,  -44.0,  -39.6,  -34.9,  -32.7,  -34.0,  -38.7,  -43.3,  -51.0,  -47.7,  -44.0,  -39.9,  -35.5,  -31.7,  -28.6,  -31.5,  -35.5,  -39.9,  -44.1,  -47.8,  -41.1,  -38.9,  -36.7,  -36.0,  -37.0,  -39.3,  -41.5,  -42.2,  12.3,  13.9,  18.2,  22.8,  24.8,  23.2,  18.9,  14.1,  8.7,  11.5,  15.3,  19.8,  24.0,  27.4,  30.2,  27.8,  24.5,  20.7,  16.3,  12.0,  16.6,  18.6,  20.5,  21.3,  20.3,  18.3,  16.4,  15.7,  -9.8,  -14.0,  -16.1,  -14.8,  -10.9,  -6.4,  -4.8,  -6.0,  -8.1,  -10.0,  -11.3,  -12.1,  -12.2,  -11.5,  -10.4,  -9.1,  -8.8,  -8.3,  -7.9,  -7.8,  -7.8,  -7.2,  -8.2,  -10.2,  -12.0,  -12.6,  -11.6,  -9.6,  -14.9,  -19.1,  -20.8,  -19.0,  -14.8,  -10.7,  -9.0,  -10.4,  -13.2,  -14.8,  -16.0,  -16.5,  -16.0,  -14.9,  -13.3,  -12.5,  -12.3,  -12.2,  -12.3,  -12.3,  -12.6,  -11.8,  -12.6,  -14.4,  -16.3,  -17.1,  -16.4,  -14.5,  360.6,  362.9,  363.4,  361.8,  359.1,  356.8,  356.3,  357.8,  363.9,  361.4,  359.4,  358.2,  358.1,  358.8,  359.8,  357.4,  355.8,  355.7,  357.4,  360.3,  359.6,  358.8,  359.1,  360.2,  361.5,  362.3,  362.0,  360.9,  360.4,  362.8,  364.6,  364.6,  362.9,  360.4,  358.7,  358.7,  360.1,  359.5,  359.2,  359.8,  361.6,  364.1,  367.0,  363.4,  360.3,  358.1,  357.6,  358.5,  361.0,  361.0,  361.8,  362.9,  363.7,  363.7,  362.9,  361.8,  -8.0,  26.1,  353.7,  0.032,  0.020,  -0.052,  445.5,  448.0,  455.8,  468.3,  487.7,  515.8,  546.6,  584.6,  629.6,  674.0,  712.7,  744.1,  767.1,  780.8,  787.2,  791.3,  793.1,  479.2,  497.9,  523.1,  550.3,  576.1,  645.9,  675.9,  702.7,  729.9,  751.6,  613.5,  614.5,  615.4,  616.5,  583.1,  600.4,  619.2,  638.5,  655.7,  515.3,  533.0,  552.3,  570.0,  552.4,  533.3,  659.5,  677.6,  697.0,  714.5,  698.0,  679.1,  560.9,  584.7,  607.4,  623.3,  640.5,  664.0,  687.7,  665.4,  643.4,  625.0,  608.2,  585.5,  571.2,  607.9,  623.9,  641.5,  677.9,  640.5,  623.1,  607.2,  331.4,  380.4,  430.3,  478.9,  524.1,  564.3,  596.2,  618.4,  622.4,  613.0,  587.4,  552.3,  510.8,  464.5,  415.8,  366.6,  316.9,  300.1,  281.7,  273.8,  275.4,  280.9,  275.1,  266.2,  262.8,  267.3,  282.2,  321.6,  353.5,  385.1,  417.8,  438.4,  444.9,  450.2,  442.7,  434.8,  338.7,  331.1,  329.2,  333.6,  340.4,  342.8,  327.7,  321.1,  321.2,  325.9,  331.9,  332.1,  507.0,  494.0,  486.7,  489.9,  485.0,  489.0,  497.2,  516.7,  524.5,  527.6,  527.1,  522.9,  507.7,  502.4,  502.8,  499.7,  499.8,  501.2,  504.2,  503.6,  -89.7,  -89.1,  -86.3,  -80.7,  -70.7,  -56.7,  -41.3,  -23.6,  -4.4,  14.6,  32.2,  47.2,  58.2,  64.2,  66.3,  67.3,  68.2,  -67.6,  -58.7,  -47.5,  -35.9,  -25.2,  2.3,  14.2,  25.2,  36.4,  45.7,  -10.4,  -9.9,  -9.4,  -8.8,  -22.5,  -15.5,  -8.1,  -0.6,  6.2,  -51.4,  -43.7,  -35.7,  -28.4,  -35.5,  -43.4,  7.9,  15.1,  22.9,  30.2,  23.3,  15.7,  -32.8,  -22.1,  -12.8,  -6.6,  0.2,  9.5,  19.6,  10.1,  1.3,  -5.8,  -12.5,  -21.8,  -28.3,  -12.7,  -6.4,  0.6,  15.5,  0.2,  -6.6,  -12.9,  -13.2,  9.5,  32.9,  55.9,  76.2,  93.2,  104.3,  110.1,  110.9,  108.4,  100.8,  87.3,  69.0,  47.6,  25.1,  2.9,  -19.2,  -25.2,  -32.3,  -35.0,  -33.9,  -31.2,  -33.2,  -37.2,  -39.0,  -37.5,  -31.9,  -15.1,  -2.5,  9.6,  21.7,  30.9,  33.2,  35.0,  32.3,  29.4,  -8.8,  -11.8,  -12.5,  -10.7,  -8.0,  -7.0,  -13.0,  -15.7,  -15.6,  -13.8,  -11.3,  -11.2,  61.0,  53.5,  49.9,  51.0,  49.0,  51.4,  56.5,  62.2,  64.2,  65.2,  65.4,  65.0,  60.7,  56.5,  56.4,  55.2,  57.1,  55.3,  56.3,  56.4,  403.6,  406.0,  409.8,  411.4,  406.4,  399.2,  386.5,  372.9,  369.8,  375.0,  387.8,  397.1,  400.3,  398.7,  394.0,  389.3,  389.7,  368.0,  361.2,  355.3,  350.6,  345.1,  342.3,  347.2,  351.1,  354.5,  358.3,  344.2,  339.3,  333.9,  329.1,  345.4,  341.8,  339.2,  341.2,  344.0,  360.9,  357.5,  356.1,  355.1,  354.8,  356.1,  353.1,  351.9,  352.1,  354.4,  351.7,  351.3,  363.1,  349.7,  344.9,  343.4,  343.2,  348.7,  360.0,  347.3,  341.4,  340.4,  342.5,  349.0,  359.8,  346.9,  345.3,  345.4,  357.1,  342.3,  341.7,  343.6,  2.429,  0.143,  0.055,  -0.055,  620.480,  424.891,  -20.400,  4.536,  -18.583,  3.892,  -13.660,  8.471,  4.544,  -4.404,  -5.172,  -3.855,  -12.885,  2.437,  -0.370,  -6.433,  2.106,  3.405,  -2.097,  -2.001,  -1.755,  -7.008,  4.790,  -1.801,  2.283,  -3.413,  -2.756,  4.547,  0.320,  -0.561,  0.644,  -0.520,  1.037,  -0.039,  0.491,  -0.243, 0.26, 0.15, 0.24, 0.00, 0.00, 0.32, 0.00, 0.00, 0.10, 0.01, 0.69, 0.51, 0.00, 0.00, 0.10, 0.26, 0.33, 0.00, 0.00, 0.00, 0.00, 0.00, 0.00, 0.00, 0.00, 0.00, 0.00, 1.00, 0.00, 0.00, 0.00, 0.00, 0.00, 0.00, 1.00
25,  0,  0.801,  0.98,  1,  0.128917,  0.392441,  -0.910698,  -0.047383,  0.371613,  -0.927178,  0.044,  0.394,  525.0,  530.5,  542.5,  554.0,  558.3,  553.9,  540.7,  529.2,  515.2,  521.7,  529.1,  538.5,  549.5,  560.8,  570.4,  561.4,  548.6,  535.9,  526.5,  519.6,  537.1,  542.2,  547.4,  549.8,  547.9,  542.9,  537.7,  535.3,  672.3,  675.7,  686.7,  698.7,  704.8,  701.4,  690.5,  677.5,  661.0,  670.9,  682.1,  692.0,  700.3,  707.7,  714.8,  710.0,  702.8,  693.5,  681.9,  669.8,  683.3,  688.7,  693.6,  695.2,  692.4,  687.0,  682.1,  680.6,  347.4,  335.5,  329.0,  331.8,  342.2,  355.2,  360.6,  357.8,  348.8,  346.3,  344.6,  342.9,  340.5,  338.6,  337.2,  341.0,  342.3,  344.4,  346.7,  348.5,  351.7,  352.9,  350.1,  344.9,  340.4,  339.2,  342.0,  347.2,  334.2,  323.5,  319.4,  324.5,  335.6,  346.4,  350.4,  346.5,  330.8,  331.0,  331.6,  332.8,  333.1,  333.7,  334.9,  339.0,  340.5,  340.6,  339.1,  337.0,  340.8,  343.0,  341.2,  336.4,  331.4,  329.1,  330.9,  335.8,  -44.7,  -42.8,  -38.0,  -33.3,  -31.3,  -32.8,  -37.9,  -42.7,  -49.2,  -46.2,  -42.9,  -39.1,  -34.7,  -30.4,  -26.7,  -30.1,  -34.9,  -39.8,  -43.8,  -46.9,  -39.8,  -37.7,  -35.6,  -34.8,  -35.6,  -37.7,  -39.8,  -40.6,  12.7,  14.1,  18.6,  23.4,  25.8,  24.2,  19.8,  14.6,  8.2,  12.1,  16.5,  20.4,  23.8,  26.9,  30.1,  27.8,  24.7,  20.9,  16.3,  11.6,  17.1,  19.2,  21.2,  21.9,  20.8,  18.7,  16.7,  16.0,  -4.9,  -9.6,  -12.1,  -10.9,  -6.8,  -1.8,  0.2,  -0.8,  -4.4,  -5.4,  -6.0,  -6.6,  -7.5,  -8.2,  -8.8,  -7.3,  -6.8,  -6.0,  -5.1,  -4.5,  -3.2,  -2.7,  -3.8,  -5.8,  -7.6,  -8.1,  -7.0,  -5.0,  -10.1,  -14.4,  -16.2,  -14.2,  -9.7,  -5.4,  -3.7,  -5.3,  -11.5,  -11.4,  -11.2,  -10.7,  -10.6,  -10.5,  -10.1,  -8.4,  -7.7,  -7.6,  -8.1,  -9.0,  -7.6,  -6.7,  -7.4,  -9.4,  -11.4,  -12.3,  -11.5,  -9.6,  340.1,  341.9,  341.2,  338.5,  335.4,  333.6,  334.3,  337.0,  345.0,  341.5,  338.6,  336.7,  335.7,  335.7,  336.5,  334.5,  333.8,  334.8,  337.7,  341.3,  338.1,  337.0,  336.7,  337.4,  338.8,  340.0,  340.3,  339.5,  343.3,  346.1,  348.5,  349.1,  347.6,  344.8,  342.4,  341.8,  344.1,  343.2,  343.2,  344.0,  345.8,  348.5,  352.0,  347.8,  344.0,  341.3,  340.7,  341.8,  344.6,  344.8,  345.9,  347.2,  347.8,  347.6,  346.5,  345.2,  -8.0,  27.0,  350.6,  0.029,  0.015,  -0.054,  445.7,  447.6,  454.6,  467.6,  488.0,  517.1,  548.2,  585.2,  630.1,  674.6,  712.9,  743.8,  766.8,  780.3,  786.3,  790.7,  793.2,  478.5,  496.6,  521.8,  549.3,  575.6,  645.5,  675.3,  701.8,  728.7,  751.4,  612.7,  613.7,  614.5,  615.5,  581.0,  599.0,  618.8,  638.4,  656.1,  511.7,  530.2,  548.4,  567.3,  549.0,  531.2,  660.9,  681.5,  700.1,  718.0,  700.0,  681.5,  560.7,  584.3,  606.8,  622.9,  640.4,  663.8,  687.1,  665.0,  643.4,  624.8,  607.7,  585.2,  571.0,  607.2,  623.5,  641.3,  677.3,  640.6,  622.9,  606.7,  332.0,  381.2,  431.3,  480.2,  526.2,  566.6,  598.6,  621.1,  625.4,  615.5,  589.5,  554.3,  512.4,  465.2,  416.0,  366.7,  317.6,  302.7,  283.6,  275.1,  276.4,  281.6,  275.7,  267.9,  264.6,  268.7,  282.4,  325.2,  356.2,  387.0,  418.9,  439.4,  446.1,  451.6,  443.7,  435.6,  346.2,  342.2,  339.6,  338.8,  346.1,  349.2,  333.3,  331.7,  332.8,  333.5,  338.7,  338.3,  507.9,  495.3,  487.8,  491.1,  486.0,  490.6,  498.6,  518.8,  527.3,  530.9,  530.5,  526.0,  508.9,  503.9,  504.4,  501.4,  501.2,  502.9,  506.1,  505.7,  -88.8,  -88.5,  -86.4,  -80.8,  -70.5,  -55.9,  -40.3,  -23.3,  -4.2,  15.0,  32.6,  47.4,  58.2,  63.9,  65.7,  67.0,  68.3,  -67.8,  -59.1,  -47.8,  -36.1,  -25.1,  2.1,  13.9,  24.6,  35.7,  45.3,  -10.6,  -10.1,  -9.6,  -9.1,  -23.0,  -15.8,  -8.1,  -0.6,  6.2,  -52.8,  -44.7,  -37.1,  -29.3,  -36.7,  -44.1,  8.4,  16.6,  24.1,  31.4,  24.0,  16.6,  -32.5,  -21.9,  -12.9,  -6.6,  0.2,  9.4,  19.2,  9.8,  1.3,  -5.9,  -12.5,  -21.6,  -28.0,  -12.8,  -6.4,  0.5,  15.1,  0.2,  -6.6,  -12.9,  -12.8,  9.8,  33.2,  56.4,  77.0,  94.0,  104.8,  110.9,  112.5,  110.3,  102.5,  88.7,  69.9,  47.9,  25.2,  3.0,  -18.9,  -24.0,  -31.5,  -34.3,  -33.3,  -30.6,  -32.6,  -36.2,  -38.0,  -36.8,  -31.5,  -13.6,  -1.4,  10.2,  21.9,  30.9,  33.3,  35.1,  32.3,  29.4,  -5.7,  -7.2,  -8.3,  -8.5,  -5.6,  -4.4,  -10.7,  -11.3,  -10.9,  -10.7,  -8.5,  -8.7,  60.5,  53.3,  49.7,  50.8,  48.8,  51.4,  56.4,  62.4,  64.7,  65.8,  65.9,  65.3,  60.4,  56.3,  56.3,  55.2,  57.0,  55.3,  56.4,  56.6,  400.0,  402.5,  407.7,  410.1,  405.6,  398.1,  384.3,  371.7,  370.9,  377.7,  390.7,  399.5,  401.4,  398.6,  393.1,  389.2,  390.2,  367.2,  360.4,  353.7,  348.3,  341.6,  338.4,  344.0,  348.6,  352.1,  355.8,  341.4,  335.9,  329.9,  324.5,  341.2,  338.0,  335.4,  337.6,  340.6,  359.9,  356.1,  354.8,  352.8,  353.2,  354.4,  350.7,  350.4,  350.7,  352.9,  350.0,  349.6,  358.1,  344.8,  340.2,  338.9,  339.1,  344.5,  356.2,  343.8,  338.2,  336.7,  338.2,  344.3,  354.6,  342.4,  341.2,  341.6,  353.2,  338.9,  338.0,  339.6,  2.445,  0.145,  0.046,  -0.057,  620.143,  427.615,  -9.493,  3.644,  -17.645,  7.487,  -15.757,  2.470,  1.645,  -3.400,  -10.625,  -8.964,  -13.080,  -0.538,  1.741,  -8.018,  -1.317,  -0.470,  -7.696,  -2.250,  -5.676,  -8.135,  6.934,  -0.523,  4.206,  -4.760,  -4.058,  4.172,  0.478,  -0.319,  0.241,  -0.903,  1.060,  0.274,  0.085,  0.030, 0.44, 0.15, 0.36, 0.00, 0.00, 0.32, 0.00, 0.00, 0.13, 0.01, 0.46, 0.45, 0.00, 0.00, 0.21, 0.31, 0.74, 0.00, 0.00, 0.00, 0.00, 0.00, 0.00, 0.00, 0.00, 0.00, 0.00, 1.00, 0.00, 0.00, 0.00, 0.00, 0.00, 0.00, 1.00
26,  0,  0.834,  0.98,  1,  0.120412,  0.450234,  -0.884754,  -0.064165,  0.461942,  -0.884586,  0.032,  0.476,  525.4,  529.2,  539.5,  550.3,  555.2,  552.5,  541.2,  530.4,  514.9,  521.3,  528.6,  537.3,  547.3,  557.8,  567.1,  558.8,  547.5,  536.2,  527.2,  520.1,  537.1,  541.5,  545.7,  547.2,  545.2,  540.8,  536.6,  535.1,  669.7,  673.6,  684.9,  696.9,  702.7,  698.9,  687.6,  674.6,  659.3,  668.6,  679.4,  689.8,  698.7,  706.0,  713.0,  707.9,  701.1,  692.0,  680.1,  668.3,  680.6,  686.2,  691.4,  693.2,  690.5,  684.9,  679.7,  677.9,  351.1,  339.1,  332.9,  336.3,  347.3,  360.2,  365.5,  362.1,  349.9,  349.3,  348.7,  347.4,  345.2,  342.9,  340.7,  345.1,  347.1,  349.1,  350.2,  350.7,  354.9,  356.3,  353.8,  348.9,  344.4,  343.0,  345.5,  350.4,  339.0,  327.7,  323.4,  328.7,  340.5,  351.8,  356.0,  351.8,  333.4,  334.6,  336.2,  337.7,  337.8,  337.4,  337.5,  338.5,  338.6,  338.2,  337.5,  336.9,  345.8,  348.2,  346.3,  341.0,  335.6,  333.2,  335.2,  340.4,  -49.0,  -47.4,  -42.9,  -38.1,  -35.8,  -36.9,  -41.8,  -46.6,  -54.1,  -50.8,  -47.3,  -43.4,  -39.0,  -34.6,  -30.8,  -34.2,  -38.8,  -43.7,  -47.8,  -51.4,  -43.9,  -41.9,  -40.1,  -39.4,  -40.4,  -42.3,  -44.2,  -44.8,  12.1,  13.8,  18.5,  23.5,  25.8,  24.1,  19.4,  14.0,  7.9,  11.7,  16.0,  20.3,  24.0,  27.2,  30.4,  28.1,  25.0,  21.1,  16.2,  11.5,  16.6,  18.9,  21.1,  21.9,  20.8,  18.5,  16.3,  15.5,  -3.8,  -9.0,  -11.5,  -10.0,  -5.4,  0.1,  2.3,  0.9,  -4.4,  -4.6,  -4.8,  -5.3,  -6.2,  -7.2,  -8.2,  -6.3,  -5.4,  -4.6,  -4.1,  -4.0,  -2.2,  -1.6,  -2.6,  -4.7,  -6.6,  -7.2,  -6.2,  -4.1,  -8.6,  -13.3,  -15.1,  -12.9,  -8.1,  -3.4,  -1.6,  -3.3,  -10.8,  -10.3,  -9.7,  -9.1,  -9.1,  -9.3,  -9.4,  -8.9,  -8.7,  -8.8,  -9.1,  -9.4,  -5.8,  -4.8,  -5.6,  -7.8,  -10.0,  -11.0,  -10.2,  -8.0,  374.0,  374.3,  373.1,  371.0,  369.4,  369.3,  370.4,  372.4,  378.8,  374.7,  371.6,  369.4,  368.5,  368.8,  369.8,  368.1,  367.3,  368.3,  371.0,  374.6,  372.9,  372.1,  371.5,  371.6,  372.3,  373.1,  373.6,  373.5,  356.5,  359.0,  361.2,  361.9,  360.6,  358.0,  355.8,  355.2,  357.1,  356.2,  356.0,  356.8,  358.6,  361.3,  364.9,  361.3,  357.8,  355.1,  354.3,  355.2,  357.8,  358.1,  359.1,  360.3,  360.9,  360.6,  359.6,  358.4,  -8.5,  27.9,  351.0,  0.027,  0.021,  -0.055,  445.5,  447.2,  454.0,  467.3,  488.2,  517.9,  548.4,  584.7,  629.0,  673.4,  711.7,  742.9,  766.3,  780.1,  786.1,  790.5,  793.1,  478.2,  495.7,  520.5,  548.0,  574.0,  643.8,  674.0,  700.6,  727.6,  750.0,  611.2,  612.1,  612.8,  613.7,  579.4,  597.4,  617.1,  636.8,  654.5,  511.1,  529.5,  546.9,  565.5,  547.6,  530.7,  659.5,  680.1,  698.0,  715.7,  697.4,  679.6,  559.5,  582.8,  605.2,  621.3,  638.8,  662.3,  685.7,  663.5,  641.8,  623.2,  606.0,  583.6,  569.8,  605.7,  622.0,  639.8,  676.0,  638.8,  621.2,  605.0,  333.7,  382.8,  432.9,  482.1,  528.1,  568.7,  600.9,  623.9,  628.8,  618.7,  592.2,  556.7,  514.9,  467.7,  418.0,  367.9,  318.3,  304.6,  285.5,  276.8,  278.3,  283.7,  277.3,  269.1,  265.7,  270.0,  283.8,  327.9,  358.7,  389.3,  421.2,  441.0,  447.8,  453.3,  445.5,  437.5,  349.1,  346.7,  343.9,  341.2,  348.4,  351.6,  335.0,  335.3,  336.6,  335.8,  340.5,  340.0,  510.1,  497.5,  490.1,  493.4,  488.3,  492.7,  500.6,  522.0,  531.0,  534.8,  534.3,  529.1,  511.3,  506.4,  506.9,  503.8,  503.3,  506.0,  509.3,  509.0,  -88.9,  -88.7,  -86.8,  -81.2,  -70.5,  -55.6,  -40.1,  -23.5,  -4.7,  14.4,  32.0,  46.9,  57.8,  63.7,  65.5,  66.8,  68.1,  -68.0,  -59.5,  -48.4,  -36.7,  -25.8,  1.5,  13.4,  24.2,  35.2,  44.7,  -11.3,  -10.7,  -10.3,  -9.8,  -23.6,  -16.5,  -8.8,  -1.2,  5.7,  -53.1,  -45.0,  -37.8,  -30.1,  -37.4,  -44.3,  7.8,  16.0,  23.2,  30.5,  23.0,  15.8,  -33.0,  -22.6,  -13.5,  -7.2,  -0.5,  8.8,  18.6,  9.3,  0.7,  -6.5,  -13.1,  -22.2,  -28.5,  -13.4,  -7.0,  -0.1,  14.6,  -0.4,  -7.3,  -13.6,  -12.0,  10.5,  34.0,  57.4,  78.1,  95.0,  105.6,  112.0,  114.0,  111.7,  103.6,  89.7,  70.9,  49.0,  26.0,  3.5,  -18.5,  -23.3,  -30.7,  -33.7,  -32.6,  -29.8,  -32.0,  -35.7,  -37.6,  -36.2,  -31.0,  -12.5,  -0.5,  11.1,  22.7,  31.6,  33.9,  35.8,  33.0,  30.2,  -4.5,  -5.4,  -6.5,  -7.6,  -4.7,  -3.4,  -10.0,  -9.9,  -9.4,  -9.8,  -7.8,  -8.0,  61.5,  54.2,  50.6,  51.7,  49.8,  52.3,  57.3,  63.7,  66.3,  67.4,  67.5,  66.7,  61.4,  57.4,  57.4,  56.2,  57.9,  56.6,  57.8,  57.9,  400.0,  402.8,  408.6,  411.4,  406.4,  398.2,  383.6,  371.3,  371.0,  378.0,  390.6,  399.0,  400.7,  397.7,  392.2,  388.2,  389.2,  367.7,  361.0,  354.3,  349.0,  342.2,  338.5,  344.1,  348.8,  352.2,  355.8,  341.8,  336.3,  330.3,  325.0,  341.4,  338.3,  335.8,  338.1,  341.0,  360.3,  356.7,  355.4,  353.3,  353.8,  354.9,  350.7,  350.4,  350.6,  352.6,  350.0,  349.7,  358.5,  345.3,  340.5,  339.2,  339.4,  344.7,  356.5,  344.2,  338.9,  337.3,  338.8,  344.9,  355.0,  343.0,  341.8,  342.1,  353.6,  339.3,  338.4,  340.0,  2.444,  0.146,  0.055,  -0.058,  618.935,  429.962,  -11.706,  3.858,  -17.592,  7.549,  -15.858,  1.872,  1.852,  -3.506,  -10.499,  -9.052,  -13.826,  -1.377,  1.976,  -8.496,  -1.789,  0.157,  -9.058,  -3.113,  -6.408,  -9.004,  6.867,  -1.034,  5.268,  -4.695,  -4.285,  5.311,  1.397,  -0.974,  0.322,  -0.413,  1.063,  -0.193,  0.483,  0.140, 0.58, 0.17, 0.32, 0.00, 0.00, 0.00, 0.00, 0.00, 0.13, 0.01, 0.40, 0.40, 0.00, 0.00, 0.47, 0.61, 1.11, 1.00, 0.00, 0.00, 0.00, 0.00, 0.00, 0.00, 0.00, 0.00, 0.00, 1.00, 0.00, 0.00, 0.00, 0.00, 0.00, 0.00, 1.00
27,  0,  0.868,  0.98,  1,  0.137302,  0.445799,  -0.884540,  -0.070616,  0.464544,  -0.882730,  0.038,  0.476,  523.5,  527.3,  537.9,  548.9,  554.0,  551.2,  539.6,  528.6,  513.3,  519.7,  526.7,  535.1,  544.9,  555.2,  564.4,  556.1,  545.0,  533.9,  525.1,  518.4,  535.0,  540.0,  544.7,  546.4,  544.1,  539.2,  534.4,  532.7,  668.0,  671.4,  682.5,  694.6,  700.8,  697.3,  686.3,  673.3,  657.6,  667.3,  678.2,  688.3,  696.8,  703.9,  711.0,  705.8,  699.0,  690.1,  678.4,  666.7,  678.9,  684.7,  689.9,  691.5,  688.6,  682.8,  677.6,  676.0,  353.9,  341.7,  335.4,  338.8,  349.9,  363.0,  368.4,  365.0,  352.3,  352.3,  352.2,  351.1,  348.6,  345.9,  343.5,  348.0,  350.3,  352.3,  353.2,  353.3,  358.3,  359.8,  357.0,  351.5,  346.5,  345.0,  347.8,  353.3,  342.6,  331.4,  326.9,  331.8,  343.2,  354.4,  358.9,  355.1,  336.6,  338.1,  339.9,  341.7,  341.6,  340.7,  340.2,  341.6,  341.9,  341.7,  341.0,  340.2,  349.2,  351.5,  349.4,  344.1,  338.7,  336.4,  338.5,  343.8,  -49.8,  -48.2,  -43.5,  -38.6,  -36.3,  -37.4,  -42.5,  -47.4,  -54.8,  -51.5,  -48.1,  -44.3,  -40.0,  -35.7,  -31.9,  -35.3,  -39.9,  -44.6,  -48.7,  -52.0,  -44.7,  -42.5,  -40.4,  -39.7,  -40.8,  -43.0,  -45.1,  -45.8,  11.5,  13.0,  17.7,  22.8,  25.3,  23.7,  19.0,  13.6,  7.2,  11.2,  15.7,  19.9,  23.5,  26.6,  29.9,  27.4,  24.3,  20.5,  15.7,  10.9,  16.1,  18.4,  20.7,  21.4,  20.2,  17.8,  15.6,  14.9,  -2.6,  -7.8,  -10.5,  -9.0,  -4.3,  1.3,  3.6,  2.1,  -3.3,  -3.3,  -3.3,  -3.7,  -4.8,  -5.9,  -7.0,  -5.0,  -4.1,  -3.2,  -2.9,  -2.9,  -0.7,  -0.1,  -1.3,  -3.6,  -5.7,  -6.4,  -5.2,  -2.9,  -7.2,  -11.9,  -13.8,  -11.8,  -7.0,  -2.3,  -0.4,  -2.0,  -9.6,  -9.0,  -8.2,  -7.5,  -7.6,  -8.0,  -8.3,  -7.7,  -7.5,  -7.5,  -7.8,  -8.1,  -4.5,  -3.5,  -4.4,  -6.6,  -8.9,  -9.8,  -8.9,  -6.7,  373.9,  374.2,  373.0,  370.9,  369.2,  369.0,  370.1,  372.2,  378.3,  374.4,  371.4,  369.4,  368.4,  368.5,  369.3,  367.8,  367.1,  368.1,  370.9,  374.4,  372.7,  371.8,  371.2,  371.4,  372.2,  373.1,  373.6,  373.5,  359.8,  362.4,  364.8,  365.4,  364.0,  361.3,  359.0,  358.4,  360.4,  359.4,  359.1,  359.8,  361.6,  364.4,  368.2,  364.4,  360.9,  358.2,  357.4,  358.4,  361.0,  361.3,  362.4,  363.7,  364.4,  364.1,  363.0,  361.7,  -9.4,  29.1,  351.2,  0.031,  0.030,  -0.055,  444.9,  446.7,  453.5,  467.0,  487.7,  516.9,  546.7,  582.2,  626.3,  671.0,  709.9,  741.9,  765.7,  779.7,  785.5,  790.1,  793.0,  476.6,  493.6,  518.3,  545.9,  571.9,  641.3,  671.7,  698.6,  725.8,  748.2,  608.9,  609.6,  610.1,  610.8,  576.9,  594.8,  614.4,  634.2,  651.9,  509.0,  527.4,  544.6,  563.2,  545.3,  528.6,  657.7,  678.3,  696.2,  714.0,  695.5,  677.6,  558.1,  580.2,  602.6,  618.6,  635.8,  659.5,  682.7,  661.0,  639.3,  620.8,  603.7,  581.2,  568.4,  603.3,  619.4,  637.0,  672.9,  636.2,  618.7,  602.6,  335.8,  384.9,  435.0,  484.2,  530.2,  570.8,  603.2,  626.7,  632.1,  621.9,  594.8,  558.8,  517.0,  469.7,  419.9,  369.8,  320.3,  307.0,  287.6,  278.8,  280.4,  286.1,  280.0,  271.8,  268.3,  272.5,  286.5,  331.1,  361.9,  392.4,  424.2,  443.3,  450.1,  455.7,  447.9,  440.0,  351.9,  350.1,  347.4,  344.1,  351.3,  354.3,  338.0,  339.1,  340.4,  339.0,  343.7,  343.1,  512.9,  498.9,  491.1,  494.4,  489.3,  494.4,  503.5,  526.9,  536.9,  540.7,  540.2,  534.1,  513.9,  508.3,  508.7,  505.9,  506.2,  510.4,  513.7,  513.4,  -89.0,  -88.9,  -87.1,  -81.5,  -70.9,  -56.2,  -41.0,  -24.6,  -5.8,  13.4,  31.2,  46.4,  57.5,  63.3,  65.0,  66.3,  67.7,  -68.7,  -60.5,  -49.3,  -37.6,  -26.6,  0.5,  12.4,  23.3,  34.4,  43.8,  -12.1,  -11.7,  -11.3,  -10.9,  -24.7,  -17.5,  -9.8,  -2.3,  4.6,  -54.0,  -45.9,  -38.7,  -31.0,  -38.3,  -45.2,  7.1,  15.3,  22.5,  29.8,  22.1,  15.0,  -33.6,  -23.6,  -14.6,  -8.3,  -1.6,  7.7,  17.4,  8.3,  -0.3,  -7.4,  -14.1,  -23.2,  -29.1,  -14.4,  -8.0,  -1.2,  13.3,  -1.5,  -8.2,  -14.6,  -11.1,  11.4,  35.1,  58.5,  79.2,  96.2,  106.9,  113.5,  115.8,  113.4,  104.9,  90.6,  71.7,  49.7,  26.8,  4.3,  -17.6,  -22.3,  -29.9,  -32.9,  -31.8,  -28.9,  -30.9,  -34.6,  -36.5,  -35.1,  -29.8,  -11.3,  0.7,  12.3,  23.9,  32.5,  34.9,  36.8,  34.0,  31.2,  -3.3,  -4.0,  -5.1,  -6.4,  -3.5,  -2.3,  -8.8,  -8.4,  -7.8,  -8.4,  -6.5,  -6.7,  62.6,  54.8,  51.0,  52.0,  50.1,  52.9,  58.3,  65.7,  68.7,  69.8,  70.0,  68.8,  62.4,  58.1,  58.1,  57.0,  59.0,  58.4,  59.5,  59.7,  399.3,  402.6,  408.9,  412.2,  407.4,  399.2,  384.6,  372.5,  372.4,  379.0,  390.9,  398.7,  399.9,  396.6,  390.8,  386.8,  387.6,  368.0,  361.4,  354.6,  349.2,  342.4,  338.4,  343.6,  348.0,  351.1,  354.2,  342.0,  336.7,  331.0,  325.9,  341.8,  338.8,  336.3,  338.5,  341.3,  360.7,  356.9,  355.5,  353.2,  354.0,  355.2,  350.3,  349.9,  349.9,  351.7,  349.3,  349.2,  358.4,  345.3,  340.2,  338.7,  338.9,  344.0,  355.6,  344.4,  339.7,  338.3,  339.7,  345.5,  355.0,  343.2,  341.8,  342.0,  353.0,  339.7,  338.9,  340.6,  2.443,  0.153,  0.068,  -0.059,  616.931,  432.747,  -13.907,  3.075,  -17.467,  7.875,  -16.600,  -1.660,  2.422,  -3.558,  -11.023,  -10.195,  -13.357,  -1.953,  3.277,  -7.651,  -1.568,  -0.477,  -9.363,  -3.898,  -6.337,  -8.639,  7.287,  -1.259,  5.758,  -4.435,  -4.488,  5.847,  1.637,  -1.137,  0.262,  -0.255,  0.989,  -0.290,  0.410,  0.234, 0.69, 0.18, 0.24, 0.00, 0.00, 0.00, 0.04, 0.00, 0.12, 0.00, 0.40, 0.27, 0.00, 0.00, 0.77, 0.86, 1.17, 1.00, 0.00, 0.00, 0.00, 0.00, 0.00, 0.00, 0.00, 0.00, 0.00, 0.00, 0.00, 0.00, 0.00, 0.00, 0.00, 0.00, 1.00
28,  0,  0.901,  0.98,  1,  0.150262,  0.448010,  -0.881311,  -0.089683,  0.472789,  -0.876600,  0.034,  0.483,  521.3,  524.9,  535.3,  546.4,  551.7,  549.1,  537.6,  526.6,  510.1,  516.6,  523.8,  532.2,  542.0,  552.4,  561.7,  553.6,  542.5,  531.4,  522.4,  515.4,  532.9,  537.7,  542.2,  543.8,  541.5,  536.7,  532.2,  530.7,  664.0,  667.5,  679.0,  691.8,  698.3,  694.8,  683.3,  669.6,  654.3,  664.1,  675.1,  685.6,  694.0,  701.0,  708.1,  703.0,  696.4,  687.7,  675.7,  663.7,  675.3,  681.5,  687.1,  688.8,  685.6,  679.4,  673.8,  672.1,  356.3,  344.1,  338.2,  341.8,  353.1,  366.0,  371.2,  367.5,  354.4,  354.8,  354.8,  353.9,  351.5,  348.9,  346.3,  351.2,  353.7,  355.7,  356.4,  356.0,  360.5,  362.1,  359.5,  354.2,  349.4,  347.8,  350.4,  355.6,  346.2,  334.5,  329.8,  334.9,  346.8,  358.5,  363.2,  359.2,  339.4,  341.1,  343.3,  345.4,  345.3,  344.0,  343.3,  345.0,  345.6,  345.4,  344.6,  343.5,  353.3,  355.7,  353.5,  347.8,  342.0,  339.5,  341.8,  347.5,  -50.7,  -49.2,  -44.6,  -39.7,  -37.3,  -38.5,  -43.4,  -48.4,  -56.2,  -52.9,  -49.4,  -45.6,  -41.3,  -36.9,  -33.1,  -36.4,  -41.0,  -45.7,  -49.9,  -53.4,  -45.7,  -43.6,  -41.6,  -40.9,  -41.9,  -44.0,  -46.0,  -46.7,  9.6,  11.1,  15.8,  21.1,  23.6,  22.0,  17.3,  11.8,  5.7,  9.6,  14.0,  18.2,  21.7,  24.7,  27.9,  25.5,  22.6,  19.0,  14.2,  9.5,  14.2,  16.7,  19.0,  19.7,  18.5,  16.0,  13.6,  12.9,  -1.6,  -6.8,  -9.3,  -7.7,  -2.9,  2.5,  4.8,  3.2,  -2.4,  -2.2,  -2.2,  -2.6,  -3.6,  -4.7,  -5.8,  -3.7,  -2.6,  -1.8,  -1.5,  -1.7,  0.2,  0.9,  -0.2,  -2.4,  -4.5,  -5.2,  -4.1,  -1.9,  -5.5,  -10.3,  -12.2,  -10.2,  -5.3,  -0.6,  1.3,  -0.3,  -8.2,  -7.6,  -6.7,  -5.8,  -5.9,  -6.5,  -6.8,  -6.1,  -5.8,  -5.8,  -6.1,  -6.6,  -2.7,  -1.7,  -2.6,  -4.9,  -7.3,  -8.3,  -7.3,  -5.0,  374.1,  374.0,  372.7,  371.0,  369.8,  370.1,  371.2,  372.9,  378.8,  374.9,  371.9,  369.8,  368.8,  368.9,  369.8,  368.3,  367.6,  368.6,  371.3,  374.9,  373.3,  372.5,  372.0,  371.9,  372.4,  373.2,  373.7,  373.8,  350.0,  352.7,  355.2,  355.9,  354.4,  351.6,  349.2,  348.5,  350.5,  349.5,  349.3,  350.1,  351.8,  354.5,  358.2,  354.8,  351.3,  348.4,  347.6,  348.6,  351.2,  351.6,  352.7,  354.1,  354.8,  354.5,  353.3,  352.0,  -10.7,  30.2,  351.1,  0.035,  0.044,  -0.054,  444.2,  446.0,  453.0,  466.6,  487.0,  515.3,  543.7,  577.4,  620.9,  666.0,  706.2,  739.4,  763.9,  778.3,  784.4,  789.2,  792.7,  473.9,  490.5,  515.1,  542.5,  568.2,  638.0,  668.5,  695.8,  723.1,  745.7,  605.3,  605.5,  605.5,  605.6,  572.7,  590.3,  609.8,  629.6,  647.4,  506.1,  524.6,  541.9,  560.4,  542.4,  525.5,  654.6,  675.4,  693.4,  711.4,  692.7,  674.6,  554.8,  575.9,  597.9,  613.9,  631.6,  655.2,  678.3,  656.5,  634.9,  615.9,  598.6,  576.6,  564.9,  598.6,  614.8,  632.8,  668.5,  632.0,  614.0,  597.7,  338.8,  388.0,  438.0,  486.9,  532.6,  572.7,  605.0,  628.8,  634.7,  624.9,  597.6,  561.1,  518.8,  471.2,  421.5,  371.5,  322.2,  308.7,  289.5,  280.9,  282.8,  288.8,  282.9,  274.6,  270.9,  275.1,  289.0,  334.4,  365.2,  395.7,  427.5,  446.3,  453.2,  458.9,  451.2,  443.5,  354.3,  352.8,  350.2,  347.2,  354.2,  357.1,  341.4,  342.5,  343.8,  342.4,  347.2,  346.7,  515.2,  501.4,  493.7,  497.2,  492.0,  497.3,  506.4,  530.1,  540.5,  544.4,  543.7,  537.1,  516.3,  510.9,  511.5,  508.7,  509.1,  513.9,  517.3,  516.8,  -89.4,  -89.3,  -87.4,  -81.8,  -71.4,  -57.0,  -42.4,  -26.7,  -8.1,  11.3,  29.5,  45.2,  56.4,  62.4,  64.3,  65.8,  67.5,  -70.1,  -61.9,  -50.7,  -38.9,  -28.1,  -0.8,  11.2,  22.1,  33.2,  42.6,  -13.5,  -13.3,  -13.1,  -12.8,  -26.3,  -19.2,  -11.6,  -4.0,  2.9,  -55.3,  -47.1,  -39.9,  -32.1,  -39.5,  -46.5,  5.8,  14.1,  21.3,  28.6,  20.9,  13.8,  -34.9,  -25.3,  -16.4,  -10.1,  -3.3,  6.0,  15.5,  6.5,  -2.0,  -9.3,  -16.1,  -25.0,  -30.5,  -16.2,  -9.8,  -2.8,  11.5,  -3.1,  -10.1,  -16.5,  -9.7,  12.9,  36.5,  59.9,  80.5,  97.3,  108.0,  114.8,  117.2,  114.9,  106.0,  91.4,  72.3,  50.2,  27.4,  5.1,  -16.7,  -21.6,  -29.2,  -32.1,  -30.8,  -27.8,  -29.7,  -33.4,  -35.3,  -33.9,  -28.6,  -10.0,  2.0,  13.5,  25.1,  33.7,  36.1,  38.0,  35.3,  32.5,  -2.4,  -3.0,  -4.0,  -5.2,  -2.4,  -1.2,  -7.4,  -7.0,  -6.4,  -7.0,  -5.1,  -5.3,  63.6,  55.8,  52.0,  53.1,  51.1,  53.9,  59.3,  66.9,  70.1,  71.3,  71.4,  70.0,  63.4,  59.2,  59.2,  58.1,  60.0,  59.7,  60.9,  61.1,  399.8,  402.9,  409.2,  412.6,  408.0,  400.0,  385.7,  373.8,  373.4,  379.5,  390.6,  397.7,  398.5,  395.0,  389.5,  385.8,  386.8,  369.2,  362.2,  354.9,  349.1,  341.9,  337.2,  342.1,  346.4,  349.5,  352.6,  341.7,  336.4,  330.7,  325.6,  341.8,  338.7,  336.2,  338.2,  340.8,  361.5,  357.3,  355.7,  353.3,  354.3,  355.6,  349.5,  348.8,  348.7,  350.4,  348.1,  348.1,  358.5,  345.4,  340.1,  338.4,  338.4,  343.3,  354.5,  343.9,  339.7,  338.6,  340.2,  345.9,  355.1,  343.2,  341.7,  341.7,  352.0,  339.6,  339.0,  340.8,  2.445,  0.160,  0.086,  -0.058,  613.582,  435.545,  -13.640,  1.171,  -17.125,  8.790,  -15.482,  -2.971,  2.113,  -5.049,  -12.053,  -10.349,  -12.688,  -1.982,  3.703,  -6.986,  -1.074,  -1.835,  -9.306,  -4.456,  -6.628,  -9.056,  7.692,  -1.318,  5.620,  -4.257,  -3.738,  5.877,  1.762,  -1.004,  0.356,  -0.027,  0.876,  -0.183,  0.445,  0.153, 0.77, 0.21, 0.11, 0.00, 0.00, 0.00, 0.06, 0.00, 0.13, 0.00, 0.41, 0.17, 0.00, 0.00, 1.11, 1.07, 1.02, 1.00, 0.00, 0.00, 0.00, 0.00, 0.00, 0.00, 0.00, 0.00, 0.00, 0.00, 0.00, 0.00, 0.00, 1.00, 0.00, 0.00, 1.00
29,  0,  0.934,  0.98,  1,  0.122554,  0.459943,  -0.879450,  -0.099890,  0.488518,  -0.866817,  0.013,  0.498,  516.4,  520.2,  530.9,  542.2,  547.5,  544.7,  533.0,  521.7,  505.3,  512.4,  519.8,  528.2,  537.9,  548.1,  557.2,  549.2,  538.6,  527.6,  518.6,  511.3,  527.9,  533.0,  537.9,  539.6,  537.2,  532.1,  527.3,  525.5,  659.8,  663.8,  675.8,  688.6,  694.9,  690.9,  679.0,  665.1,  650.7,  660.0,  670.9,  681.5,  690.2,  697.5,  705.0,  699.4,  692.5,  683.6,  671.6,  659.9,  671.2,  677.6,  683.4,  685.4,  682.3,  676.0,  670.1,  668.2,  358.5,  346.3,  340.4,  344.4,  355.8,  368.9,  373.9,  370.0,  355.1,  356.1,  356.7,  356.1,  353.8,  351.3,  349.1,  354.0,  356.6,  358.4,  358.4,  357.3,  363.1,  364.9,  362.3,  356.8,  351.6,  349.8,  352.4,  358.0,  350.2,  338.0,  333.0,  338.1,  350.4,  362.5,  367.5,  363.5,  342.6,  344.1,  346.5,  348.7,  348.5,  347.0,  346.1,  348.0,  349.0,  349.0,  348.1,  346.8,  357.2,  359.7,  357.2,  351.3,  345.3,  342.8,  345.2,  351.2,  -53.4,  -51.7,  -47.0,  -41.9,  -39.6,  -40.8,  -46.0,  -51.0,  -58.8,  -55.1,  -51.6,  -47.8,  -43.5,  -39.2,  -35.4,  -38.7,  -43.1,  -47.8,  -52.0,  -55.6,  -48.4,  -46.1,  -43.9,  -43.2,  -44.3,  -46.5,  -48.7,  -49.5,  8.0,  9.7,  14.6,  19.9,  22.4,  20.6,  15.7,  10.1,  4.3,  8.1,  12.4,  16.7,  20.3,  23.4,  26.7,  24.2,  21.2,  17.5,  12.6,  8.0,  12.6,  15.2,  17.6,  18.5,  17.3,  14.7,  12.2,  11.4,  -0.6,  -5.9,  -8.4,  -6.7,  -1.8,  3.8,  6.0,  4.3,  -2.1,  -1.7,  -1.4,  -1.7,  -2.6,  -3.7,  -4.7,  -2.5,  -1.4,  -0.7,  -0.7,  -1.2,  1.4,  2.1,  1.0,  -1.4,  -3.6,  -4.4,  -3.3,  -0.9,  -4.0,  -8.9,  -11.0,  -8.9,  -3.9,  1.0,  3.0,  1.4,  -7.0,  -6.4,  -5.4,  -4.5,  -4.6,  -5.3,  -5.7,  -4.9,  -4.5,  -4.4,  -4.7,  -5.3,  -1.1,  -0.1,  -1.1,  -3.5,  -6.0,  -7.0,  -6.0,  -3.6,  378.2,  378.0,  376.8,  375.3,  374.4,  374.8,  375.8,  377.3,  381.9,  378.2,  375.5,  373.8,  372.9,  373.2,  374.2,  372.7,  371.8,  372.5,  374.9,  378.3,  377.7,  377.0,  376.4,  376.3,  376.8,  377.4,  378.0,  378.1,  352.7,  355.1,  357.1,  357.7,  356.4,  354.0,  351.9,  351.5,  353.3,  352.2,  351.8,  352.3,  353.8,  356.2,  359.7,  356.6,  353.4,  350.7,  350.2,  351.3,  353.9,  354.1,  355.2,  356.3,  357.0,  356.7,  355.7,  354.5,  -12.4,  31.2,  349.9,  0.036,  0.064,  -0.050,  444.1,  445.6,  452.5,  465.7,  485.7,  513.5,  540.9,  573.1,  615.8,  660.8,  701.7,  736.2,  761.6,  776.9,  783.5,  788.6,  792.4,  470.6,  487.1,  511.4,  538.6,  563.7,  633.4,  664.4,  692.0,  719.7,  742.7,  600.9,  600.3,  599.6,  599.1,  566.8,  584.3,  603.7,  623.9,  642.0,  502.1,  520.4,  537.7,  556.3,  538.1,  521.0,  650.5,  671.5,  689.6,  708.0,  688.9,  670.6,  549.6,  570.4,  592.0,  607.9,  625.6,  649.3,  673.3,  650.2,  628.4,  609.3,  592.2,  570.6,  559.3,  592.9,  608.9,  627.0,  663.3,  625.8,  607.7,  591.7,  338.7,  388.4,  439.3,  489.0,  535.6,  576.0,  608.1,  631.6,  637.6,  627.8,  600.5,  564.3,  522.5,  475.0,  425.1,  375.0,  325.6,  309.9,  290.7,  282.6,  284.9,  291.4,  285.9,  277.9,  274.0,  278.0,  292.0,  337.3,  368.1,  398.7,  430.4,  449.2,  456.2,  461.9,  454.4,  446.8,  355.9,  354.7,  352.4,  349.9,  356.6,  359.3,  344.7,  345.5,  346.9,  345.6,  350.5,  350.0,  517.4,  504.4,  496.9,  500.5,  495.4,  500.7,  509.2,  532.1,  542.2,  546.1,  545.4,  539.0,  518.7,  513.9,  514.6,  511.9,  511.9,  515.9,  519.3,  518.8,  -89.6,  -89.7,  -87.9,  -82.3,  -72.1,  -57.9,  -43.7,  -28.6,  -10.3,  9.0,  27.4,  43.4,  55.0,  61.3,  63.4,  65.1,  67.0,  -71.5,  -63.3,  -52.1,  -40.4,  -29.7,  -2.5,  9.5,  20.4,  31.6,  41.1,  -15.2,  -15.2,  -15.2,  -15.1,  -28.5,  -21.4,  -13.9,  -6.2,  0.8,  -57.0,  -48.7,  -41.5,  -33.7,  -41.2,  -48.3,  4.2,  12.5,  19.6,  27.0,  19.3,  12.1,  -37.0,  -27.4,  -18.6,  -12.4,  -5.5,  3.6,  13.4,  4.0,  -4.5,  -11.8,  -18.5,  -27.3,  -32.7,  -18.4,  -12.1,  -5.1,  9.3,  -5.5,  -12.4,  -18.7,  -9.8,  13.1,  37.1,  61.0,  82.0,  98.9,  109.5,  116.1,  118.2,  115.7,  106.7,  92.2,  73.4,  51.5,  28.8,  6.6,  -15.1,  -21.2,  -28.7,  -31.3,  -29.9,  -26.7,  -28.4,  -31.9,  -33.8,  -32.5,  -27.2,  -8.8,  3.1,  14.5,  26.0,  34.7,  37.1,  38.9,  36.3,  33.6,  -1.7,  -2.2,  -3.1,  -4.1,  -1.4,  -0.3,  -6.1,  -5.7,  -5.2,  -5.7,  -3.7,  -3.9,  64.4,  56.8,  53.0,  54.1,  52.1,  54.9,  60.1,  67.3,  70.4,  71.7,  71.8,  70.5,  64.3,  60.1,  60.1,  59.1,  60.8,  60.2,  61.4,  61.6,  400.4,  403.7,  410.0,  413.3,  408.8,  400.7,  386.3,  374.0,  372.7,  378.0,  388.2,  395.0,  395.5,  392.0,  386.8,  383.3,  384.4,  369.4,  362.1,  354.3,  348.1,  340.7,  335.1,  339.7,  343.8,  346.9,  349.9,  340.3,  334.8,  328.9,  323.6,  340.7,  337.2,  334.3,  336.1,  338.6,  361.4,  356.7,  354.8,  352.1,  353.4,  355.0,  347.5,  346.7,  346.3,  347.9,  345.8,  345.9,  357.9,  344.5,  338.7,  336.9,  336.8,  341.5,  352.7,  342.1,  337.9,  337.0,  338.8,  344.9,  354.3,  341.9,  340.2,  340.2,  350.3,  337.8,  337.4,  339.4,  2.454,  0.163,  0.115,  -0.056,  609.314,  438.185,  -10.987,  1.332,  -16.392,  9.517,  -14.723,  -2.275,  2.085,  -5.620,  -12.989,  -10.703,  -12.226,  -0.011,  3.573,  -6.690,  -0.769,  -2.052,  -10.142,  -4.817,  -6.908,  -8.817,  7.652,  -1.718,  5.255,  -4.303,  -3.505,  5.303,  2.018,  -0.985,  0.191,  0.174,  0.917,  -0.289,  0.425,  0.277, 0.89, 0.25, 0.16, 0.00, 0.00, 0.00, 0.05, 0.00, 0.07, 0.00, 0.39, 0.05, 0.00, 0.00, 1.23, 0.94, 0.97, 1.00, 0.00, 0.00, 0.00, 0.00, 0.00, 0.00, 0.00, 0.00, 0.00, 0.00, 0.00, 0.00, 0.00, 1.00, 0.00, 0.00, 1.00
30,  0,  0.968,  0.98,  1,  0.066496,  0.463681,  -0.883503,  -0.172465,  0.508421,  -0.843661,  -0.061,  0.513,  512.1,  516.4,  527.3,  538.3,  542.9,  539.6,  527.7,  516.7,  502.8,  509.3,  516.4,  524.7,  534.6,  545.5,  555.4,  546.8,  535.2,  523.7,  514.7,  507.8,  523.9,  528.5,  533.1,  535.0,  533.0,  528.4,  523.8,  521.9,  655.6,  659.8,  671.5,  683.8,  689.5,  685.3,  673.6,  660.4,  647.4,  657.2,  668.2,  678.7,  687.5,  694.8,  702.1,  696.5,  689.6,  680.7,  668.7,  656.8,  666.8,  672.5,  677.9,  679.8,  677.2,  671.5,  666.1,  664.1,  360.2,  347.6,  341.6,  345.5,  357.2,  370.6,  375.8,  371.8,  357.6,  358.1,  358.5,  357.8,  355.4,  352.9,  350.5,  354.9,  356.9,  358.6,  359.3,  359.0,  364.7,  366.4,  363.8,  358.5,  353.6,  351.9,  354.5,  359.8,  353.3,  340.8,  335.5,  340.6,  353.1,  365.6,  370.8,  366.8,  344.8,  346.9,  349.2,  351.2,  351.0,  349.4,  348.1,  350.0,  351.1,  351.5,  350.7,  349.2,  359.6,  361.9,  359.5,  353.7,  348.0,  345.6,  348.1,  353.8,  -53.5,  -51.7,  -47.0,  -42.1,  -40.0,  -41.3,  -46.4,  -51.3,  -58.0,  -54.7,  -51.3,  -47.6,  -43.3,  -38.8,  -34.9,  -38.3,  -42.9,  -47.8,  -51.9,  -55.3,  -48.4,  -46.3,  -44.3,  -43.5,  -44.5,  -46.5,  -48.5,  -49.3,  6.3,  8.0,  12.8,  17.9,  20.2,  18.4,  13.6,  8.2,  3.0,  6.9,  11.3,  15.6,  19.3,  22.4,  25.7,  23.1,  20.1,  16.3,  11.5,  6.8,  10.9,  13.2,  15.4,  16.3,  15.2,  12.9,  10.6,  9.8,  0.1,  -5.2,  -7.7,  -6.0,  -1.2,  4.4,  6.5,  4.9,  -1.0,  -0.8,  -0.6,  -0.9,  -1.9,  -2.9,  -3.9,  -2.1,  -1.2,  -0.6,  -0.3,  -0.4,  2.0,  2.7,  1.6,  -0.6,  -2.7,  -3.4,  -2.3,  -0.1,  -2.7,  -7.8,  -10.0,  -7.9,  -2.8,  2.3,  4.4,  2.7,  -6.2,  -5.3,  -4.3,  -3.6,  -3.7,  -4.3,  -4.9,  -4.1,  -3.6,  -3.4,  -3.8,  -4.3,  -0.2,  0.8,  -0.2,  -2.6,  -4.9,  -5.9,  -4.9,  -2.5,  366.0,  366.1,  364.5,  362.1,  360.4,  360.4,  361.9,  364.3,  370.2,  366.1,  363.0,  360.9,  359.8,  359.7,  360.5,  359.1,  358.5,  359.6,  362.5,  366.2,  364.5,  363.5,  362.8,  362.9,  363.6,  364.6,  365.3,  365.3,  353.9,  355.4,  357.0,  357.8,  357.2,  355.6,  354.0,  353.4,  353.7,  352.7,  352.4,  353.2,  355.1,  357.7,  361.6,  358.0,  354.6,  351.9,  351.0,  352.0,  355.4,  355.7,  356.5,  357.2,  357.5,  357.2,  356.4,  355.7,  -13.8,  32.0,  348.2,  0.036,  0.084,  -0.049,  443.5,  444.9,  452.1,  465.6,  485.5,  512.8,  538.7,  568.9,  611.1,  656.8,  699.1,  734.9,  760.8,  776.0,  782.5,  787.6,  791.7,  467.9,  484.2,  508.4,  535.3,  560.1,  629.7,  660.7,  688.6,  716.7,  740.0,  597.3,  596.0,  594.5,  593.2,  561.9,  579.2,  598.5,  618.9,  637.4,  499.1,  517.4,  534.6,  553.2,  534.8,  517.8,  647.3,  668.6,  686.8,  705.4,  685.9,  667.5,  545.3,  565.7,  587.1,  602.6,  620.3,  644.1,  669.1,  644.6,  622.5,  603.4,  586.7,  565.5,  554.7,  588.1,  603.8,  621.8,  658.9,  620.2,  602.2,  586.5,  339.9,  390.4,  442.2,  492.5,  539.4,  579.7,  611.2,  634.0,  639.9,  630.4,  603.1,  566.6,  524.6,  477.0,  427.4,  377.6,  328.4,  311.0,  292.0,  284.1,  286.9,  294.0,  288.7,  280.6,  276.3,  280.0,  293.9,  339.2,  370.1,  400.8,  432.7,  451.5,  458.6,  464.4,  457.0,  449.5,  357.1,  356.3,  354.1,  351.5,  357.9,  360.5,  346.8,  348.0,  349.4,  347.9,  352.8,  352.2,  519.6,  507.3,  499.9,  503.7,  498.6,  504.0,  512.1,  534.7,  544.7,  548.4,  547.7,  541.2,  521.1,  517.0,  517.9,  515.3,  515.0,  518.0,  521.2,  520.7,  -90.0,  -90.1,  -88.1,  -82.4,  -72.2,  -58.2,  -44.6,  -30.3,  -12.3,  7.2,  26.1,  42.6,  54.2,  60.5,  62.5,  64.1,  66.1,  -72.6,  -64.4,  -53.2,  -41.5,  -31.0,  -3.9,  8.0,  18.9,  30.1,  39.6,  -16.5,  -16.7,  -17.0,  -17.2,  -30.2,  -23.3,  -15.8,  -8.0,  -1.0,  -58.1,  -49.8,  -42.6,  -34.8,  -42.3,  -49.4,  2.9,  11.3,  18.4,  25.8,  18.0,  10.8,  -38.6,  -29.2,  -20.4,  -14.3,  -7.6,  1.6,  11.7,  1.8,  -6.7,  -14.0,  -20.5,  -29.3,  -34.4,  -20.2,  -14.0,  -7.0,  7.5,  -7.6,  -14.5,  -20.6,  -9.2,  14.0,  38.5,  62.6,  83.8,  100.5,  110.6,  116.8,  118.7,  116.2,  107.3,  92.7,  73.9,  52.0,  29.5,  7.6,  -13.8,  -20.7,  -28.1,  -30.7,  -29.0,  -25.6,  -27.1,  -30.6,  -32.6,  -31.4,  -26.2,  -8.0,  3.9,  15.2,  26.7,  35.4,  37.7,  39.6,  37.0,  34.4,  -1.2,  -1.5,  -2.4,  -3.4,  -0.8,  0.2,  -5.2,  -4.7,  -4.2,  -4.8,  -2.8,  -3.1,  65.1,  57.8,  53.8,  55.0,  53.0,  55.9,  60.9,  67.8,  70.8,  72.1,  72.3,  71.1,  65.0,  61.0,  61.0,  60.0,  61.6,  60.6,  61.8,  62.0,  400.7,  403.9,  410.1,  413.4,  408.8,  400.3,  385.4,  372.9,  371.2,  376.1,  386.0,  392.7,  392.8,  389.0,  383.5,  380.0,  381.2,  369.3,  361.6,  353.4,  346.9,  339.0,  332.7,  336.8,  340.7,  343.6,  346.4,  338.2,  332.6,  326.5,  321.1,  338.8,  335.0,  332.0,  333.7,  336.1,  360.9,  355.8,  353.6,  350.7,  352.2,  354.0,  345.1,  344.0,  343.5,  344.9,  342.8,  343.2,  356.9,  343.1,  336.8,  335.0,  334.7,  339.3,  350.3,  339.7,  335.7,  334.9,  336.9,  343.4,  353.0,  340.2,  338.3,  338.2,  348.0,  335.6,  335.2,  337.4,  2.467,  0.165,  0.141,  -0.055,  605.768,  440.565,  -8.716,  1.741,  -16.149,  10.293,  -14.254,  -1.199,  1.809,  -6.575,  -13.840,  -10.991,  -10.764,  0.132,  4.022,  -7.182,  -1.265,  -2.488,  -9.624,  -4.984,  -7.412,  -8.820,  8.566,  -2.505,  5.676,  -4.344,  -2.966,  4.847,  2.100,  -0.755,  0.093,  0.241,  1.181,  0.001,  0.566,  0.200, 0.85, 0.26, 0.21, 0.00, 0.00, 0.00, 0.02, 0.00, 0.06, 0.01, 0.38, 0.12, 0.00, 0.00, 1.27, 0.94, 0.87, 1.00, 0.00, 0.00, 0.00, 0.00, 0.00, 0.00, 0.00, 0.00, 0.00, 0.00, 0.00, 0.00, 0.00, 1.00, 0.00, 0.00, 1.00
31,  0,  1.001,  0.98,  1,  0.080217,  0.467451,  -0.880372,  -0.182227,  0.521292,  -0.833696,  -0.059,  0.523,  511.5,  515.9,  526.8,  537.7,  542.4,  539.0,  527.1,  516.2,  500.6,  507.7,  515.4,  524.5,  534.8,  545.2,  554.2,  545.9,  534.2,  522.5,  513.2,  505.9,  523.1,  527.7,  532.2,  534.1,  532.1,  527.6,  523.0,  521.2,  653.0,  657.1,  669.1,  682.1,  688.5,  684.4,  672.4,  658.4,  644.3,  655.2,  667.3,  677.9,  686.3,  693.4,  700.5,  695.5,  688.5,  679.3,  666.8,  654.1,  665.3,  670.7,  675.8,  677.5,  674.8,  669.4,  664.3,  662.6,  360.8,  348.9,  343.2,  346.9,  357.9,  370.7,  375.5,  371.8,  358.7,  358.6,  358.9,  358.1,  356.1,  353.6,  350.9,  355.2,  356.7,  358.3,  359.1,  359.4,  365.2,  366.7,  364.3,  359.4,  354.8,  353.2,  355.6,  360.6,  354.4,  341.5,  336.2,  341.6,  354.5,  367.4,  372.7,  368.5,  345.4,  347.6,  350.1,  352.3,  352.0,  350.4,  349.0,  350.8,  351.6,  351.7,  350.9,  349.8,  360.7,  363.0,  360.8,  355.3,  349.9,  347.6,  349.8,  355.3,  -54.8,  -53.0,  -48.3,  -43.4,  -41.2,  -42.6,  -47.7,  -52.6,  -60.2,  -56.5,  -52.9,  -48.7,  -44.3,  -40.0,  -36.3,  -39.6,  -44.4,  -49.4,  -53.7,  -57.3,  -49.7,  -47.7,  -45.7,  -45.0,  -45.9,  -47.9,  -49.9,  -50.7,  5.0,  6.6,  11.4,  16.5,  19.0,  17.3,  12.5,  7.1,  1.7,  5.9,  10.5,  14.7,  18.0,  21.0,  24.1,  21.8,  18.9,  15.2,  10.3,  5.4,  9.8,  12.0,  14.0,  14.7,  13.6,  11.5,  9.5,  8.8,  0.3,  -4.7,  -7.2,  -5.6,  -0.9,  4.5,  6.6,  5.0,  -0.6,  -0.6,  -0.5,  -0.8,  -1.7,  -2.7,  -3.9,  -2.0,  -1.4,  -0.7,  -0.4,  -0.3,  2.2,  2.9,  1.8,  -0.3,  -2.2,  -2.9,  -1.9,  0.2,  -2.2,  -7.2,  -9.3,  -7.2,  -2.1,  2.9,  4.9,  3.3,  -5.7,  -4.8,  -3.8,  -3.0,  -3.1,  -3.8,  -4.4,  -3.6,  -3.3,  -3.2,  -3.5,  -3.9,  0.3,  1.2,  0.3,  -1.8,  -4.0,  -4.8,  -4.0,  -1.8,  373.4,  374.1,  373.2,  371.3,  369.5,  368.9,  369.6,  371.5,  377.9,  373.9,  371.2,  369.2,  368.5,  369.0,  370.3,  368.3,  367.1,  367.9,  370.5,  373.9,  372.4,  371.6,  371.2,  371.5,  372.3,  373.1,  373.4,  373.1,  338.5,  340.6,  342.7,  343.6,  342.8,  340.7,  338.6,  337.8,  338.6,  337.8,  337.8,  338.9,  340.8,  343.8,  347.7,  344.0,  340.3,  337.3,  336.2,  337.0,  340.3,  340.7,  341.5,  342.4,  342.8,  342.4,  341.5,  340.7,  -14.2,  32.5,  345.2,  0.033,  0.093,  -0.052,  443.4,  445.0,  452.6,  466.5,  486.3,  513.2,  538.7,  568.5,  610.5,  656.2,  698.7,  734.4,  760.3,  775.8,  782.7,  787.9,  792.1,  466.5,  482.3,  506.2,  532.9,  557.5,  627.4,  658.4,  686.6,  715.1,  739.0,  595.1,  593.6,  591.8,  590.3,  559.4,  576.6,  596.1,  616.7,  635.4,  498.0,  516.2,  533.5,  552.2,  533.7,  516.6,  645.4,  667.2,  685.4,  704.2,  684.4,  665.8,  544.0,  563.5,  584.7,  600.3,  618.1,  642.0,  667.0,  642.5,  620.4,  601.1,  584.2,  563.4,  553.2,  585.7,  601.5,  619.7,  656.7,  618.1,  599.9,  584.2,  343.8,  394.1,  445.4,  495.6,  542.4,  582.9,  615.0,  638.1,  644.0,  634.3,  606.7,  569.7,  527.1,  479.2,  429.1,  378.9,  329.4,  312.3,  293.3,  285.6,  288.7,  295.9,  290.7,  282.5,  278.1,  281.7,  295.6,  340.3,  371.6,  402.7,  435.0,  453.2,  460.4,  466.3,  458.9,  451.4,  357.5,  356.7,  354.4,  352.0,  358.2,  360.9,  347.5,  348.7,  350.2,  348.7,  353.6,  352.9,  522.2,  509.7,  502.1,  506.0,  500.9,  506.7,  515.1,  537.7,  547.6,  551.3,  550.4,  543.8,  523.7,  519.1,  520.1,  517.6,  517.9,  520.6,  523.9,  523.2,  -89.8,  -89.7,  -87.4,  -81.5,  -71.4,  -57.7,  -44.3,  -30.3,  -12.4,  6.9,  25.7,  42.1,  53.6,  60.0,  62.2,  63.8,  65.8,  -72.9,  -64.8,  -53.7,  -42.1,  -31.7,  -4.8,  7.0,  18.0,  29.2,  38.8,  -17.2,  -17.4,  -17.8,  -18.0,  -30.9,  -24.0,  -16.5,  -8.8,  -1.7,  -58.2,  -50.0,  -42.8,  -34.9,  -42.5,  -49.6,  2.1,  10.6,  17.6,  25.1,  17.2,  10.0,  -38.9,  -29.7,  -21.1,  -15.0,  -8.3,  0.8,  10.7,  0.9,  -7.4,  -14.7,  -21.3,  -29.8,  -34.7,  -20.9,  -14.7,  -7.8,  6.6,  -8.3,  -15.2,  -21.3,  -7.4,  15.7,  39.9,  63.7,  84.7,  101.4,  111.6,  117.7,  119.6,  116.9,  108.0,  93.4,  74.5,  52.7,  30.1,  8.1,  -13.2,  -20.1,  -27.4,  -29.8,  -28.0,  -24.6,  -26.1,  -29.5,  -31.6,  -30.5,  -25.3,  -7.6,  4.4,  15.7,  27.1,  35.7,  38.0,  39.9,  37.3,  34.7,  -1.0,  -1.3,  -2.2,  -3.2,  -0.7,  0.4,  -4.9,  -4.4,  -3.8,  -4.4,  -2.5,  -2.8,  65.6,  58.2,  54.2,  55.3,  53.3,  56.3,  61.5,  68.3,  71.2,  72.5,  72.6,  71.5,  65.5,  61.3,  61.3,  60.3,  62.2,  61.0,  62.2,  62.4,  399.5,  402.3,  408.2,  411.2,  406.5,  398.2,  383.0,  370.2,  368.3,  373.0,  383.2,  389.9,  390.2,  386.6,  381.1,  377.4,  378.6,  367.6,  359.4,  350.9,  344.0,  335.7,  329.2,  333.4,  337.4,  340.3,  343.1,  334.8,  328.8,  322.4,  316.7,  335.3,  331.3,  328.1,  329.9,  332.3,  358.8,  353.4,  351.2,  348.1,  349.7,  351.6,  341.8,  340.7,  340.1,  341.6,  339.5,  339.8,  354.2,  340.0,  333.5,  331.5,  331.1,  335.7,  346.8,  336.1,  332.2,  331.6,  333.8,  340.4,  350.1,  337.0,  334.9,  334.7,  344.5,  332.1,  332.0,  334.3,  2.488,  0.164,  0.152,  -0.058,  604.298,  442.663,  -5.107,  1.670,  -14.430,  13.137,  -14.106,  -0.199,  2.847,  -6.963,  -13.777,  -11.154,  -9.252,  -0.545,  4.543,  -7.787,  -1.037,  -3.394,  -8.328,  -4.647,  -7.511,  -9.406,  8.210,  -2.928,  5.399,  -5.070,  -3.127,  4.691,  2.250,  -0.563,  0.306,  0.225,  1.434,  0.111,  0.784,  0.072, 0.86, 0.38, 0.33, 0.00, 0.00, 0.00, 0.00, 0.00, 0.01, 0.01, 0.43, 0.12, 0.00, 0.00, 1.37, 1.08, 0.75, 1.00, 0.00, 0.00, 0.00, 0.00, 0.00, 0.00, 0.00, 0.00, 0.00, 0.00, 0.00, 0.00, 0.00, 1.00, 0.00, 0.00, 1.00
32,  0,  1.034,  0.98,  1,  0.106143,  0.454964,  -0.884162,  -0.161368,  0.498913,  -0.851497,  -0.032,  0.503,  512.9,  517.0,  528.0,  539.5,  544.7,  541.6,  529.6,  518.2,  501.0,  508.4,  516.4,  525.7,  536.2,  546.6,  555.6,  547.4,  535.9,  524.0,  514.3,  506.6,  524.9,  529.7,  534.4,  536.1,  533.9,  529.0,  524.4,  522.7,  654.7,  658.4,  670.6,  684.2,  691.2,  687.5,  675.3,  660.8,  645.9,  656.8,  668.7,  679.4,  687.8,  695.0,  702.6,  697.2,  690.4,  681.2,  668.7,  656.1,  666.8,  673.5,  679.5,  681.3,  677.8,  671.1,  665.1,  663.3,  361.3,  349.3,  343.2,  346.4,  357.1,  370.0,  375.2,  372.0,  359.8,  359.2,  358.8,  357.8,  355.9,  353.7,  351.3,  355.0,  356.3,  357.8,  359.1,  360.0,  365.3,  366.7,  364.1,  359.1,  354.5,  353.2,  355.8,  360.8,  353.7,  341.6,  336.7,  341.9,  354.1,  366.3,  371.1,  367.2,  346.4,  348.2,  350.5,  352.5,  351.9,  350.5,  349.3,  350.9,  351.4,  351.3,  350.9,  350.2,  361.2,  363.7,  361.3,  355.3,  349.3,  346.8,  349.2,  355.2,  -53.4,  -51.9,  -47.2,  -42.2,  -39.8,  -40.9,  -46.0,  -51.0,  -59.2,  -55.5,  -51.7,  -47.6,  -43.2,  -38.9,  -35.3,  -38.5,  -43.1,  -48.1,  -52.5,  -56.2,  -48.3,  -46.2,  -44.2,  -43.5,  -44.6,  -46.7,  -48.7,  -49.3,  5.6,  7.1,  11.8,  17.1,  19.7,  18.1,  13.4,  7.9,  2.2,  6.4,  10.9,  15.0,  18.3,  21.2,  24.4,  22.1,  19.2,  15.6,  10.8,  6.1,  10.2,  12.8,  15.1,  15.9,  14.6,  12.0,  9.6,  8.9,  0.5,  -4.5,  -7.1,  -5.7,  -1.2,  4.1,  6.3,  5.0,  -0.1,  -0.4,  -0.5,  -0.9,  -1.7,  -2.6,  -3.7,  -2.1,  -1.5,  -0.9,  -0.4,  -0.0,  2.2,  2.8,  1.7,  -0.4,  -2.3,  -2.9,  -1.8,  0.3,  -2.4,  -7.0,  -9.0,  -7.0,  -2.3,  2.4,  4.2,  2.7,  -5.2,  -4.5,  -3.6,  -2.8,  -3.1,  -3.7,  -4.2,  -3.5,  -3.3,  -3.3,  -3.5,  -3.7,  0.4,  1.4,  0.5,  -1.8,  -4.1,  -5.1,  -4.1,  -1.9,  367.9,  369.1,  368.7,  367.0,  365.0,  363.9,  364.2,  365.9,  372.7,  368.9,  366.2,  364.5,  363.9,  364.7,  366.0,  363.9,  362.6,  363.1,  365.5,  368.9,  367.1,  366.4,  366.2,  366.7,  367.5,  368.2,  368.4,  367.9,  332.5,  335.5,  337.8,  338.3,  336.5,  333.6,  331.2,  330.8,  333.0,  332.0,  331.8,  332.6,  334.4,  337.3,  341.3,  337.5,  333.8,  330.9,  330.1,  331.0,  333.5,  333.7,  334.9,  336.4,  337.2,  337.0,  335.8,  334.4,  -13.5,  33.0,  342.9,  0.036,  0.091,  -0.055,  443.5,  445.4,  453.5,  468.0,  488.2,  515.4,  541.3,  571.8,  614.1,  659.4,  701.3,  736.2,  761.9,  777.3,  784.1,  789.2,  793.0,  467.3,  482.9,  506.9,  533.7,  558.3,  628.8,  659.8,  688.1,  716.6,  740.7,  596.1,  594.8,  593.3,  592.0,  561.3,  578.5,  597.9,  618.4,  637.0,  498.8,  517.2,  534.6,  553.6,  535.0,  517.7,  646.7,  668.7,  687.2,  706.1,  686.3,  667.4,  547.0,  565.7,  586.8,  602.3,  619.9,  643.8,  668.1,  644.7,  623.1,  604.0,  587.1,  566.2,  556.4,  587.9,  603.6,  621.6,  657.7,  620.4,  602.4,  586.7,  344.9,  395.2,  446.4,  496.6,  543.7,  585.1,  618.6,  642.5,  648.4,  638.2,  610.2,  572.5,  529.2,  480.8,  430.0,  379.1,  328.9,  313.1,  294.2,  286.7,  289.8,  296.9,  291.8,  283.6,  279.2,  283.0,  296.9,  340.8,  372.5,  404.0,  436.7,  454.6,  461.8,  467.6,  460.1,  452.5,  357.8,  356.8,  354.4,  352.1,  358.4,  361.3,  347.7,  348.7,  350.4,  348.9,  353.8,  353.1,  525.1,  511.7,  503.4,  507.3,  502.2,  508.4,  517.9,  541.7,  552.1,  555.8,  554.9,  547.9,  526.6,  520.7,  521.6,  519.1,  520.7,  524.2,  527.5,  526.7,  -89.0,  -88.8,  -86.4,  -80.3,  -70.0,  -56.3,  -42.9,  -28.7,  -10.9,  8.3,  26.8,  42.7,  54.2,  60.4,  62.4,  63.9,  65.6,  -72.0,  -64.0,  -52.9,  -41.4,  -31.1,  -4.2,  7.5,  18.4,  29.6,  39.2,  -16.7,  -16.8,  -17.1,  -17.2,  -29.9,  -23.1,  -15.7,  -8.1,  -1.1,  -57.5,  -49.3,  -42.0,  -34.1,  -41.7,  -48.8,  2.6,  11.1,  18.2,  25.6,  17.8,  10.6,  -37.3,  -28.6,  -20.1,  -14.2,  -7.5,  1.4,  11.1,  1.8,  -6.4,  -13.6,  -20.1,  -28.5,  -33.2,  -19.9,  -13.8,  -7.0,  6.9,  -7.4,  -14.2,  -20.2,  -6.8,  16.1,  40.0,  63.7,  84.8,  101.8,  112.5,  118.8,  120.9,  118.2,  109.3,  94.4,  75.2,  53.2,  30.3,  8.2,  -13.3,  -19.5,  -26.8,  -29.1,  -27.4,  -24.0,  -25.5,  -28.9,  -30.9,  -29.7,  -24.5,  -7.3,  4.7,  16.1,  27.5,  35.9,  38.2,  40.0,  37.4,  34.9,  -0.9,  -1.3,  -2.2,  -3.1,  -0.6,  0.5,  -4.8,  -4.3,  -3.7,  -4.3,  -2.4,  -2.7,  66.3,  58.5,  54.2,  55.4,  53.4,  56.5,  62.1,  69.3,  72.5,  73.8,  73.9,  72.6,  66.1,  61.4,  61.4,  60.4,  62.8,  61.9,  63.1,  63.3,  396.3,  399.4,  405.4,  408.4,  403.8,  395.6,  380.6,  368.1,  366.8,  371.8,  382.2,  388.7,  389.0,  385.2,  379.2,  374.8,  375.3,  364.6,  356.4,  347.9,  341.2,  333.0,  326.5,  330.7,  334.7,  337.5,  340.4,  332.1,  326.1,  319.7,  313.9,  332.5,  328.7,  325.6,  327.4,  329.9,  356.1,  350.9,  348.7,  345.5,  347.2,  349.2,  339.1,  338.1,  337.6,  339.1,  337.0,  337.3,  351.4,  337.1,  330.7,  328.8,  328.4,  333.0,  344.0,  333.8,  330.3,  329.7,  331.8,  337.9,  347.2,  334.5,  332.4,  332.2,  341.7,  330.1,  329.9,  332.2,  2.506,  0.170,  0.147,  -0.060,  606.043,  444.336,  -5.713,  1.727,  -14.084,  15.704,  -15.282,  -1.099,  4.322,  -6.130,  -12.817,  -13.214,  -8.717,  -2.237,  5.077,  -8.451,  -1.023,  -3.879,  -7.667,  -4.236,  -7.010,  -9.464,  8.056,  -2.768,  5.202,  -5.152,  -3.501,  4.742,  2.408,  -0.268,  0.273,  0.165,  1.584,  0.319,  0.817,  0.015, 0.79, 0.39, 0.35, 0.00, 0.00, 0.00, 0.00, 0.00, 0.01, 0.01, 0.42, 0.10, 0.00, 0.00, 1.61, 1.46, 0.67, 1.00, 0.00, 0.00, 0.00, 0.00, 0.00, 0.00, 0.00, 0.00, 0.00, 0.00, 0.00, 0.00, 0.00, 1.00, 1.00, 0.00, 1.00
33,  0,  1.068,  0.98,  1,  0.127839,  0.424575,  -0.896322,  -0.119091,  0.472071,  -0.873479,  0.005,  0.469,  516.7,  521.4,  533.0,  544.8,  549.7,  546.0,  533.3,  521.6,  504.9,  512.5,  520.4,  529.6,  540.0,  550.8,  560.1,  551.6,  539.9,  527.9,  518.2,  510.5,  528.7,  533.8,  538.9,  540.9,  538.8,  533.7,  528.6,  526.6,  660.4,  663.8,  675.7,  689.2,  696.4,  693.0,  681.1,  666.7,  650.2,  661.0,  672.9,  683.7,  692.3,  699.6,  707.2,  702.1,  695.1,  685.7,  673.2,  660.5,  672.7,  679.1,  684.6,  686.2,  682.8,  676.5,  670.9,  669.3,  361.8,  350.4,  344.3,  347.2,  357.3,  369.7,  374.7,  371.8,  361.5,  360.3,  359.7,  358.7,  356.6,  354.6,  352.7,  356.1,  357.0,  358.5,  360.1,  361.4,  366.1,  367.3,  364.7,  359.8,  355.4,  354.2,  356.8,  361.7,  353.2,  341.8,  337.3,  342.3,  354.0,  365.4,  369.9,  366.0,  347.5,  348.9,  350.6,  352.3,  351.7,  350.6,  350.0,  351.4,  351.6,  351.4,  351.1,  350.9,  360.3,  362.7,  360.5,  355.2,  349.7,  347.4,  349.5,  354.8,  -50.5,  -48.8,  -44.1,  -39.0,  -36.7,  -38.0,  -43.1,  -48.1,  -56.0,  -52.3,  -48.7,  -44.8,  -40.5,  -36.2,  -32.6,  -35.8,  -40.4,  -45.3,  -49.5,  -53.1,  -45.4,  -43.2,  -41.2,  -40.4,  -41.4,  -43.6,  -45.7,  -46.4,  7.8,  9.1,  13.8,  19.0,  21.7,  20.2,  15.5,  10.1,  3.9,  8.0,  12.5,  16.6,  20.0,  23.0,  26.2,  23.9,  21.0,  17.3,  12.5,  7.7,  12.4,  14.9,  17.1,  17.7,  16.5,  14.0,  11.8,  11.2,  0.7,  -4.0,  -6.5,  -5.2,  -1.1,  3.9,  5.9,  4.8,  0.6,  0.1,  -0.1,  -0.5,  -1.4,  -2.2,  -3.0,  -1.6,  -1.2,  -0.6,  0.0,  0.6,  2.5,  3.0,  1.9,  -0.1,  -1.9,  -2.4,  -1.3,  0.7,  -2.6,  -7.0,  -8.8,  -6.8,  -2.3,  2.0,  3.7,  2.3,  -4.7,  -4.2,  -3.6,  -2.9,  -3.2,  -3.6,  -3.9,  -3.3,  -3.2,  -3.2,  -3.3,  -3.4,  0.1,  1.0,  0.2,  -1.8,  -3.9,  -4.9,  -4.0,  -2.0,  358.2,  360.3,  360.3,  358.3,  355.4,  353.3,  353.3,  355.3,  362.7,  359.1,  356.4,  354.8,  354.3,  355.0,  356.4,  354.1,  352.8,  353.2,  355.6,  358.9,  356.9,  356.0,  356.1,  357.0,  358.2,  359.1,  359.1,  358.2,  332.1,  335.4,  337.9,  338.3,  336.2,  333.0,  330.4,  330.0,  332.7,  331.6,  331.4,  332.1,  334.0,  336.9,  340.9,  337.0,  333.2,  330.4,  329.6,  330.5,  333.0,  333.2,  334.4,  335.9,  336.9,  336.7,  335.5,  334.0,  -11.6,  33.4,  341.4,  0.035,  0.076,  -0.056,  444.8,  446.8,  455.2,  470.0,  490.6,  518.1,  544.9,  576.7,  619.5,  664.5,  705.5,  739.5,  764.6,  779.7,  786.5,  791.6,  795.0,  470.3,  486.5,  510.9,  537.9,  562.8,  633.2,  663.7,  691.6,  720.0,  744.3,  600.6,  599.9,  599.0,  598.2,  566.8,  584.2,  603.8,  624.2,  642.7,  502.3,  520.9,  538.6,  558.0,  539.2,  521.7,  650.9,  673.1,  691.7,  710.6,  690.9,  671.9,  552.5,  571.2,  592.6,  608.3,  625.9,  649.7,  673.4,  651.2,  629.9,  610.7,  593.7,  572.2,  562.2,  593.7,  609.5,  627.5,  663.0,  626.9,  608.9,  592.9,  344.9,  395.6,  447.2,  497.6,  545.1,  587.0,  621.3,  645.7,  651.8,  641.8,  613.9,  576.0,  532.1,  483.1,  431.7,  380.0,  329.0,  314.5,  295.5,  288.2,  291.2,  298.2,  292.7,  284.3,  279.7,  283.0,  296.7,  341.4,  373.6,  405.4,  438.4,  456.1,  463.4,  469.2,  461.4,  453.6,  359.2,  357.7,  355.3,  353.1,  359.5,  362.5,  348.4,  349.0,  350.5,  349.0,  354.2,  353.6,  527.8,  513.6,  504.8,  508.6,  503.4,  509.9,  520.0,  545.0,  555.7,  559.6,  558.8,  551.6,  529.1,  522.1,  522.9,  520.4,  522.8,  527.6,  531.0,  530.2,  -87.7,  -87.4,  -84.9,  -78.7,  -68.5,  -54.8,  -41.2,  -26.5,  -8.6,  10.4,  28.6,  44.2,  55.5,  61.5,  63.5,  64.9,  66.4,  -70.1,  -62.1,  -51.0,  -39.6,  -29.2,  -2.5,  8.9,  19.7,  30.8,  40.5,  -14.9,  -14.9,  -14.9,  -14.9,  -27.7,  -20.9,  -13.4,  -5.9,  1.0,  -55.7,  -47.5,  -40.2,  -32.2,  -39.8,  -46.9,  4.2,  12.8,  19.9,  27.3,  19.6,  12.3,  -35.0,  -26.4,  -17.8,  -11.8,  -5.3,  3.7,  13.1,  4.2,  -3.8,  -11.0,  -17.5,  -26.0,  -30.7,  -17.6,  -11.5,  -4.7,  8.9,  -4.9,  -11.7,  -17.8,  -6.8,  16.1,  40.1,  63.7,  84.9,  102.1,  113.2,  119.8,  122.0,  119.5,  110.9,  96.0,  76.6,  54.2,  31.1,  8.6,  -13.3,  -18.8,  -26.1,  -28.4,  -26.7,  -23.4,  -25.0,  -28.5,  -30.6,  -29.6,  -24.6,  -7.0,  5.0,  16.5,  28.0,  36.4,  38.7,  40.5,  37.8,  35.2,  -0.3,  -0.9,  -1.9,  -2.7,  -0.2,  1.0,  -4.5,  -4.3,  -3.7,  -4.2,  -2.2,  -2.5,  67.0,  58.8,  54.5,  55.6,  53.6,  56.8,  62.7,  70.3,  73.6,  75.0,  75.1,  73.6,  66.8,  61.6,  61.6,  60.6,  63.4,  63.0,  64.2,  64.4,  392.9,  396.0,  402.1,  405.2,  401.1,  393.5,  379.0,  366.8,  365.8,  371.2,  382.0,  388.9,  389.4,  385.6,  379.4,  374.8,  375.1,  361.7,  353.7,  345.7,  339.2,  331.3,  325.5,  329.9,  333.9,  337.0,  340.0,  330.7,  324.7,  318.4,  312.6,  330.9,  327.1,  324.1,  326.1,  328.8,  353.8,  348.8,  346.8,  343.6,  345.3,  347.1,  338.1,  337.3,  337.0,  338.5,  336.3,  336.5,  349.4,  335.1,  329.0,  327.2,  327.0,  331.6,  342.8,  332.6,  329.2,  328.6,  330.5,  336.3,  345.3,  332.7,  330.7,  330.7,  340.5,  329.0,  328.8,  330.9,  2.516,  0.172,  0.124,  -0.061,  610.582,  445.986,  -7.041,  1.038,  -13.678,  17.831,  -16.965,  -1.790,  5.605,  -4.645,  -12.322,  -14.159,  -9.120,  -2.514,  4.842,  -8.058,  -1.288,  -3.697,  -7.220,  -3.715,  -7.235,  -9.249,  8.105,  -2.194,  4.994,  -4.960,  -3.515,  5.095,  2.127,  -0.181,  0.326,  0.077,  1.632,  0.362,  0.795,  -0.083, 0.68, 0.25, 0.33, 0.00, 0.00, 0.00, 0.00, 0.00, 0.00, 0.00, 0.40, 0.00, 0.00, 0.00, 1.85, 1.75, 0.60, 1.00, 0.00, 0.00, 0.00, 0.00, 0.00, 0.00, 0.00, 0.00, 0.00, 0.00, 0.00, 0.00, 0.00, 1.00, 1.00, 0.00, 1.00
34,  0,  1.101,  0.98,  1,  0.172006,  0.424230,  -0.889069,  -0.088037,  0.456316,  -0.885452,  0.047,  0.461,  523.9,  528.2,  539.5,  551.1,  556.3,  552.9,  540.7,  529.1,  510.6,  518.2,  526.2,  535.5,  545.9,  556.6,  565.9,  557.8,  546.1,  534.0,  524.0,  516.2,  535.8,  540.8,  545.7,  547.6,  545.3,  540.3,  535.4,  533.5,  667.7,  670.6,  682.2,  695.6,  703.0,  700.1,  688.5,  674.1,  656.5,  667.2,  679.1,  690.0,  698.7,  705.9,  712.9,  708.5,  701.9,  692.5,  679.8,  666.8,  680.0,  686.0,  691.2,  692.5,  689.2,  683.2,  678.0,  676.6,  363.2,  351.9,  346.1,  349.1,  359.3,  371.6,  376.4,  373.4,  363.3,  362.0,  361.1,  360.1,  358.4,  356.6,  354.4,  358.0,  359.0,  360.5,  362.0,  363.2,  367.6,  368.9,  366.3,  361.4,  357.0,  355.7,  358.2,  363.2,  353.4,  342.3,  338.2,  343.4,  354.9,  366.0,  370.1,  366.1,  349.1,  350.0,  351.3,  352.7,  352.4,  351.9,  352.0,  353.1,  352.9,  352.4,  352.1,  352.2,  360.5,  362.8,  361.0,  356.0,  350.9,  348.5,  350.4,  355.3,  -47.8,  -46.3,  -41.6,  -36.7,  -34.3,  -35.5,  -40.5,  -45.4,  -54.1,  -50.5,  -46.8,  -42.8,  -38.5,  -34.2,  -30.5,  -33.6,  -38.2,  -43.2,  -47.6,  -51.3,  -42.9,  -40.7,  -38.7,  -38.0,  -39.1,  -41.2,  -43.2,  -43.9,  10.4,  11.6,  16.1,  21.3,  24.0,  22.6,  18.1,  12.7,  6.2,  10.2,  14.6,  18.8,  22.2,  25.1,  28.1,  26.1,  23.3,  19.6,  14.8,  10.0,  15.0,  17.3,  19.3,  19.9,  18.7,  16.4,  14.4,  13.8,  1.3,  -3.3,  -5.8,  -4.5,  -0.3,  4.7,  6.7,  5.5,  1.4,  0.8,  0.5,  0.1,  -0.6,  -1.4,  -2.3,  -0.8,  -0.4,  0.2,  0.8,  1.3,  3.1,  3.6,  2.6,  0.6,  -1.2,  -1.8,  -0.7,  1.3,  -2.5,  -6.7,  -8.3,  -6.3,  -1.9,  2.3,  3.8,  2.3,  -4.1,  -3.7,  -3.2,  -2.7,  -2.9,  -3.1,  -3.1,  -2.6,  -2.7,  -2.8,  -2.9,  -2.9,  0.2,  1.1,  0.4,  -1.5,  -3.5,  -4.4,  -3.6,  -1.8,  360.6,  362.4,  362.5,  360.9,  358.5,  356.7,  356.5,  358.2,  366.2,  362.6,  360.0,  358.3,  357.8,  358.4,  359.8,  357.4,  356.1,  356.5,  358.8,  362.2,  359.8,  359.0,  359.1,  359.9,  361.0,  361.7,  361.6,  360.8,  327.9,  331.3,  334.2,  334.7,  332.7,  329.2,  326.4,  325.8,  328.3,  327.5,  327.6,  328.6,  330.6,  333.6,  337.5,  333.5,  329.7,  326.6,  325.6,  326.3,  329.0,  329.3,  330.5,  332.1,  333.0,  332.8,  331.5,  329.9,  -9.1,  34.1,  342.2,  0.041,  0.056,  -0.058,  446.3,  448.8,  457.5,  472.5,  493.7,  522.0,  550.3,  583.6,  626.9,  671.6,  711.6,  744.1,  768.4,  782.8,  789.3,  794.4,  797.5,  474.8,  491.7,  516.7,  544.2,  569.8,  640.4,  670.8,  698.2,  726.2,  750.2,  607.6,  607.7,  607.6,  607.6,  575.3,  592.9,  612.5,  632.5,  650.5,  507.8,  526.6,  544.6,  564.2,  545.3,  527.7,  657.3,  679.3,  698.0,  716.6,  697.4,  678.4,  559.6,  579.2,  600.9,  617.0,  634.7,  658.2,  680.9,  659.8,  638.9,  619.7,  602.4,  580.5,  569.7,  601.9,  618.1,  636.1,  670.6,  635.7,  617.6,  601.3,  344.7,  395.9,  447.6,  498.1,  545.7,  587.8,  622.4,  647.0,  652.8,  642.6,  614.6,  576.3,  532.2,  483.0,  431.7,  380.1,  328.9,  316.9,  298.0,  290.7,  293.4,  299.9,  294.2,  285.9,  281.4,  284.6,  297.9,  342.9,  375.4,  407.5,  440.9,  458.6,  465.8,  471.6,  463.6,  455.6,  361.2,  359.3,  356.8,  354.7,  361.5,  364.5,  349.7,  349.9,  351.3,  350.2,  355.5,  354.9,  530.2,  515.9,  507.1,  510.8,  505.6,  511.8,  521.8,  546.8,  557.7,  561.7,  561.0,  553.9,  531.5,  524.4,  525.1,  522.5,  524.7,  529.5,  532.9,  532.2,  -86.6,  -86.2,  -83.6,  -77.4,  -66.9,  -53.0,  -38.8,  -23.6,  -5.5,  13.5,  31.4,  46.6,  57.5,  63.3,  65.1,  66.4,  67.7,  -68.0,  -59.7,  -48.6,  -37.1,  -26.5,  0.1,  11.6,  22.3,  33.3,  43.0,  -12.3,  -12.0,  -11.8,  -11.6,  -24.5,  -17.7,  -10.2,  -2.8,  4.0,  -53.2,  -45.1,  -37.7,  -29.8,  -37.3,  -44.5,  6.7,  15.2,  22.4,  29.8,  22.2,  14.8,  -32.1,  -23.3,  -14.7,  -8.6,  -2.0,  6.9,  16.1,  7.6,  -0.4,  -7.6,  -14.3,  -22.9,  -27.8,  -14.5,  -8.3,  -1.5,  12.0,  -1.6,  -8.4,  -14.7,  -6.8,  16.2,  40.2,  63.8,  84.9,  102.3,  113.6,  120.3,  122.7,  120.4,  111.8,  96.8,  77.1,  54.5,  31.3,  8.7,  -13.4,  -17.7,  -25.0,  -27.3,  -25.8,  -22.7,  -24.5,  -28.0,  -30.1,  -29.2,  -24.2,  -6.5,  5.7,  17.3,  29.0,  37.4,  39.7,  41.5,  38.7,  36.1,  0.5,  -0.3,  -1.3,  -2.1,  0.6,  1.8,  -4.0,  -3.9,  -3.3,  -3.8,  -1.7,  -2.0,  68.0,  59.8,  55.5,  56.6,  54.6,  57.8,  63.6,  71.3,  74.7,  76.0,  76.1,  74.6,  67.7,  62.7,  62.7,  61.7,  64.3,  64.0,  65.2,  65.3,  391.2,  394.6,  401.0,  404.3,  400.2,  392.8,  378.7,  366.9,  366.6,  372.8,  384.3,  391.4,  391.9,  387.8,  381.3,  376.4,  376.4,  360.0,  352.3,  344.7,  338.6,  331.0,  326.2,  330.9,  335.3,  338.5,  341.7,  331.0,  325.4,  319.3,  313.8,  331.6,  328.1,  325.3,  327.3,  330.1,  352.5,  348.0,  346.2,  343.3,  344.7,  346.3,  339.1,  338.5,  338.3,  340.0,  337.8,  337.8,  349.4,  335.6,  330.1,  328.5,  328.4,  333.1,  344.1,  334.0,  330.5,  329.7,  331.4,  336.8,  345.6,  333.7,  332.0,  332.1,  341.7,  330.3,  329.8,  331.7,  2.512,  0.179,  0.094,  -0.062,  617.124,  447.546,  -9.110,  2.115,  -15.184,  17.165,  -17.500,  -1.372,  5.510,  -4.003,  -11.207,  -14.431,  -10.314,  -3.283,  4.639,  -7.416,  -1.596,  -3.161,  -7.127,  -3.253,  -6.901,  -9.521,  8.138,  -1.744,  4.800,  -4.451,  -3.716,  5.453,  1.767,  -0.040,  0.394,  -0.054,  1.530,  0.237,  0.759,  -0.086, 0.57, 0.10, 0.31, 0.00, 0.00, 0.00, 0.00, 0.00, 0.00, 0.00, 0.32, 0.00, 0.00, 0.00, 1.78, 1.81, 0.66, 1.00, 0.00, 0.00, 0.00, 0.00, 0.00, 0.00, 0.00, 0.00, 0.00, 0.00, 0.00, 0.00, 0.00, 1.00, 1.00, 0.00, 1.00
35,  0,  1.134,  0.98,  1,  0.184485,  0.430672,  -0.883452,  -0.100819,  0.448280,  -0.888190,  0.047,  0.461,  531.2,  535.1,  546.1,  557.6,  563.0,  560.0,  548.1,  536.6,  517.4,  525.2,  533.4,  542.8,  553.1,  563.5,  572.6,  565.0,  553.5,  541.5,  531.3,  523.2,  542.9,  547.9,  552.6,  554.3,  552.0,  547.0,  542.3,  540.6,  673.4,  676.5,  688.4,  702.0,  709.4,  706.3,  694.4,  679.8,  663.5,  673.8,  685.8,  696.8,  705.7,  713.1,  720.1,  715.6,  708.6,  699.0,  686.2,  673.4,  686.4,  692.0,  696.9,  698.2,  695.1,  689.5,  684.7,  683.3,  366.0,  354.9,  349.1,  352.0,  362.0,  374.1,  378.9,  376.0,  365.9,  364.6,  363.6,  362.6,  361.0,  359.1,  356.9,  360.7,  361.7,  363.2,  364.8,  366.0,  370.2,  371.4,  368.9,  364.1,  359.8,  358.5,  361.0,  365.8,  354.9,  343.9,  339.6,  344.6,  356.0,  367.1,  371.4,  367.6,  351.9,  352.1,  353.0,  354.1,  353.8,  353.5,  353.6,  354.7,  354.3,  353.9,  354.0,  354.5,  361.5,  363.6,  361.9,  357.3,  352.6,  350.5,  352.2,  356.8,  -45.5,  -44.0,  -39.5,  -34.5,  -32.0,  -33.1,  -38.0,  -43.0,  -52.1,  -48.3,  -44.5,  -40.4,  -36.1,  -31.8,  -28.2,  -31.2,  -35.8,  -40.7,  -45.2,  -49.1,  -40.5,  -38.4,  -36.4,  -35.8,  -36.8,  -39.0,  -41.0,  -41.6,  12.5,  13.8,  18.5,  23.7,  26.3,  24.9,  20.3,  14.8,  8.8,  12.7,  17.1,  21.3,  24.8,  27.8,  30.8,  28.8,  25.8,  22.0,  17.2,  12.4,  17.4,  19.5,  21.4,  22.0,  21.0,  18.8,  16.9,  16.3,  2.5,  -2.2,  -4.6,  -3.3,  0.8,  5.8,  7.8,  6.6,  2.5,  1.9,  1.5,  1.1,  0.4,  -0.4,  -1.3,  0.3,  0.7,  1.3,  2.0,  2.5,  4.2,  4.8,  3.7,  1.7,  -0.1,  -0.6,  0.4,  2.4,  -1.9,  -6.1,  -7.8,  -5.9,  -1.5,  2.7,  4.2,  2.8,  -3.0,  -2.9,  -2.6,  -2.2,  -2.3,  -2.5,  -2.5,  -2.0,  -2.1,  -2.3,  -2.2,  -2.1,  0.6,  1.4,  0.7,  -1.0,  -2.8,  -3.6,  -2.9,  -1.2,  365.7,  367.5,  367.8,  366.4,  364.2,  362.5,  362.1,  363.5,  371.4,  367.9,  365.4,  363.9,  363.5,  364.3,  365.9,  363.3,  361.7,  361.9,  364.0,  367.3,  365.1,  364.5,  364.7,  365.4,  366.4,  367.0,  366.9,  366.1,  327.8,  331.3,  334.0,  334.3,  332.0,  328.5,  325.9,  325.5,  327.9,  327.2,  327.4,  328.3,  330.1,  333.1,  336.6,  333.0,  329.1,  326.2,  325.3,  326.1,  328.9,  329.0,  330.1,  331.5,  332.4,  332.3,  331.2,  329.8,  -6.3,  34.9,  343.8,  0.054,  0.029,  -0.059,  449.0,  451.5,  459.6,  474.3,  495.8,  524.9,  554.9,  590.0,  633.8,  678.2,  717.1,  748.6,  772.2,  786.4,  793.0,  798.0,  800.6,  480.5,  497.9,  523.5,  551.5,  577.9,  648.4,  678.1,  705.1,  732.7,  756.3,  615.7,  616.7,  617.5,  618.4,  584.4,  602.4,  622.3,  642.0,  659.8,  514.7,  533.7,  551.6,  571.2,  552.6,  535.0,  664.5,  686.3,  704.8,  723.1,  704.3,  685.6,  566.5,  588.2,  610.3,  626.8,  644.9,  667.9,  690.0,  669.4,  648.7,  629.3,  611.6,  589.4,  576.8,  610.9,  627.5,  646.0,  680.1,  645.4,  627.0,  610.4,  348.1,  398.1,  448.4,  497.8,  544.8,  586.7,  621.5,  646.4,  651.9,  641.2,  612.6,  574.4,  530.4,  481.9,  431.4,  380.7,  330.0,  320.3,  301.6,  294.3,  297.0,  303.6,  297.4,  288.4,  283.7,  286.7,  299.7,  345.9,  378.7,  411.4,  445.2,  462.0,  469.3,  475.2,  466.9,  458.5,  364.0,  361.9,  359.3,  357.4,  364.2,  367.4,  351.7,  351.6,  352.8,  351.7,  357.2,  356.7,  531.0,  518.6,  510.7,  514.2,  508.8,  513.9,  521.9,  545.7,  556.1,  560.3,  559.6,  553.1,  532.6,  527.1,  527.9,  524.9,  525.1,  529.2,  532.9,  532.2,  -85.3,  -84.9,  -82.5,  -76.5,  -66.0,  -51.8,  -36.9,  -21.0,  -2.6,  16.4,  34.2,  49.1,  59.9,  65.7,  67.5,  68.8,  69.9,  -65.4,  -57.0,  -45.8,  -34.2,  -23.5,  3.1,  14.5,  25.1,  36.1,  45.8,  -9.2,  -8.7,  -8.2,  -7.8,  -21.1,  -14.2,  -6.6,  0.8,  7.5,  -50.4,  -42.2,  -34.9,  -27.0,  -34.4,  -41.5,  9.5,  18.0,  25.2,  32.5,  25.0,  17.7,  -29.5,  -20.0,  -11.3,  -5.0,  1.8,  10.7,  19.9,  11.3,  3.3,  -4.1,  -10.8,  -19.5,  -25.1,  -11.2,  -4.8,  2.3,  15.8,  2.0,  -4.9,  -11.3,  -5.3,  17.1,  40.5,  63.7,  84.6,  101.9,  113.4,  120.5,  122.8,  120.6,  111.9,  96.9,  77.2,  54.7,  31.5,  9.0,  -13.1,  -16.3,  -23.4,  -25.8,  -24.3,  -21.3,  -23.4,  -27.2,  -29.4,  -28.5,  -23.7,  -5.4,  7.0,  18.8,  30.7,  38.8,  41.2,  43.0,  40.2,  37.4,  1.6,  0.8,  -0.3,  -1.0,  1.7,  2.9,  -3.2,  -3.3,  -2.8,  -3.2,  -1.1,  -1.3,  68.6,  61.1,  57.2,  58.4,  56.3,  59.1,  64.3,  71.5,  74.5,  75.8,  75.9,  74.6,  68.5,  64.1,  64.1,  63.1,  65.1,  64.3,  65.5,  65.6,  390.5,  394.0,  400.5,  404.1,  400.4,  393.4,  379.6,  368.0,  368.3,  375.1,  387.7,  395.5,  396.5,  392.8,  386.2,  381.0,  380.8,  358.8,  351.0,  343.7,  338.0,  330.7,  327.0,  332.1,  336.9,  340.6,  344.5,  331.6,  326.2,  320.3,  315.1,  332.8,  329.5,  326.9,  329.2,  332.2,  351.7,  347.6,  346.0,  343.7,  344.6,  345.9,  340.7,  340.4,  340.4,  342.5,  339.9,  339.7,  350.9,  337.3,  332.4,  331.0,  331.1,  336.2,  347.6,  336.7,  332.5,  331.3,  332.8,  338.1,  347.1,  335.8,  334.3,  334.7,  345.0,  332.3,  331.5,  333.2,  2.500,  0.192,  0.053,  -0.062,  624.315,  449.025,  -6.814,  1.712,  -15.782,  14.573,  -16.922,  1.912,  4.851,  -3.621,  -11.122,  -12.182,  -10.823,  -3.357,  3.858,  -7.507,  -1.258,  -3.071,  -7.086,  -2.839,  -6.679,  -9.714,  7.765,  -1.549,  4.820,  -4.707,  -3.671,  5.102,  1.710,  -0.040,  0.440,  -0.183,  1.542,  0.135,  0.744,  -0.166, 0.45, 0.00, 0.27, 0.00, 0.00, 0.00, 0.00, 0.00, 0.04, 0.00, 0.28, 0.00, 0.00, 0.00, 1.40, 1.49, 0.55, 1.00, 0.00, 0.00, 0.00, 0.00, 0.00, 0.00, 0.00, 0.00, 0.00, 0.00, 0.00, 0.00, 0.00, 1.00, 1.00, 0.00, 1.00
36,  0,  1.168,  0.98,  1,  0.196813,  0.431953,  -0.880160,  -0.095337,  0.438573,  -0.893625,  0.057,  0.456,  537.4,  541.6,  552.8,  564.6,  570.0,  566.8,  554.6,  542.8,  523.3,  531.4,  539.9,  549.5,  559.9,  570.4,  579.6,  572.0,  560.4,  548.1,  537.6,  529.2,  549.1,  554.4,  559.5,  561.4,  559.0,  553.6,  548.5,  546.7,  680.8,  683.9,  695.2,  708.0,  714.7,  711.5,  700.3,  686.7,  670.6,  680.7,  692.0,  702.7,  711.8,  719.5,  726.9,  722.0,  714.7,  704.9,  692.5,  680.0,  692.8,  698.4,  703.4,  704.8,  701.8,  696.2,  691.2,  689.8,  368.2,  357.4,  351.8,  354.7,  364.4,  376.2,  380.8,  377.9,  369.0,  367.2,  366.0,  365.0,  363.4,  361.6,  359.3,  363.3,  364.2,  365.8,  367.5,  368.9,  372.7,  374.0,  371.5,  366.6,  362.2,  360.9,  363.4,  368.3,  356.7,  346.8,  342.7,  346.9,  356.8,  366.7,  370.8,  367.9,  353.4,  354.0,  354.7,  355.5,  355.5,  355.5,  356.4,  356.9,  356.3,  355.6,  355.4,  356.1,  362.7,  364.5,  362.7,  358.3,  354.0,  352.1,  353.9,  358.3,  -41.9,  -40.5,  -35.9,  -30.9,  -28.5,  -29.6,  -34.5,  -39.4,  -48.5,  -44.7,  -40.9,  -36.9,  -32.6,  -28.4,  -24.7,  -27.6,  -32.2,  -37.2,  -41.6,  -45.5,  -37.1,  -34.8,  -32.8,  -32.1,  -33.2,  -35.5,  -37.5,  -38.2,  16.0,  17.4,  22.0,  27.0,  29.5,  28.0,  23.4,  18.1,  12.0,  15.9,  20.3,  24.5,  28.3,  31.5,  34.8,  32.5,  29.3,  25.3,  20.4,  15.6,  20.7,  22.9,  24.9,  25.6,  24.5,  22.3,  20.2,  19.6,  3.3,  -1.1,  -3.4,  -2.2,  1.8,  6.6,  8.4,  7.3,  3.7,  3.0,  2.5,  2.0,  1.4,  0.6,  -0.3,  1.3,  1.7,  2.3,  3.1,  3.7,  5.2,  5.7,  4.7,  2.7,  0.9,  0.4,  1.4,  3.4,  -1.3,  -5.2,  -6.9,  -5.2,  -1.3,  2.6,  4.2,  3.1,  -2.6,  -2.3,  -2.1,  -1.8,  -1.8,  -1.8,  -1.5,  -1.2,  -1.5,  -1.7,  -1.8,  -1.5,  1.0,  1.8,  1.1,  -0.7,  -2.4,  -3.1,  -2.4,  -0.7,  357.6,  359.8,  360.3,  358.9,  356.3,  354.2,  353.6,  355.0,  363.2,  359.9,  357.6,  356.2,  355.9,  356.8,  358.4,  355.5,  353.8,  353.9,  355.9,  359.2,  356.9,  356.2,  356.5,  357.5,  358.6,  359.3,  359.0,  358.0,  342.5,  346.0,  348.3,  348.1,  345.6,  342.2,  339.8,  339.9,  343.5,  342.4,  342.0,  342.6,  344.4,  347.2,  350.8,  346.7,  343.0,  340.4,  339.8,  341.0,  343.0,  342.9,  343.9,  345.4,  346.6,  346.6,  345.6,  344.1,  -3.7,  35.6,  344.8,  0.071,  0.007,  -0.058,  451.5,  453.9,  461.6,  475.6,  497.2,  527.3,  559.1,  595.9,  640.3,  684.6,  722.5,  753.1,  776.0,  789.8,  796.1,  800.8,  803.0,  486.1,  504.2,  530.2,  558.4,  585.6,  656.0,  685.2,  711.5,  738.6,  762.1,  623.5,  625.1,  626.5,  628.0,  592.2,  610.6,  630.9,  650.6,  668.1,  521.1,  540.3,  558.3,  577.9,  559.2,  541.6,  671.2,  692.8,  711.2,  729.2,  710.7,  692.3,  571.7,  595.6,  618.5,  635.1,  653.1,  675.9,  698.0,  677.3,  656.5,  637.3,  619.7,  596.7,  582.2,  618.9,  635.6,  654.0,  688.3,  653.3,  635.1,  618.4,  346.4,  396.6,  447.1,  496.9,  544.4,  586.6,  621.5,  646.2,  651.0,  639.6,  610.5,  572.1,  528.2,  480.0,  430.1,  379.8,  329.0,  322.8,  304.7,  297.4,  300.0,  306.6,  300.0,  291.1,  286.3,  288.9,  301.3,  348.3,  381.6,  414.7,  448.8,  464.8,  472.3,  478.4,  469.7,  461.0,  366.6,  364.4,  361.8,  359.8,  366.8,  370.0,  353.7,  353.4,  354.6,  353.5,  359.0,  358.6,  531.7,  520.8,  513.6,  517.1,  511.6,  515.7,  522.0,  545.6,  555.8,  560.1,  559.5,  553.4,  533.5,  529.6,  530.4,  527.1,  525.4,  529.4,  533.2,  532.6,  -83.8,  -83.5,  -81.5,  -75.9,  -65.4,  -50.8,  -35.2,  -18.6,  0.1,  19.2,  36.8,  51.5,  62.2,  67.8,  69.4,  70.4,  71.3,  -62.7,  -54.2,  -43.0,  -31.4,  -20.5,  6.0,  17.2,  27.6,  38.5,  48.3,  -6.2,  -5.6,  -5.0,  -4.3,  -18.2,  -11.1,  -3.4,  4.0,  10.7,  -47.6,  -39.4,  -32.2,  -24.3,  -31.7,  -38.7,  12.2,  20.6,  27.8,  35.1,  27.6,  20.3,  -27.5,  -17.2,  -8.2,  -1.9,  5.0,  13.9,  23.2,  14.4,  6.3,  -1.0,  -7.7,  -16.8,  -23.0,  -8.1,  -1.7,  5.4,  19.2,  5.1,  -1.9,  -8.2,  -6.0,  16.4,  39.8,  63.2,  84.5,  102.2,  113.9,  120.8,  123.0,  120.6,  111.8,  96.7,  76.9,  54.3,  31.1,  8.6,  -13.6,  -15.2,  -22.1,  -24.5,  -23.1,  -20.2,  -22.4,  -26.2,  -28.5,  -27.8,  -23.2,  -4.4,  8.1,  20.0,  32.1,  39.9,  42.4,  44.4,  41.5,  38.5,  2.6,  1.7,  0.7,  -0.1,  2.7,  3.9,  -2.5,  -2.6,  -2.1,  -2.6,  -0.4,  -0.5,  69.1,  62.2,  58.6,  59.8,  57.7,  60.3,  64.9,  71.8,  74.7,  75.9,  76.0,  74.9,  69.1,  65.4,  65.4,  64.3,  65.7,  64.6,  65.8,  65.9,  388.9,  392.8,  399.8,  403.9,  400.8,  394.5,  381.0,  369.3,  369.9,  377.4,  390.6,  398.9,  400.0,  396.0,  388.9,  383.1,  382.6,  356.6,  349.1,  342.3,  337.0,  330.2,  327.6,  333.1,  338.0,  341.8,  345.8,  331.6,  326.5,  320.9,  316.1,  333.5,  330.4,  328.0,  330.5,  333.7,  349.9,  346.1,  344.9,  342.9,  343.4,  344.4,  341.5,  341.4,  341.7,  343.9,  341.2,  340.7,  352.1,  338.7,  334.0,  332.9,  333.2,  338.7,  350.6,  338.6,  333.6,  332.1,  333.4,  339.0,  348.5,  337.2,  336.0,  336.6,  347.7,  333.5,  332.4,  334.0,  2.494,  0.211,  0.021,  -0.061,  630.712,  450.218,  -5.646,  3.395,  -16.398,  11.967,  -18.349,  4.175,  3.674,  -3.894,  -11.402,  -11.392,  -11.790,  -2.015,  3.703,  -7.534,  -1.806,  -1.896,  -7.048,  -2.540,  -6.771,  -9.401,  7.762,  -1.497,  4.628,  -4.498,  -4.044,  5.188,  1.429,  -0.347,  0.605,  -0.548,  1.603,  0.147,  0.695,  -0.117, 0.39, 0.00, 0.22, 0.00, 0.00, 0.00, 0.00, 0.00, 0.10, 0.00, 0.18, 0.00, 0.00, 0.00, 0.88, 1.07, 0.54, 0.00, 0.00, 0.00, 0.00, 0.00, 0.00, 0.00, 0.00, 0.00, 0.00, 0.00, 0.00, 0.00, 0.00, 0.00, 0.00, 0.00, 1.00
37,  0,  1.201,  0.98,  1,  0.192179,  0.438924,  -0.877732,  -0.116006,  0.438534,  -0.891196,  0.043,  0.460,  541.9,  546.1,  557.4,  569.2,  574.6,  571.4,  559.1,  547.3,  528.2,  536.2,  544.7,  554.2,  564.7,  575.3,  584.4,  576.7,  565.0,  552.8,  542.4,  534.1,  553.5,  559.0,  564.2,  566.1,  563.6,  558.2,  553.0,  551.1,  684.3,  687.7,  699.1,  711.7,  718.3,  715.0,  703.6,  690.1,  674.9,  685.0,  696.3,  707.0,  716.1,  723.7,  731.0,  726.3,  719.0,  709.3,  696.9,  684.4,  696.6,  701.9,  706.6,  708.0,  705.3,  700.0,  695.2,  693.8,  370.3,  359.3,  353.6,  356.4,  366.2,  378.1,  382.8,  380.0,  370.9,  369.1,  367.8,  366.8,  365.3,  363.6,  361.8,  365.3,  366.1,  367.6,  369.2,  370.7,  374.8,  376.1,  373.5,  368.5,  364.0,  362.7,  365.3,  370.4,  358.2,  348.2,  344.1,  348.5,  358.6,  368.7,  372.7,  369.6,  354.9,  355.8,  356.6,  357.5,  357.4,  357.3,  357.9,  358.4,  357.7,  357.1,  356.9,  357.6,  364.1,  365.9,  364.2,  360.1,  355.8,  354.0,  355.7,  359.9,  -40.0,  -38.5,  -33.9,  -29.0,  -26.6,  -27.7,  -32.6,  -37.5,  -46.3,  -42.6,  -38.8,  -34.8,  -30.5,  -26.3,  -22.7,  -25.7,  -30.2,  -35.2,  -39.6,  -43.3,  -35.2,  -32.9,  -30.8,  -30.1,  -31.2,  -33.5,  -35.6,  -36.3,  17.4,  18.9,  23.5,  28.6,  31.0,  29.3,  24.7,  19.5,  13.7,  17.6,  22.0,  26.3,  30.0,  33.3,  36.6,  34.2,  31.0,  27.0,  22.1,  17.3,  22.2,  24.3,  26.2,  26.9,  25.9,  23.8,  21.8,  21.2,  4.2,  -0.3,  -2.6,  -1.5,  2.5,  7.3,  9.2,  8.1,  4.5,  3.7,  3.2,  2.8,  2.1,  1.5,  0.7,  2.2,  2.5,  3.0,  3.8,  4.4,  6.0,  6.5,  5.5,  3.4,  1.6,  1.1,  2.2,  4.2,  -0.7,  -4.7,  -6.3,  -4.6,  -0.5,  3.4,  5.0,  3.7,  -2.0,  -1.6,  -1.3,  -1.0,  -1.0,  -1.1,  -0.8,  -0.6,  -0.9,  -1.1,  -1.2,  -1.0,  1.6,  2.3,  1.7,  0.0,  -1.7,  -2.4,  -1.7,  -0.1,  356.7,  358.9,  359.4,  357.9,  355.3,  353.1,  352.6,  354.1,  362.2,  358.9,  356.6,  355.2,  354.8,  355.6,  357.1,  354.4,  352.8,  352.9,  355.0,  358.2,  355.9,  355.2,  355.4,  356.5,  357.7,  358.4,  358.1,  357.1,  343.0,  346.4,  348.6,  348.4,  345.9,  342.6,  340.3,  340.5,  343.6,  342.5,  342.1,  342.8,  344.7,  347.5,  351.3,  347.2,  343.4,  340.8,  340.1,  341.2,  343.5,  343.4,  344.4,  345.8,  346.8,  346.9,  346.0,  344.6,  -2.1,  36.2,  345.8,  0.078,  -0.004,  -0.053,  453.9,  456.2,  463.5,  476.9,  498.4,  528.5,  560.8,  598.3,  643.0,  687.3,  725.1,  755.4,  778.3,  792.0,  798.4,  803.4,  805.6,  490.1,  508.7,  535.2,  563.8,  591.5,  660.8,  690.0,  716.3,  743.7,  767.0,  628.7,  630.5,  632.1,  633.8,  596.9,  615.5,  636.0,  655.8,  673.3,  525.8,  545.1,  563.0,  582.6,  564.0,  546.5,  675.6,  697.2,  715.4,  733.4,  715.0,  696.7,  574.1,  599.5,  622.9,  639.8,  658.0,  680.8,  703.1,  682.0,  661.0,  641.7,  623.9,  600.4,  584.8,  623.1,  640.1,  658.7,  693.6,  657.9,  639.6,  622.7,  346.4,  396.4,  446.8,  496.4,  543.8,  586.0,  620.9,  645.9,  650.8,  639.7,  610.6,  572.5,  528.8,  480.7,  431.1,  381.0,  330.2,  325.1,  307.1,  300.0,  302.7,  309.5,  302.9,  293.5,  288.6,  291.1,  303.7,  350.5,  384.0,  417.4,  451.8,  466.8,  474.5,  480.8,  472.0,  463.1,  368.3,  366.3,  363.7,  361.7,  368.6,  371.8,  355.5,  355.2,  356.3,  355.2,  360.7,  360.3,  531.9,  522.2,  515.7,  519.2,  513.7,  517.2,  522.3,  545.7,  555.7,  559.9,  559.3,  553.3,  534.0,  531.3,  532.1,  528.7,  525.9,  529.9,  533.6,  533.0,  -82.7,  -82.5,  -80.6,  -75.3,  -64.9,  -50.3,  -34.6,  -17.6,  1.3,  20.5,  38.2,  52.9,  63.6,  69.2,  70.8,  71.9,  72.8,  -61.1,  -52.3,  -41.0,  -29.3,  -18.3,  7.8,  19.1,  29.6,  40.7,  50.5,  -4.3,  -3.5,  -2.9,  -2.2,  -16.5,  -9.3,  -1.5,  6.0,  12.8,  -45.7,  -37.5,  -30.4,  -22.5,  -29.8,  -36.8,  13.9,  22.4,  29.6,  36.8,  29.3,  22.1,  -26.6,  -15.8,  -6.5,  -0.1,  6.9,  15.9,  25.5,  16.3,  8.0,  0.6,  -6.2,  -15.4,  -22.1,  -6.5,  0.0,  7.2,  21.4,  6.9,  -0.2,  -6.6,  -6.1,  16.3,  39.6,  63.0,  84.3,  102.0,  113.8,  120.9,  123.2,  120.9,  112.4,  97.4,  77.6,  55.0,  31.8,  9.3,  -13.1,  -14.2,  -21.1,  -23.5,  -22.1,  -19.1,  -21.4,  -25.4,  -27.7,  -27.0,  -22.4,  -3.6,  9.0,  21.1,  33.3,  40.8,  43.4,  45.4,  42.5,  39.5,  3.3,  2.5,  1.5,  0.7,  3.4,  4.7,  -1.8,  -1.9,  -1.4,  -1.9,  0.3,  0.1,  69.5,  63.0,  59.7,  60.8,  58.8,  61.2,  65.5,  72.2,  74.8,  76.0,  76.1,  75.1,  69.6,  66.3,  66.4,  65.2,  66.3,  64.9,  66.1,  66.2,  388.8,  392.7,  399.6,  403.9,  401.1,  395.1,  381.7,  369.9,  370.6,  378.4,  392.4,  401.0,  402.4,  398.4,  391.2,  385.4,  384.9,  356.5,  348.9,  342.1,  337.0,  330.2,  328.1,  333.9,  339.0,  343.2,  347.7,  332.1,  327.2,  321.7,  317.1,  334.4,  331.3,  329.0,  331.7,  335.0,  349.8,  346.2,  345.1,  343.3,  343.5,  344.4,  342.4,  342.5,  342.9,  345.2,  342.4,  341.8,  353.4,  340.1,  335.4,  334.4,  334.9,  340.6,  352.8,  340.0,  334.4,  332.7,  334.1,  340.0,  350.0,  338.5,  337.4,  338.1,  349.8,  334.4,  333.2,  334.7,  2.487,  0.217,  0.004,  -0.055,  634.748,  451.490,  -4.210,  3.027,  -16.030,  10.054,  -18.421,  6.250,  2.577,  -4.140,  -11.246,  -10.293,  -12.541,  -1.780,  2.859,  -7.044,  -1.952,  -0.881,  -6.688,  -2.355,  -6.841,  -9.342,  7.779,  -1.446,  4.950,  -4.389,  -4.087,  5.395,  1.396,  -0.471,  0.777,  -0.481,  1.601,  0.075,  0.676,  -0.199, 0.25, 0.00, 0.26, 0.00, 0.00, 0.00, 0.00, 0.00, 0.19, 0.00, 0.10, 0.00, 0.00, 0.00, 0.53, 0.66, 0.52, 0.00, 0.00, 0.00, 0.00, 0.00, 0.00, 0.00, 0.00, 0.00, 0.00, 0.00, 0.00, 0.00, 0.00, 0.00, 0.00, 0.00, 1.00
38,  0,  1.235,  0.98,  1,  0.191948,  0.449994,  -0.872159,  -0.106077,  0.444803,  -0.889324,  0.049,  0.470,  543.4,  547.3,  558.3,  570.0,  575.5,  572.5,  560.5,  548.8,  529.0,  537.2,  545.8,  555.5,  565.9,  576.2,  585.1,  577.7,  566.3,  554.1,  543.6,  535.2,  554.9,  560.2,  565.2,  567.0,  564.5,  559.2,  554.2,  552.4,  686.1,  689.8,  701.5,  714.5,  721.1,  717.4,  705.7,  691.8,  676.6,  686.8,  698.3,  709.0,  717.9,  725.7,  733.3,  728.3,  720.8,  710.9,  698.3,  685.9,  698.5,  704.1,  709.2,  710.8,  707.9,  702.3,  697.2,  695.6,  371.5,  360.5,  354.9,  357.9,  367.8,  379.8,  384.4,  381.4,  371.6,  370.1,  369.1,  368.2,  366.7,  365.0,  362.7,  366.6,  367.4,  368.9,  370.5,  371.7,  376.0,  377.4,  374.9,  369.9,  365.4,  364.0,  366.6,  371.5,  359.8,  349.9,  346.1,  350.6,  360.8,  370.7,  374.5,  371.2,  356.6,  357.4,  358.3,  359.4,  359.2,  359.2,  359.8,  360.3,  359.5,  358.8,  358.6,  359.2,  366.1,  368.1,  366.4,  362.1,  357.7,  355.8,  357.4,  361.7,  -40.1,  -38.6,  -34.1,  -29.1,  -26.7,  -27.8,  -32.6,  -37.5,  -46.7,  -42.9,  -39.0,  -34.9,  -30.6,  -26.4,  -22.8,  -25.7,  -30.2,  -35.2,  -39.8,  -43.6,  -35.2,  -33.0,  -30.9,  -30.3,  -31.4,  -33.6,  -35.7,  -36.4,  17.9,  19.5,  24.3,  29.4,  31.8,  30.0,  25.3,  20.0,  14.2,  18.2,  22.6,  26.8,  30.4,  33.7,  37.1,  34.7,  31.4,  27.3,  22.5,  17.7,  22.7,  24.9,  27.0,  27.7,  26.7,  24.5,  22.4,  21.7,  4.8,  0.2,  -2.1,  -0.9,  3.2,  8.1,  10.0,  8.8,  4.9,  4.2,  3.8,  3.4,  2.8,  2.1,  1.1,  2.7,  3.1,  3.7,  4.3,  4.9,  6.6,  7.2,  6.1,  4.1,  2.2,  1.7,  2.7,  4.8,  -0.1,  -3.9,  -5.5,  -3.7,  0.3,  4.1,  5.6,  4.3,  -1.3,  -1.0,  -0.7,  -0.2,  -0.3,  -0.3,  -0.1,  0.1,  -0.2,  -0.5,  -0.5,  -0.3,  2.4,  3.1,  2.5,  0.8,  -0.9,  -1.7,  -1.0,  0.7,  362.6,  364.6,  365.1,  363.9,  361.6,  359.8,  359.1,  360.4,  368.2,  364.9,  362.6,  361.3,  361.1,  362.1,  363.7,  360.9,  359.1,  359.1,  361.0,  364.2,  362.2,  361.6,  361.8,  362.7,  363.8,  364.3,  364.1,  363.2,  339.9,  343.4,  345.7,  345.4,  342.7,  339.2,  336.9,  337.1,  340.8,  339.6,  339.2,  339.8,  341.5,  344.3,  347.9,  343.9,  340.2,  337.6,  337.1,  338.3,  340.2,  340.1,  341.1,  342.6,  343.8,  343.9,  342.9,  341.4,  -1.8,  36.7,  345.4,  0.082,  -0.001,  -0.048,  455.5,  457.6,  464.5,  477.7,  498.8,  528.6,  560.5,  597.4,  642.1,  686.8,  725.1,  756.0,  779.3,  793.4,  800.0,  805.1,  807.6,  491.5,  510.4,  536.9,  565.6,  593.3,  662.7,  691.9,  718.2,  745.5,  768.9,  630.4,  631.9,  633.3,  634.8,  597.5,  616.2,  636.8,  656.8,  674.4,  526.8,  546.2,  564.1,  583.8,  565.0,  547.5,  677.4,  699.0,  717.3,  735.3,  716.8,  698.5,  574.0,  599.7,  623.4,  640.2,  658.5,  681.4,  704.0,  682.2,  661.0,  641.6,  623.8,  600.2,  584.7,  623.5,  640.4,  659.1,  694.4,  658.2,  639.8,  622.9,  346.2,  396.2,  446.7,  496.4,  544.1,  586.4,  621.5,  646.8,  652.1,  641.1,  612.0,  573.7,  530.0,  482.1,  432.7,  382.9,  332.2,  326.0,  308.3,  301.3,  304.3,  311.2,  304.8,  295.6,  290.7,  293.2,  305.7,  352.0,  385.8,  419.5,  454.2,  468.4,  476.4,  482.9,  474.1,  465.3,  369.3,  367.6,  365.0,  363.1,  369.8,  372.9,  357.1,  357.0,  358.1,  357.1,  362.4,  361.9,  532.7,  523.6,  517.4,  521.0,  515.6,  519.0,  523.8,  547.1,  557.0,  561.2,  560.5,  554.3,  535.0,  533.0,  533.9,  530.5,  527.4,  531.2,  534.9,  534.2,  -81.9,  -81.8,  -80.1,  -74.9,  -64.7,  -50.3,  -34.7,  -18.0,  0.9,  20.2,  38.1,  53.1,  64.0,  69.8,  71.5,  72.7,  73.7,  -60.4,  -51.6,  -40.2,  -28.6,  -17.6,  8.5,  19.7,  30.2,  41.3,  51.1,  -3.6,  -3.0,  -2.4,  -1.9,  -16.2,  -9.0,  -1.2,  6.3,  13.2,  -45.2,  -37.0,  -29.9,  -22.0,  -29.4,  -36.3,  14.6,  23.1,  30.2,  37.5,  30.0,  22.8,  -26.6,  -15.6,  -6.3,  0.1,  7.1,  16.1,  25.8,  16.4,  8.0,  0.6,  -6.2,  -15.4,  -22.1,  -6.4,  0.2,  7.4,  21.7,  6.9,  -0.1,  -6.5,  -6.1,  16.2,  39.6,  63.0,  84.4,  102.3,  114.1,  121.3,  123.7,  121.5,  112.9,  97.9,  78.1,  55.5,  32.5,  10.1,  -12.2,  -13.8,  -20.6,  -22.9,  -21.4,  -18.4,  -20.7,  -24.5,  -26.8,  -26.1,  -21.5,  -3.0,  9.6,  21.8,  34.1,  41.4,  44.0,  46.1,  43.2,  40.2,  3.7,  3.0,  2.0,  1.2,  3.9,  5.1,  -1.1,  -1.2,  -0.7,  -1.2,  0.9,  0.7,  69.8,  63.6,  60.3,  61.5,  59.5,  61.8,  66.0,  72.6,  75.2,  76.4,  76.4,  75.4,  70.0,  66.8,  67.0,  65.8,  66.9,  65.3,  66.5,  66.5,  388.4,  392.2,  399.3,  403.7,  401.2,  395.3,  382.0,  370.0,  370.6,  378.2,  392.2,  400.8,  402.1,  398.1,  390.8,  385.0,  384.6,  355.9,  348.2,  341.5,  336.3,  329.4,  327.4,  333.1,  338.2,  342.3,  346.7,  331.3,  326.4,  321.0,  316.4,  333.9,  330.7,  328.3,  331.0,  334.3,  349.2,  345.6,  344.4,  342.5,  342.8,  343.7,  341.7,  341.8,  342.2,  344.4,  341.6,  341.1,  353.3,  340.0,  335.1,  334.1,  334.5,  340.3,  352.6,  339.6,  333.9,  332.2,  333.6,  339.7,  349.8,  338.1,  337.0,  337.8,  349.6,  333.8,  332.6,  334.2,  2.491,  0.223,  0.007,  -0.049,  635.643,  452.907,  -3.100,  2.880,  -15.620,  9.733,  -18.500,  6.850,  2.126,  -4.427,  -11.525,  -10.087,  -12.151,  -0.885,  3.045,  -6.936,  -2.068,  -1.096,  -6.647,  -2.249,  -6.930,  -9.236,  7.957,  -1.402,  5.379,  -4.338,  -4.066,  5.192,  1.637,  -0.500,  0.795,  -0.432,  1.616,  0.076,  0.724,  -0.188, 0.14, 0.00, 0.31, 0.00, 0.00, 0.00, 0.00, 0.00, 0.22, 0.00, 0.07, 0.01, 0.00, 0.00, 0.40, 0.51, 0.56, 0.00, 0.00, 0.00, 0.00, 0.00, 0.00, 0.00, 0.00, 0.00, 0.00, 0.00, 0.00, 0.00, 0.00, 0.00, 0.00, 0.00, 1.00
39,  0,  1.268,  0.98,  1,  0.184213,  0.453202,  -0.872166,  -0.132695,  0.441598,  -0.887346,  0.029,  0.470,  542.3,  546.4,  557.5,  569.0,  574.3,  571.1,  559.1,  547.6,  527.8,  536.1,  544.7,  554.3,  564.6,  574.9,  583.9,  576.4,  565.1,  553.0,  542.5,  534.1,  553.6,  558.9,  564.0,  565.9,  563.5,  558.2,  553.1,  551.2,  685.4,  689.3,  700.6,  712.7,  718.6,  714.7,  703.4,  690.4,  676.0,  685.9,  697.0,  707.5,  716.6,  724.6,  732.3,  727.2,  719.4,  709.4,  696.9,  684.7,  697.2,  702.2,  707.0,  708.6,  706.2,  701.1,  696.4,  694.7,  372.0,  361.2,  355.8,  359.0,  369.0,  380.8,  385.1,  381.9,  372.0,  370.6,  369.7,  368.9,  367.6,  366.1,  364.0,  367.8,  368.5,  369.8,  371.1,  372.2,  376.8,  378.3,  375.8,  370.8,  366.2,  364.7,  367.2,  372.2,  362.1,  352.2,  348.3,  352.6,  362.6,  372.5,  376.4,  373.2,  358.2,  359.5,  360.3,  361.1,  361.2,  361.4,  362.4,  362.9,  362.1,  361.3,  361.0,  361.3,  367.8,  369.6,  368.0,  363.9,  359.7,  357.8,  359.5,  363.6,  -40.6,  -39.1,  -34.5,  -29.6,  -27.2,  -28.4,  -33.3,  -38.2,  -47.3,  -43.5,  -39.6,  -35.5,  -31.2,  -27.0,  -23.4,  -26.3,  -30.8,  -35.8,  -40.3,  -44.2,  -35.9,  -33.6,  -31.5,  -30.8,  -31.9,  -34.2,  -36.3,  -37.0,  18.2,  20.0,  24.7,  29.6,  31.7,  29.9,  25.2,  20.1,  14.5,  18.4,  22.8,  27.1,  30.9,  34.4,  37.9,  35.4,  31.9,  27.7,  22.7,  17.9,  23.0,  25.0,  27.0,  27.7,  26.8,  24.8,  22.8,  22.0,  5.0,  0.5,  -1.7,  -0.4,  3.7,  8.6,  10.3,  9.0,  5.1,  4.4,  4.0,  3.7,  3.2,  2.5,  1.7,  3.2,  3.5,  4.0,  4.6,  5.1,  7.0,  7.6,  6.6,  4.5,  2.6,  2.0,  3.0,  5.1,  0.8,  -3.2,  -4.8,  -3.0,  1.1,  5.0,  6.5,  5.3,  -0.7,  -0.2,  0.1,  0.5,  0.5,  0.6,  1.0,  1.2,  0.9,  0.5,  0.4,  0.5,  3.1,  3.9,  3.2,  1.6,  -0.1,  -0.9,  -0.2,  1.5,  363.6,  365.5,  366.1,  364.9,  362.6,  360.8,  360.1,  361.3,  369.1,  365.8,  363.6,  362.3,  362.1,  363.1,  364.7,  361.9,  360.1,  360.0,  361.9,  365.1,  363.1,  362.5,  362.8,  363.7,  364.7,  365.3,  365.1,  364.1,  351.2,  354.2,  356.1,  355.7,  353.2,  350.2,  348.3,  348.7,  352.6,  351.1,  350.5,  351.1,  352.8,  355.6,  359.2,  354.9,  351.3,  348.9,  348.4,  349.8,  351.5,  351.3,  352.1,  353.4,  354.4,  354.6,  353.8,  352.5,  -2.6,  37.5,  345.8,  0.087,  0.015,  -0.040,  456.3,  458.0,  464.7,  477.4,  498.0,  527.0,  557.7,  593.4,  637.8,  682.9,  722.3,  754.4,  778.5,  793.2,  800.1,  805.7,  808.8,  490.9,  509.8,  536.2,  564.7,  592.1,  661.9,  691.7,  718.3,  745.8,  769.1,  628.8,  629.7,  630.4,  631.2,  594.8,  613.1,  633.3,  653.4,  671.3,  525.7,  545.1,  563.1,  582.5,  563.8,  546.1,  676.3,  697.8,  716.1,  734.2,  715.6,  697.2,  571.2,  596.4,  620.0,  636.6,  655.0,  678.0,  700.9,  678.4,  656.9,  637.4,  619.7,  596.4,  581.7,  620.0,  636.8,  655.5,  691.2,  654.4,  635.9,  619.2,  345.5,  395.9,  446.8,  496.9,  545.0,  587.6,  622.9,  648.6,  654.3,  643.7,  614.5,  576.0,  532.3,  484.5,  435.2,  385.5,  334.8,  326.3,  309.0,  302.4,  305.6,  312.8,  307.0,  298.0,  293.2,  295.9,  308.7,  353.9,  387.6,  421.2,  455.9,  470.0,  478.1,  484.8,  476.3,  467.6,  369.8,  368.1,  365.8,  364.2,  370.8,  373.7,  359.1,  359.0,  360.3,  359.5,  364.8,  364.1,  534.1,  525.2,  519.3,  523.2,  517.9,  521.4,  526.4,  549.7,  559.5,  563.6,  562.6,  556.1,  536.5,  535.0,  536.1,  532.9,  530.0,  533.6,  537.1,  536.2,  -81.6,  -81.7,  -80.2,  -75.2,  -65.3,  -51.2,  -36.1,  -19.8,  -0.9,  18.6,  36.8,  52.2,  63.4,  69.4,  71.2,  72.5,  73.8,  -60.8,  -51.9,  -40.6,  -29.0,  -18.1,  8.2,  19.7,  30.2,  41.3,  51.0,  -4.2,  -3.8,  -3.5,  -3.2,  -17.3,  -10.2,  -2.5,  5.1,  11.9,  -45.7,  -37.5,  -30.3,  -22.5,  -29.9,  -36.9,  14.2,  22.5,  29.7,  37.0,  29.4,  22.3,  -27.9,  -17.0,  -7.7,  -1.3,  5.7,  14.8,  24.5,  14.9,  6.5,  -1.0,  -7.8,  -17.0,  -23.4,  -7.8,  -1.2,  6.0,  20.5,  5.5,  -1.6,  -8.0,  -6.4,  16.1,  39.7,  63.3,  85.0,  103.1,  115.1,  122.4,  124.9,  122.7,  113.9,  98.6,  78.9,  56.4,  33.4,  11.2,  -11.0,  -13.7,  -20.3,  -22.5,  -20.9,  -17.8,  -19.8,  -23.6,  -25.8,  -25.0,  -20.3,  -2.3,  10.3,  22.5,  34.8,  42.0,  44.7,  46.9,  44.0,  41.1,  3.9,  3.2,  2.3,  1.7,  4.3,  5.4,  -0.4,  -0.4,  0.1,  -0.2,  1.9,  1.6,  70.5,  64.4,  61.2,  62.4,  60.5,  62.8,  67.0,  73.7,  76.3,  77.5,  77.5,  76.4,  70.8,  67.8,  68.0,  66.9,  67.9,  66.4,  67.5,  67.5,  388.9,  393.0,  400.3,  404.8,  402.2,  396.3,  383.1,  371.2,  371.3,  378.4,  391.6,  399.7,  400.5,  396.2,  389.0,  383.1,  382.6,  356.8,  348.9,  342.0,  336.7,  329.8,  327.3,  332.6,  337.4,  341.4,  345.7,  331.4,  326.7,  321.5,  317.1,  334.6,  331.3,  328.9,  331.4,  334.5,  349.8,  346.1,  344.8,  342.8,  343.2,  344.2,  341.4,  341.1,  341.4,  343.4,  340.8,  340.5,  354.4,  341.0,  335.9,  334.8,  335.1,  340.6,  352.5,  340.1,  334.7,  333.2,  334.8,  340.9,  350.8,  339.0,  337.8,  338.4,  349.7,  334.4,  333.4,  335.1,  2.489,  0.229,  0.027,  -0.042,  633.647,  454.707,  -6.103,  2.778,  -15.763,  9.404,  -17.678,  6.655,  1.802,  -5.978,  -10.919,  -10.307,  -11.895,  -0.432,  2.988,  -6.632,  -1.456,  -0.857,  -6.876,  -2.395,  -6.743,  -9.171,  8.199,  -1.789,  5.327,  -4.057,  -3.782,  5.032,  1.682,  -0.530,  0.810,  -0.429,  1.612,  0.020,  0.776,  -0.139, 0.03, 0.00, 0.36, 0.00, 0.00, 0.00, 0.01, 0.00, 0.22, 0.01, 0.07, 0.01, 0.00, 0.00, 0.43, 0.50, 0.52, 0.00, 0.00, 0.00, 0.00, 0.00, 0.00, 0.00, 0.00, 0.00, 0.00, 0.00, 0.00, 0.00, 0.00, 0.00, 0.00, 0.00, 1.00
40,  0,  1.301,  0.98,  1,  0.175063,  0.422604,  -0.889246,  -0.149598,  0.418448,  -0.895836,  0.014,  0.440,  538.9,  542.7,  553.2,  564.2,  569.4,  566.4,  555.1,  544.0,  523.9,  531.6,  540.1,  550.0,  560.4,  570.3,  578.5,  571.8,  560.8,  549.0,  538.8,  530.2,  549.7,  554.7,  559.4,  561.1,  558.8,  553.9,  549.1,  547.4,  680.8,  685.0,  696.7,  709.0,  714.8,  710.7,  699.0,  685.8,  671.4,  681.2,  692.4,  703.2,  712.6,  720.8,  728.6,  723.4,  715.5,  705.3,  692.6,  680.1,  692.8,  698.0,  702.9,  704.6,  702.2,  697.0,  692.2,  690.4,  372.0,  360.9,  355.7,  359.3,  369.7,  381.7,  386.1,  382.4,  371.7,  370.5,  369.7,  368.7,  367.6,  366.1,  363.9,  370.5,  373.2,  375.3,  375.9,  375.0,  376.5,  378.2,  375.8,  370.8,  366.2,  364.5,  366.9,  371.9,  363.2,  353.5,  349.8,  354.4,  364.5,  374.2,  377.9,  374.5,  359.6,  360.6,  361.5,  362.4,  362.9,  363.5,  365.2,  365.5,  364.3,  363.1,  362.5,  362.7,  369.3,  371.2,  369.7,  365.6,  361.4,  359.5,  361.0,  365.1,  -42.3,  -40.8,  -36.4,  -31.7,  -29.5,  -30.7,  -35.4,  -40.0,  -49.3,  -45.6,  -41.8,  -37.5,  -33.2,  -29.1,  -25.8,  -28.4,  -32.9,  -37.8,  -42.2,  -46.1,  -37.8,  -35.7,  -33.7,  -33.0,  -34.0,  -36.1,  -38.1,  -38.8,  16.0,  17.8,  22.6,  27.5,  29.6,  27.7,  23.0,  17.8,  12.4,  16.2,  20.5,  24.8,  28.6,  32.1,  35.5,  33.1,  29.6,  25.4,  20.5,  15.7,  20.8,  22.8,  24.7,  25.5,  24.6,  22.6,  20.6,  19.9,  5.0,  0.4,  -1.8,  -0.3,  4.1,  9.0,  10.9,  9.4,  5.0,  4.4,  4.0,  3.6,  3.2,  2.6,  1.7,  4.4,  5.5,  6.4,  6.6,  6.3,  6.9,  7.6,  6.6,  4.5,  2.6,  1.9,  2.9,  5.0,  1.3,  -2.6,  -4.1,  -2.2,  1.8,  5.6,  7.0,  5.6,  -0.2,  0.2,  0.6,  1.0,  1.1,  1.4,  2.1,  2.2,  1.7,  1.2,  1.0,  1.1,  3.7,  4.4,  3.8,  2.2,  0.6,  -0.2,  0.4,  2.0,  366.0,  366.8,  366.9,  366.2,  365.2,  364.7,  364.3,  365.0,  371.6,  368.3,  366.1,  364.7,  364.6,  365.6,  367.1,  364.7,  362.9,  363.0,  364.8,  367.8,  366.2,  365.9,  366.0,  366.3,  366.8,  367.1,  367.0,  366.7,  343.5,  346.7,  348.6,  348.1,  345.5,  342.3,  340.3,  340.8,  344.9,  343.5,  343.0,  343.5,  345.1,  347.7,  351.1,  347.0,  343.5,  341.1,  340.7,  342.1,  343.7,  343.5,  344.3,  345.6,  346.7,  346.9,  346.1,  344.8,  -4.5,  38.3,  346.8,  0.086,  0.038,  -0.037,  456.1,  457.9,  464.7,  477.0,  496.8,  525.0,  553.7,  587.8,  631.6,  677.1,  718.0,  751.7,  776.8,  792.1,  799.5,  805.3,  808.9,  487.4,  506.8,  532.9,  560.9,  587.4,  656.9,  687.4,  714.5,  742.6,  766.6,  624.0,  624.1,  624.0,  624.1,  588.6,  606.6,  626.6,  647.1,  665.3,  521.6,  540.8,  559.2,  578.2,  559.3,  541.2,  672.2,  693.3,  712.0,  730.3,  711.6,  692.9,  565.7,  590.4,  613.8,  630.0,  648.2,  671.4,  695.4,  671.4,  649.2,  629.8,  612.4,  589.6,  575.9,  613.7,  630.2,  648.9,  685.6,  647.1,  628.7,  612.4,  346.8,  397.1,  448.3,  498.5,  546.7,  589.2,  624.3,  650.2,  656.2,  646.0,  616.7,  577.8,  534.2,  486.4,  437.3,  387.9,  337.3,  325.7,  309.3,  303.3,  306.7,  313.9,  308.7,  300.1,  295.5,  298.1,  310.8,  355.7,  389.2,  422.7,  457.2,  471.6,  480.0,  486.8,  478.6,  470.1,  370.5,  368.5,  366.5,  366.1,  372.7,  375.3,  361.2,  360.4,  361.7,  361.8,  367.3,  366.6,  535.7,  526.7,  521.0,  525.0,  519.9,  523.6,  528.8,  552.0,  561.7,  565.5,  564.4,  557.7,  538.1,  536.9,  538.1,  535.1,  532.3,  535.8,  539.2,  538.2,  -82.2,  -82.3,  -80.6,  -75.7,  -66.1,  -52.4,  -38.1,  -22.3,  -3.6,  16.0,  34.7,  50.7,  62.1,  68.3,  70.4,  72.0,  73.6,  -62.6,  -53.4,  -42.0,  -30.6,  -19.9,  6.3,  18.1,  28.8,  40.0,  50.0,  -6.1,  -6.0,  -5.9,  -5.8,  -19.8,  -12.7,  -5.1,  2.7,  9.7,  -47.6,  -39.4,  -32.0,  -24.3,  -31.8,  -39.1,  12.6,  20.8,  28.1,  35.4,  27.9,  20.6,  -30.3,  -19.4,  -10.1,  -3.8,  3.2,  12.3,  22.4,  12.2,  3.5,  -3.9,  -10.6,  -19.7,  -25.9,  -10.2,  -3.8,  3.4,  18.2,  2.7,  -4.3,  -10.6,  -5.9,  16.8,  40.6,  64.4,  86.2,  104.4,  116.6,  124.0,  126.1,  123.6,  114.3,  98.8,  79.1,  56.8,  34.2,  12.2,  -9.9,  -14.1,  -20.3,  -22.3,  -20.6,  -17.5,  -19.3,  -22.8,  -24.9,  -24.1,  -19.4,  -1.7,  10.9,  23.1,  35.4,  42.9,  45.6,  47.8,  45.0,  42.2,  4.2,  3.4,  2.6,  2.4,  5.0,  6.0,  0.5,  0.2,  0.7,  0.7,  2.8,  2.6,  71.6,  65.4,  62.1,  63.4,  61.4,  63.8,  68.1,  74.8,  77.3,  78.5,  78.5,  77.4,  71.8,  68.8,  69.0,  67.9,  69.0,  67.3,  68.5,  68.5,  391.2,  395.4,  402.4,  406.7,  404.1,  398.4,  386.0,  373.8,  372.5,  378.1,  389.7,  396.8,  397.2,  392.9,  386.4,  381.1,  381.0,  358.7,  350.8,  343.6,  338.3,  331.4,  328.3,  333.4,  337.7,  341.3,  345.2,  332.5,  328.0,  322.9,  318.6,  336.2,  332.7,  330.1,  332.3,  335.1,  351.9,  347.7,  346.2,  344.0,  344.6,  345.9,  341.9,  341.2,  341.3,  343.3,  340.8,  340.5,  356.5,  343.0,  337.4,  336.0,  336.0,  341.4,  352.9,  340.7,  335.5,  334.4,  336.2,  342.8,  352.9,  340.5,  339.0,  339.3,  350.3,  335.1,  334.4,  336.4,  2.483,  0.229,  0.062,  -0.041,  629.060,  456.461,  -9.965,  2.831,  -16.027,  8.924,  -16.161,  5.412,  0.440,  -8.173,  -10.837,  -9.496,  -11.302,  2.765,  1.785,  -5.680,  -0.754,  -0.794,  -6.781,  -2.949,  -5.815,  -8.861,  7.522,  -1.860,  4.985,  -3.689,  -3.767,  5.653,  1.778,  -0.951,  0.989,  -0.398,  1.126,  0.218,  0.645,  -0.216, 0.08, 0.00, 0.32, 0.00, 0.00, 0.00, 0.01, 0.00, 0.17, 0.05, 0.06, 0.01, 0.00, 0.00, 0.61, 0.56, 0.46, 0.00, 0.00, 0.00, 0.00, 0.00, 0.00, 0.00, 0.00, 0.00, 0.00, 0.00, 0.00, 0.00, 0.00, 0.00, 0.00, 0.00, 1.00
41,  0,  1.335,  0.98,  1,  0.149320,  0.413549,  -0.898154,  -0.170040,  0.390029,  -0.904966,  -0.011,  0.419,  533.8,  537.6,  547.9,  558.8,  563.8,  560.8,  549.6,  538.8,  518.4,  525.7,  534.3,  544.8,  555.6,  565.2,  572.8,  566.5,  555.9,  544.3,  534.0,  525.1,  544.4,  549.2,  553.7,  555.4,  553.2,  548.4,  543.9,  542.3,  677.5,  681.7,  692.3,  703.1,  707.8,  703.6,  693.0,  681.3,  667.6,  676.4,  686.7,  697.3,  707.4,  715.7,  723.1,  717.6,  709.4,  699.3,  687.4,  675.4,  688.1,  692.5,  696.9,  698.6,  696.7,  692.3,  687.9,  686.2,  372.8,  361.9,  356.9,  360.8,  371.3,  382.9,  387.2,  383.3,  371.8,  370.9,  370.2,  369.1,  368.0,  366.6,  365.0,  371.6,  375.1,  377.3,  377.5,  375.9,  376.8,  378.5,  376.3,  371.5,  367.0,  365.3,  367.5,  372.2,  366.7,  355.9,  351.6,  356.1,  366.9,  377.7,  382.0,  378.4,  361.7,  363.3,  363.9,  364.0,  364.5,  365.0,  366.1,  370.9,  372.9,  373.1,  371.5,  369.0,  371.7,  373.6,  371.8,  367.4,  363.0,  361.1,  362.9,  367.3,  -44.6,  -43.0,  -38.6,  -34.1,  -32.0,  -33.3,  -38.0,  -42.6,  -51.8,  -48.3,  -44.4,  -39.8,  -35.3,  -31.4,  -28.3,  -30.8,  -35.1,  -40.0,  -44.5,  -48.6,  -40.3,  -38.3,  -36.4,  -35.6,  -36.5,  -38.5,  -40.4,  -41.2,  15.2,  17.0,  21.3,  25.7,  27.6,  25.8,  21.4,  16.7,  11.2,  14.7,  18.9,  23.2,  27.4,  31.0,  34.4,  31.8,  28.1,  23.9,  19.1,  14.3,  19.5,  21.3,  23.1,  23.9,  23.1,  21.3,  19.5,  18.8,  5.4,  0.8,  -1.3,  0.3,  4.7,  9.6,  11.4,  9.8,  5.0,  4.6,  4.3,  3.8,  3.3,  2.8,  2.1,  4.9,  6.3,  7.2,  7.3,  6.7,  7.1,  7.8,  6.9,  4.9,  2.9,  2.2,  3.1,  5.1,  2.7,  -1.6,  -3.4,  -1.6,  2.8,  7.2,  8.9,  7.4,  0.7,  1.3,  1.6,  1.6,  1.8,  2.0,  2.5,  4.5,  5.2,  5.3,  4.6,  3.6,  4.8,  5.5,  4.8,  3.0,  1.2,  0.4,  1.2,  3.0,  367.7,  367.1,  366.9,  367.0,  367.5,  368.3,  368.3,  368.1,  372.9,  369.7,  367.4,  366.1,  366.1,  367.4,  369.1,  367.3,  365.6,  365.7,  367.3,  369.8,  368.7,  368.8,  368.7,  368.4,  368.2,  368.2,  368.3,  368.5,  354.5,  355.6,  356.5,  356.6,  355.8,  354.7,  353.8,  353.9,  355.8,  354.4,  353.5,  354.0,  355.9,  358.4,  362.2,  358.0,  354.7,  352.6,  352.0,  353.5,  355.4,  355.4,  355.8,  356.3,  356.6,  356.6,  356.2,  355.7,  -7.0,  39.5,  349.5,  0.093,  0.077,  -0.035,  455.7,  457.5,  464.5,  476.5,  495.1,  521.7,  548.3,  580.8,  624.0,  670.2,  713.1,  748.7,  774.3,  789.9,  797.6,  803.9,  808.9,  482.7,  501.6,  527.2,  554.8,  580.6,  650.7,  681.9,  709.4,  737.8,  761.9,  617.2,  616.2,  615.0,  614.1,  580.9,  598.2,  617.6,  638.3,  656.8,  516.7,  535.6,  554.6,  572.9,  554.0,  535.3,  666.9,  687.5,  706.8,  725.2,  706.7,  687.4,  559.2,  582.6,  605.3,  621.4,  639.9,  663.5,  688.6,  663.2,  640.3,  620.6,  603.3,  581.2,  569.1,  605.3,  621.8,  640.6,  678.4,  638.6,  619.9,  603.5,  349.5,  399.9,  450.8,  500.5,  548.4,  590.5,  625.4,  651.5,  657.8,  648.1,  619.0,  580.3,  536.8,  488.8,  440.0,  391.2,  341.0,  326.5,  309.5,  303.8,  307.3,  314.8,  311.2,  302.7,  298.4,  301.0,  314.2,  358.0,  391.2,  424.4,  458.5,  473.7,  482.3,  489.1,  481.1,  472.9,  371.3,  368.4,  367.0,  368.5,  375.1,  377.0,  365.1,  363.1,  364.3,  365.8,  371.8,  371.2,  536.5,  527.8,  522.8,  527.0,  522.2,  525.8,  531.4,  553.7,  563.2,  566.7,  565.4,  558.6,  538.9,  538.6,  540.2,  537.5,  534.7,  537.9,  541.1,  539.9,  -83.3,  -83.3,  -81.4,  -76.6,  -67.4,  -54.3,  -40.9,  -25.6,  -6.9,  13.1,  32.5,  49.0,  60.4,  66.6,  68.9,  70.8,  72.9,  -65.2,  -56.1,  -44.7,  -33.2,  -22.7,  4.0,  16.0,  26.7,  37.9,  47.7,  -8.7,  -9.0,  -9.3,  -9.5,  -23.0,  -16.1,  -8.5,  -0.7,  6.5,  -50.1,  -41.9,  -34.1,  -26.6,  -34.2,  -41.8,  10.5,  18.5,  26.0,  33.3,  25.9,  18.5,  -33.3,  -22.8,  -13.5,  -7.2,  -0.0,  9.2,  19.6,  9.1,  0.1,  -7.5,  -14.3,  -23.3,  -28.9,  -13.6,  -7.1,  0.3,  15.4,  -0.5,  -7.8,  -14.2,  -4.7,  18.2,  42.1,  65.8,  87.7,  105.8,  118.4,  126.0,  127.8,  124.9,  115.1,  99.3,  79.5,  57.2,  35.0,  13.5,  -8.2,  -13.9,  -20.5,  -22.3,  -20.5,  -17.2,  -18.4,  -21.8,  -23.7,  -22.9,  -17.9,  -0.8,  11.8,  24.0,  36.3,  44.2,  47.0,  49.2,  46.4,  43.5,  4.6,  3.4,  2.8,  3.4,  6.0,  6.8,  2.0,  1.2,  1.7,  2.3,  4.6,  4.4,  72.7,  66.5,  63.4,  64.7,  62.7,  65.0,  69.3,  75.9,  78.6,  79.8,  79.9,  78.7,  72.9,  70.2,  70.4,  69.3,  70.1,  68.7,  69.9,  69.9,  395.3,  399.4,  405.9,  409.8,  407.2,  401.6,  390.3,  378.2,  375.5,  379.5,  388.8,  394.4,  393.6,  388.9,  382.8,  378.0,  377.8,  362.9,  354.5,  346.7,  340.8,  334.0,  329.3,  333.2,  336.6,  339.4,  342.5,  334.8,  330.7,  326.3,  322.4,  340.1,  336.3,  333.6,  335.1,  337.4,  355.9,  351.0,  349.1,  346.8,  347.8,  349.7,  342.6,  341.1,  340.7,  342.4,  340.4,  340.6,  360.3,  346.8,  340.8,  339.1,  338.6,  343.1,  353.6,  342.9,  338.4,  337.9,  340.1,  346.7,  356.7,  343.8,  341.9,  341.7,  351.2,  338.1,  337.8,  340.1,  2.470,  0.238,  0.115,  -0.041,  623.080,  458.510,  -17.354,  0.638,  -17.193,  6.072,  -13.319,  4.157,  -0.915,  -10.740,  -11.259,  -9.155,  -11.409,  3.376,  0.514,  -4.388,  0.518,  -2.344,  -6.655,  -2.834,  -4.629,  -7.902,  7.477,  -2.393,  3.775,  -3.947,  -2.745,  4.598,  0.861,  -0.605,  0.512,  -0.251,  0.604,  0.207,  0.280,  -0.175, 0.24, 0.00, 0.24, 0.00, 0.00, 0.00, 0.08, 0.00, 0.10, 0.05, 0.05, 0.00, 0.00, 0.00, 0.80, 0.51, 0.36, 0.00, 0.00, 0.00, 0.00, 0.00, 0.00, 0.00, 0.00, 0.00, 0.00, 0.00, 0.00, 0.00, 0.00, 0.00, 0.00, 0.00, 1.00
42,  0,  1.368,  0.98,  1,  0.137383,  0.411264,  -0.901104,  -0.190805,  0.404890,  -0.894236,  -0.030,  0.427,  527.8,  531.5,  541.8,  552.7,  557.7,  554.7,  543.6,  532.8,  512.5,  519.4,  527.9,  538.5,  549.6,  559.1,  566.7,  560.2,  549.5,  537.8,  527.6,  519.0,  538.5,  543.2,  547.6,  549.2,  547.1,  542.4,  538.0,  536.4,  670.7,  675.2,  685.9,  696.6,  701.0,  696.5,  685.7,  674.2,  661.0,  669.6,  679.8,  690.7,  701.0,  709.4,  716.7,  710.9,  702.5,  692.4,  680.4,  668.5,  681.3,  685.6,  689.9,  691.7,  689.9,  685.7,  681.4,  679.6,  373.7,  362.9,  358.0,  361.9,  372.3,  383.7,  388.0,  384.1,  372.7,  371.9,  371.3,  370.1,  369.0,  367.7,  366.4,  372.9,  376.4,  378.5,  378.5,  376.8,  377.5,  379.1,  377.0,  372.4,  367.9,  366.3,  368.4,  373.0,  368.9,  358.0,  353.6,  358.3,  369.3,  380.3,  384.7,  380.8,  363.0,  364.8,  365.8,  366.1,  366.6,  366.9,  367.5,  372.6,  374.9,  375.2,  373.5,  370.5,  373.7,  375.5,  373.8,  369.4,  365.0,  363.1,  364.9,  369.3,  -47.0,  -45.3,  -40.9,  -36.4,  -34.4,  -35.8,  -40.5,  -45.0,  -54.2,  -50.8,  -46.9,  -42.3,  -37.7,  -33.8,  -30.7,  -33.4,  -37.7,  -42.6,  -47.0,  -51.0,  -42.6,  -40.7,  -38.8,  -38.1,  -38.9,  -40.9,  -42.8,  -43.5,  12.5,  14.3,  18.7,  23.1,  24.9,  23.0,  18.6,  13.9,  8.6,  12.0,  16.1,  20.5,  24.8,  28.5,  31.8,  29.1,  25.4,  21.2,  16.3,  11.6,  16.8,  18.6,  20.4,  21.1,  20.4,  18.6,  16.9,  16.1,  5.7,  1.2,  -0.8,  0.8,  5.1,  9.9,  11.7,  10.1,  5.4,  5.0,  4.7,  4.2,  3.7,  3.2,  2.7,  5.4,  6.8,  7.7,  7.8,  7.1,  7.3,  8.0,  7.2,  5.2,  3.3,  2.6,  3.5,  5.5,  3.6,  -0.8,  -2.6,  -0.7,  3.8,  8.3,  10.0,  8.5,  1.2,  2.0,  2.3,  2.5,  2.7,  2.8,  3.1,  5.2,  6.0,  6.1,  5.5,  4.3,  5.6,  6.3,  5.6,  3.8,  2.0,  1.3,  2.0,  3.8,  366.4,  365.5,  364.9,  365.1,  365.9,  367.1,  367.3,  367.1,  371.8,  368.5,  366.1,  364.4,  364.4,  365.5,  367.1,  365.6,  364.1,  364.4,  366.2,  368.8,  367.4,  367.5,  367.3,  366.9,  366.6,  366.5,  366.7,  367.1,  355.5,  355.9,  356.5,  356.8,  356.7,  356.2,  355.7,  355.6,  356.6,  355.2,  354.2,  354.6,  356.5,  359.0,  362.9,  359.0,  355.9,  353.8,  353.3,  354.7,  356.7,  356.8,  357.0,  357.2,  357.2,  357.1,  356.9,  356.7,  -9.5,  40.0,  348.2,  0.095,  0.110,  -0.037,  454.6,  456.3,  463.2,  475.1,  493.1,  518.8,  543.9,  574.9,  617.8,  664.7,  709.2,  746.5,  773.1,  788.8,  796.2,  802.2,  807.5,  477.7,  495.4,  520.5,  548.0,  573.4,  642.0,  674.3,  703.1,  732.6,  757.1,  609.2,  607.4,  605.3,  603.6,  572.0,  589.1,  608.4,  629.3,  648.3,  510.9,  529.4,  548.3,  566.5,  547.6,  528.9,  660.1,  680.7,  700.2,  718.9,  700.0,  680.5,  552.5,  574.4,  596.5,  612.4,  631.0,  655.3,  681.7,  655.0,  631.5,  611.6,  594.5,  572.9,  562.1,  596.9,  613.1,  632.1,  671.1,  629.7,  610.8,  594.7,  351.2,  401.3,  452.0,  501.6,  549.3,  591.4,  626.6,  653.1,  659.7,  649.8,  620.4,  581.5,  538.1,  490.1,  441.4,  392.8,  342.8,  327.3,  310.1,  304.6,  308.5,  316.6,  313.4,  304.6,  300.0,  303.3,  317.4,  360.1,  393.1,  426.1,  460.0,  475.2,  483.8,  490.6,  482.8,  474.8,  372.0,  369.3,  368.1,  369.9,  376.2,  378.0,  366.9,  364.9,  366.1,  367.7,  373.7,  373.1,  538.0,  529.3,  524.1,  528.5,  523.6,  527.6,  533.4,  556.2,  565.9,  569.4,  568.0,  560.7,  540.4,  540.4,  542.1,  539.5,  536.6,  539.9,  543.0,  541.7,  -84.0,  -84.1,  -82.2,  -77.4,  -68.5,  -55.8,  -42.9,  -28.2,  -9.5,  10.7,  30.5,  47.5,  59.2,  65.4,  67.6,  69.3,  71.4,  -67.6,  -58.7,  -47.3,  -35.8,  -25.4,  0.8,  12.9,  24.0,  35.5,  45.3,  -11.7,  -12.3,  -12.9,  -13.4,  -26.3,  -19.5,  -12.0,  -4.1,  3.2,  -52.6,  -44.4,  -36.6,  -29.1,  -36.7,  -44.4,  7.8,  15.7,  23.2,  30.5,  23.1,  15.6,  -36.0,  -25.9,  -16.9,  -10.6,  -3.5,  6.0,  16.7,  5.8,  -3.3,  -10.9,  -17.7,  -26.5,  -31.7,  -16.9,  -10.4,  -3.1,  12.4,  -4.0,  -11.2,  -17.6,  -4.0,  18.9,  42.7,  66.5,  88.3,  106.5,  119.1,  126.7,  128.3,  125.1,  114.8,  98.8,  79.2,  57.2,  35.2,  14.0,  -7.4,  -13.6,  -20.3,  -22.0,  -20.1,  -16.5,  -17.4,  -20.9,  -22.8,  -21.8,  -16.5,  0.0,  12.5,  24.5,  36.7,  44.6,  47.4,  49.6,  46.8,  44.0,  4.9,  3.7,  3.2,  3.9,  6.4,  7.2,  2.7,  1.9,  2.4,  3.0,  5.3,  5.1,  73.2,  66.9,  63.6,  64.9,  62.9,  65.2,  69.5,  76.4,  79.2,  80.5,  80.6,  79.4,  73.4,  70.6,  70.8,  69.7,  70.4,  69.1,  70.3,  70.4,  396.3,  400.4,  406.8,  410.8,  408.2,  402.5,  390.8,  378.2,  374.5,  377.6,  385.7,  390.4,  389.4,  384.5,  378.5,  373.6,  373.2,  364.4,  355.3,  346.8,  340.4,  333.2,  327.0,  330.1,  333.1,  335.7,  338.7,  333.3,  329.3,  324.8,  321.0,  339.0,  335.1,  332.3,  333.5,  335.4,  356.6,  351.3,  348.9,  346.3,  347.7,  350.0,  340.2,  338.2,  337.5,  338.8,  337.2,  337.7,  359.9,  345.8,  339.1,  337.1,  336.2,  340.5,  350.7,  340.7,  336.6,  336.5,  339.1,  346.2,  356.2,  342.5,  340.2,  339.6,  348.6,  336.0,  336.2,  338.9,  2.481,  0.241,  0.161,  -0.045,  616.677,  460.135,  -15.821,  -0.739,  -16.558,  6.113,  -13.259,  2.510,  -1.648,  -12.030,  -11.518,  -8.908,  -10.288,  3.051,  0.879,  -4.137,  1.125,  -2.113,  -6.738,  -3.339,  -3.931,  -7.556,  7.717,  -3.042,  3.808,  -3.885,  -2.427,  4.512,  1.169,  -0.768,  0.477,  -0.128,  0.667,  0.457,  0.251,  -0.216, 0.38, 0.00, 0.19, 0.00, 0.00, 0.00, 0.14, 0.00, 0.04, 0.04, 0.10, 0.00, 0.00, 0.00, 1.09, 0.42, 0.31, 0.00, 0.00, 0.00, 0.00, 0.00, 0.00, 0.00, 0.00, 0.00, 0.00, 0.00, 0.00, 0.00, 0.00, 0.00, 0.00, 0.00, 1.00
43,  0,  1.401,  0.98,  1,  0.142578,  0.378531,  -0.914541,  -0.207905,  0.405728,  -0.890034,  -0.036,  0.410,  523.8,  527.7,  537.9,  548.3,  552.9,  549.7,  538.8,  528.4,  508.0,  515.4,  523.7,  533.8,  544.1,  553.4,  560.8,  554.6,  544.1,  532.9,  523.0,  514.4,  534.1,  538.5,  542.9,  544.5,  542.6,  538.1,  533.8,  532.1,  662.9,  667.5,  678.5,  689.5,  694.0,  689.4,  678.4,  666.6,  653.4,  661.0,  670.8,  682.7,  694.2,  703.2,  710.6,  703.8,  694.8,  684.5,  672.2,  660.8,  674.0,  678.4,  682.9,  684.7,  682.9,  678.4,  674.0,  672.1,  373.8,  363.3,  358.7,  362.7,  372.9,  384.2,  388.0,  384.0,  374.6,  372.9,  371.8,  370.6,  369.8,  369.0,  367.8,  374.3,  377.2,  379.2,  379.5,  378.3,  378.2,  379.9,  378.0,  373.5,  369.1,  367.4,  369.4,  373.8,  370.6,  359.6,  355.1,  359.6,  370.5,  381.5,  386.1,  382.2,  364.8,  365.5,  366.4,  366.9,  367.6,  367.7,  368.3,  373.4,  376.0,  376.8,  375.3,  371.7,  374.6,  376.4,  374.5,  370.1,  365.7,  363.9,  365.7,  370.1,  -50.1,  -48.5,  -44.2,  -39.6,  -37.6,  -38.9,  -43.6,  -48.1,  -57.7,  -54.0,  -50.1,  -45.7,  -41.2,  -37.4,  -34.3,  -36.8,  -41.1,  -45.9,  -50.4,  -54.4,  -45.8,  -43.8,  -42.0,  -41.3,  -42.2,  -44.1,  -45.9,  -46.6,  9.1,  10.9,  15.3,  19.7,  21.5,  19.8,  15.4,  10.6,  5.3,  8.3,  12.2,  16.9,  21.5,  25.3,  28.5,  25.6,  21.8,  17.6,  12.8,  8.3,  13.6,  15.4,  17.1,  17.9,  17.1,  15.3,  13.6,  12.8,  5.9,  1.4,  -0.6,  1.2,  5.6,  10.5,  12.1,  10.3,  6.4,  5.6,  5.1,  4.6,  4.2,  3.9,  3.4,  6.2,  7.4,  8.2,  8.4,  7.9,  7.9,  8.6,  7.8,  5.8,  4.0,  3.2,  4.1,  6.0,  4.2,  -0.1,  -2.0,  -0.2,  4.2,  8.6,  10.4,  8.9,  1.9,  2.2,  2.5,  2.7,  3.0,  3.1,  3.4,  5.4,  6.4,  6.7,  6.1,  4.7,  5.8,  6.6,  5.8,  4.0,  2.3,  1.5,  2.3,  4.1,  377.4,  378.0,  378.3,  378.2,  377.7,  377.3,  376.7,  376.9,  382.6,  379.5,  377.4,  376.1,  376.3,  377.6,  379.4,  377.1,  375.1,  375.0,  376.7,  379.3,  378.1,  378.1,  378.2,  378.5,  378.7,  378.7,  378.6,  378.3,  348.5,  347.3,  346.9,  347.5,  348.6,  349.8,  350.2,  350.0,  349.2,  347.4,  345.9,  345.8,  347.6,  350.0,  353.7,  350.8,  348.5,  346.8,  346.4,  347.9,  349.9,  350.1,  349.9,  349.4,  348.9,  348.7,  348.9,  349.4,  -12.5,  40.6,  348.4,  0.085,  0.143,  -0.034,  453.1,  454.7,  461.9,  473.8,  490.8,  514.8,  537.5,  565.8,  607.5,  654.0,  700.4,  739.4,  767.5,  784.8,  794.1,  802.2,  810.0,  472.2,  489.2,  513.6,  541.0,  565.9,  630.6,  663.8,  694.2,  726.0,  753.0,  600.1,  597.7,  594.8,  592.2,  563.4,  579.7,  598.4,  619.4,  638.7,  506.0,  524.4,  543.4,  561.5,  542.6,  523.7,  652.2,  672.7,  692.5,  712.2,  692.6,  672.6,  545.4,  565.9,  587.5,  602.7,  620.7,  645.7,  674.0,  645.2,  620.9,  601.5,  585.0,  564.1,  554.6,  588.0,  603.5,  621.9,  663.4,  619.0,  600.5,  585.1,  355.2,  405.3,  455.8,  504.5,  550.9,  591.6,  625.7,  652.0,  659.5,  651.7,  624.5,  586.9,  543.8,  495.6,  446.0,  396.5,  345.6,  329.2,  311.9,  306.8,  310.8,  319.2,  315.6,  305.9,  300.8,  303.5,  317.5,  361.1,  393.7,  426.3,  459.8,  475.8,  484.2,  490.7,  483.4,  476.0,  372.9,  370.3,  369.1,  371.3,  377.4,  379.2,  368.4,  365.7,  366.9,  368.6,  375.1,  374.6,  538.3,  529.6,  524.5,  529.0,  524.5,  529.1,  535.0,  558.6,  568.4,  571.4,  569.8,  561.8,  540.8,  540.7,  542.6,  540.4,  538.1,  542.0,  544.7,  543.1,  -85.6,  -85.3,  -82.9,  -77.9,  -69.5,  -57.6,  -45.8,  -32.1,  -13.9,  6.0,  26.4,  44.0,  56.2,  63.2,  66.4,  69.2,  72.8,  -70.8,  -61.9,  -50.5,  -38.7,  -28.2,  -3.5,  8.9,  20.5,  32.9,  43.5,  -15.2,  -15.9,  -16.8,  -17.5,  -29.7,  -23.1,  -15.8,  -7.8,  -0.5,  -55.2,  -46.8,  -38.8,  -31.2,  -39.0,  -46.9,  4.7,  12.6,  20.2,  27.8,  20.2,  12.6,  -39.1,  -29.4,  -20.4,  -14.4,  -7.4,  2.2,  13.5,  2.0,  -7.3,  -14.8,  -21.4,  -30.2,  -34.9,  -20.4,  -14.2,  -7.0,  9.3,  -8.0,  -15.2,  -21.3,  -2.2,  20.9,  44.6,  67.7,  88.9,  106.5,  118.7,  126.2,  128.0,  125.1,  115.8,  100.3,  81.1,  59.2,  37.1,  15.6,  -6.2,  -13.0,  -19.7,  -21.2,  -19.2,  -15.5,  -16.5,  -20.3,  -22.4,  -21.6,  -16.4,  0.4,  12.7,  24.6,  36.6,  44.9,  47.6,  49.6,  47.0,  44.4,  5.3,  4.1,  3.6,  4.5,  6.9,  7.7,  3.3,  2.2,  2.6,  3.3,  5.8,  5.6,  73.7,  67.3,  63.8,  65.1,  63.1,  65.5,  69.8,  77.0,  80.0,  81.3,  81.5,  80.2,  73.9,  70.8,  71.0,  69.9,  70.7,  69.7,  70.9,  71.0,  400.6,  402.7,  407.2,  410.1,  407.4,  402.2,  391.0,  378.3,  373.9,  375.4,  383.0,  387.0,  385.8,  381.7,  377.1,  373.5,  374.4,  369.3,  359.3,  349.5,  341.7,  333.2,  325.9,  328.5,  331.4,  334.2,  337.1,  333.3,  329.3,  324.8,  320.9,  339.5,  335.2,  332.1,  333.1,  334.8,  360.2,  354.0,  351.1,  348.0,  349.8,  352.6,  339.4,  337.0,  335.9,  336.9,  335.6,  336.5,  361.8,  347.3,  339.5,  337.0,  335.5,  339.1,  348.8,  339.3,  335.8,  336.6,  339.8,  347.7,  357.7,  343.0,  340.2,  338.9,  347.2,  335.2,  336.0,  339.2,  2.480,  0.226,  0.202,  -0.043,  609.374,  461.692,  -14.287,  -8.035,  -13.767,  6.874,  -8.140,  1.971,  -0.792,  -13.849,  -11.104,  -7.430,  -10.398,  2.892,  -1.396,  -2.599,  0.545,  -2.795,  -4.125,  -2.678,  -4.576,  -8.185,  9.056,  -4.419,  4.264,  -3.466,  -2.031,  5.193,  1.468,  -0.865,  0.672,  0.165,  0.849,  0.481,  0.330,  -0.002, 0.39, 0.09, 0.13, 0.00, 0.00, 0.00, 0.14, 0.00, 0.03, 0.00, 0.10, 0.05, 0.00, 0.00, 1.14, 0.42, 0.25, 0.00, 0.00, 0.00, 0.00, 0.00, 0.00, 0.00, 0.00, 0.00, 0.00, 0.00, 0.00, 0.00, 0.00, 0.00, 0.00, 0.00, 1.00
44,  0,  1.435,  0.98,  1,  0.123368,  0.367972,  -0.921616,  -0.195272,  0.420689,  -0.885940,  -0.040,  0.411,  518.8,  522.9,  533.5,  544.3,  549.0,  545.7,  534.4,  523.6,  504.3,  511.6,  519.8,  529.3,  539.5,  549.3,  557.4,  550.5,  539.7,  528.4,  518.6,  510.3,  529.7,  534.3,  538.7,  540.4,  538.4,  533.9,  529.5,  527.7,  658.0,  661.7,  672.5,  684.0,  689.5,  685.8,  675.1,  663.0,  648.7,  655.6,  664.8,  676.4,  688.4,  698.7,  707.8,  699.3,  689.0,  677.7,  665.6,  655.3,  670.0,  674.7,  679.1,  680.6,  678.3,  673.6,  669.2,  667.7,  374.6,  363.9,  359.0,  362.9,  373.2,  384.8,  388.8,  384.9,  375.5,  373.7,  372.7,  371.6,  370.7,  369.9,  369.0,  375.4,  378.0,  380.0,  380.3,  379.1,  379.2,  380.8,  378.8,  374.2,  369.9,  368.3,  370.3,  374.8,  371.9,  361.5,  357.3,  361.6,  372.0,  382.3,  386.6,  382.7,  365.4,  366.0,  367.1,  368.0,  368.5,  368.2,  368.0,  374.0,  377.4,  378.8,  376.9,  372.5,  375.2,  377.0,  375.2,  371.0,  366.7,  365.0,  366.7,  371.0,  -51.3,  -49.7,  -45.2,  -40.6,  -38.4,  -39.7,  -44.4,  -49.1,  -58.2,  -54.6,  -50.8,  -46.6,  -42.3,  -38.3,  -35.0,  -37.7,  -42.0,  -46.8,  -51.1,  -55.1,  -46.7,  -44.7,  -42.8,  -42.2,  -43.1,  -45.0,  -46.9,  -47.6,  7.1,  8.5,  12.6,  17.1,  19.3,  18.0,  13.8,  9.1,  3.4,  6.1,  9.6,  14.1,  18.8,  22.9,  26.7,  23.3,  19.1,  14.7,  10.0,  6.0,  11.8,  13.7,  15.4,  15.9,  15.0,  13.1,  11.4,  10.9,  6.2,  1.6,  -0.4,  1.2,  5.6,  10.5,  12.1,  10.5,  6.7,  5.8,  5.4,  4.9,  4.5,  4.2,  3.8,  6.5,  7.6,  8.4,  8.6,  8.1,  8.1,  8.8,  7.9,  6.0,  4.2,  3.5,  4.4,  6.3,  4.7,  0.6,  -1.1,  0.6,  4.7,  8.8,  10.5,  9.0,  2.1,  2.3,  2.8,  3.1,  3.3,  3.2,  3.1,  5.5,  6.8,  7.3,  6.6,  4.9,  6.0,  6.7,  6.0,  4.3,  2.6,  1.9,  2.6,  4.3,  370.2,  371.3,  371.5,  370.8,  369.4,  368.5,  368.0,  368.8,  375.2,  372.0,  369.8,  368.4,  368.3,  369.3,  370.8,  368.4,  366.6,  366.6,  368.5,  371.5,  370.2,  369.9,  370.0,  370.5,  371.1,  371.4,  371.3,  370.8,  343.7,  341.3,  339.6,  339.6,  341.3,  343.8,  345.5,  345.9,  344.9,  342.2,  340.0,  339.0,  339.8,  341.5,  344.5,  342.8,  341.5,  340.8,  341.5,  343.5,  344.5,  344.5,  343.8,  342.8,  342.1,  342.1,  342.8,  343.8,  -14.5,  40.8,  348.4,  0.082,  0.141,  -0.017,  451.5,  452.1,  458.7,  470.0,  485.8,  508.4,  530.0,  557.7,  597.8,  642.3,  688.3,  728.6,  760.1,  780.8,  791.8,  800.7,  809.2,  468.7,  485.2,  509.0,  535.9,  560.3,  624.6,  657.9,  688.4,  720.7,  749.3,  593.9,  591.7,  588.8,  586.2,  558.1,  574.2,  592.8,  614.0,  633.7,  501.9,  520.0,  539.1,  557.9,  538.7,  519.7,  646.7,  667.1,  687.0,  707.4,  687.6,  667.4,  541.3,  561.5,  582.6,  597.7,  615.8,  641.0,  670.0,  640.7,  616.1,  596.7,  580.3,  560.1,  550.8,  582.7,  598.2,  616.6,  659.3,  613.9,  595.5,  580.1,  349.8,  399.4,  449.5,  497.9,  544.5,  586.1,  621.4,  649.7,  659.5,  655.0,  632.4,  597.8,  556.1,  506.9,  453.9,  400.3,  345.1,  329.0,  311.8,  307.6,  311.4,  319.1,  315.7,  305.9,  301.1,  304.1,  318.6,  361.7,  394.1,  426.5,  459.9,  475.5,  484.1,  490.7,  483.3,  476.5,  373.7,  371.2,  370.0,  372.2,  378.3,  380.3,  369.4,  366.4,  367.6,  369.3,  376.0,  375.6,  538.5,  530.2,  525.0,  529.5,  525.2,  530.1,  535.9,  559.2,  568.6,  571.3,  569.5,  561.5,  541.2,  540.8,  542.8,  540.8,  538.9,  542.6,  544.8,  542.8,  -85.9,  -85.9,  -83.8,  -79.3,  -71.5,  -60.4,  -49.2,  -35.6,  -18.0,  1.0,  21.2,  39.4,  53.4,  62.0,  66.0,  69.0,  72.7,  -72.4,  -63.7,  -52.4,  -40.7,  -30.4,  -5.7,  6.7,  18.3,  30.8,  42.0,  -17.6,  -18.2,  -19.0,  -19.8,  -31.8,  -25.2,  -17.9,  -9.9,  -2.4,  -57.0,  -48.7,  -40.6,  -32.7,  -40.6,  -48.6,  2.6,  10.4,  18.1,  25.9,  18.2,  10.5,  -40.9,  -31.2,  -22.3,  -16.3,  -9.3,  0.4,  11.9,  0.3,  -9.1,  -16.6,  -23.1,  -31.8,  -36.5,  -22.5,  -16.3,  -9.0,  7.7,  -10.0,  -17.1,  -23.2,  -4.7,  18.0,  41.4,  64.3,  85.6,  103.8,  116.9,  125.4,  128.1,  126.7,  119.5,  105.8,  87.1,  64.7,  40.8,  17.3,  -6.4,  -13.1,  -19.8,  -21.0,  -19.0,  -15.6,  -16.5,  -20.3,  -22.3,  -21.3,  -15.9,  0.6,  12.9,  24.7,  36.7,  44.9,  47.6,  49.6,  47.0,  44.6,  5.6,  4.5,  4.0,  4.8,  7.3,  8.2,  3.6,  2.5,  2.9,  3.6,  6.1,  6.0,  73.9,  67.6,  64.1,  65.3,  63.3,  65.9,  70.1,  77.1,  79.8,  81.1,  81.3,  80.1,  74.1,  70.9,  71.1,  69.9,  71.0,  69.8,  70.9,  70.9,  398.5,  400.1,  404.5,  407.9,  406.0,  401.6,  391.3,  378.9,  374.4,  375.8,  384.0,  389.2,  388.8,  385.3,  380.4,  375.8,  375.9,  370.1,  360.0,  350.2,  342.5,  333.9,  325.7,  328.2,  331.0,  333.5,  336.2,  333.8,  329.8,  325.3,  321.4,  340.2,  335.6,  332.1,  333.3,  335.0,  361.4,  355.1,  352.2,  348.7,  350.8,  353.6,  339.2,  337.0,  335.8,  336.6,  335.4,  336.4,  362.4,  347.4,  339.9,  337.2,  335.4,  339.0,  348.8,  338.5,  334.8,  336.0,  339.4,  347.8,  358.0,  343.1,  340.1,  338.4,  347.1,  334.5,  335.8,  339.3,  2.479,  0.223,  0.198,  -0.026,  604.245,  462.214,  -12.614,  -18.530,  -13.459,  9.695,  -10.263,  4.040,  1.241,  -9.139,  -10.303,  -10.528,  -14.733,  4.118,  -2.300,  -2.234,  -0.880,  -1.595,  -4.178,  -3.744,  -5.710,  -8.743,  8.663,  -4.119,  4.355,  -3.345,  -2.319,  4.861,  1.693,  -1.492,  0.877,  0.267,  0.773,  0.319,  0.366,  -0.018, 0.31, 0.13, 0.10, 0.00, 0.00, 0.00, 0.07, 0.08, 0.05, 0.00, 0.06, 0.12, 0.00, 0.00, 1.18, 0.40, 0.35, 0.00, 0.00, 0.00, 0.00, 0.00, 0.00, 0.00, 0.00, 0.00, 0.00, 0.00, 0.00, 0.00, 0.00, 0.00, 0.00, 0.00, 1.00
45,  0,  1.468,  0.98,  1,  0.128087,  0.366697,  -0.921481,  -0.177915,  0.436772,  -0.881803,  -0.028,  0.419,  518.4,  522.3,  532.7,  543.5,  548.4,  545.3,  534.1,  523.3,  503.9,  510.9,  519.0,  528.6,  539.0,  548.9,  557.1,  550.1,  539.2,  527.8,  518.0,  509.8,  529.4,  533.9,  538.2,  539.8,  537.8,  533.3,  529.0,  527.4,  657.9,  661.8,  672.7,  684.2,  689.6,  685.7,  674.9,  662.7,  648.8,  655.8,  665.0,  676.2,  687.6,  697.7,  707.0,  698.7,  688.5,  677.3,  665.4,  655.3,  669.9,  674.6,  679.1,  680.6,  678.4,  673.7,  669.3,  667.7,  374.7,  363.7,  358.6,  362.3,  372.7,  384.5,  388.8,  385.1,  375.7,  373.8,  372.6,  371.4,  370.6,  369.9,  369.1,  375.3,  378.0,  379.9,  380.3,  379.2,  378.9,  380.4,  378.3,  373.8,  369.5,  368.0,  370.1,  374.6,  372.0,  361.0,  356.4,  361.0,  372.0,  383.1,  387.6,  383.5,  365.4,  365.8,  366.8,  367.7,  368.2,  367.9,  367.9,  373.5,  376.9,  378.3,  376.6,  372.5,  375.8,  377.6,  375.8,  371.3,  366.8,  365.0,  366.8,  371.3,  -51.1,  -49.6,  -45.2,  -40.6,  -38.4,  -39.6,  -44.3,  -48.9,  -58.1,  -54.6,  -50.9,  -46.6,  -42.2,  -38.2,  -34.9,  -37.6,  -42.0,  -46.7,  -51.1,  -55.0,  -46.5,  -44.6,  -42.8,  -42.1,  -43.0,  -45.0,  -46.8,  -47.4,  7.1,  8.6,  12.9,  17.4,  19.7,  18.2,  14.0,  9.1,  3.5,  6.3,  9.9,  14.2,  18.8,  22.8,  26.8,  23.3,  19.2,  14.7,  10.1,  6.1,  12.0,  13.9,  15.6,  16.2,  15.3,  13.4,  11.7,  11.1,  6.2,  1.6,  -0.6,  1.0,  5.3,  10.3,  12.0,  10.5,  6.7,  5.9,  5.3,  4.8,  4.4,  4.2,  3.8,  6.4,  7.5,  8.3,  8.5,  8.1,  7.9,  8.6,  7.7,  5.8,  4.0,  3.4,  4.2,  6.1,  4.8,  0.4,  -1.4,  0.4,  4.8,  9.2,  11.1,  9.4,  2.2,  2.3,  2.7,  3.0,  3.2,  3.1,  3.1,  5.4,  6.7,  7.2,  6.6,  5.0,  6.3,  7.1,  6.3,  4.5,  2.7,  2.0,  2.7,  4.5,  367.8,  368.6,  368.6,  367.8,  366.7,  366.1,  365.9,  366.7,  373.3,  370.0,  367.6,  366.0,  365.7,  366.6,  367.9,  365.8,  364.3,  364.5,  366.5,  369.6,  367.9,  367.6,  367.6,  367.9,  368.4,  368.7,  368.7,  368.3,  349.3,  347.2,  345.6,  345.4,  346.7,  348.8,  350.3,  351.0,  350.3,  347.8,  345.7,  344.7,  345.2,  346.6,  349.2,  347.5,  346.2,  345.6,  346.4,  348.6,  349.9,  349.8,  349.1,  348.3,  347.8,  347.9,  348.5,  349.3,  -14.7,  40.7,  348.6,  0.087,  0.127,  -0.009,  449.9,  450.1,  456.2,  466.8,  481.5,  503.6,  526.1,  556.1,  597.1,  641.0,  686.1,  726.1,  758.7,  780.3,  791.8,  800.6,  808.9,  468.2,  484.2,  508.0,  535.0,  559.7,  624.1,  657.4,  687.6,  719.7,  749.0,  592.8,  591.3,  589.1,  586.9,  558.6,  574.9,  593.5,  614.6,  634.2,  501.3,  519.2,  538.4,  557.5,  538.4,  519.4,  646.4,  666.5,  686.5,  706.9,  687.3,  667.2,  541.4,  561.8,  582.9,  598.2,  616.2,  641.5,  670.4,  641.6,  617.2,  597.8,  581.5,  561.0,  551.4,  582.9,  598.6,  616.8,  659.8,  614.4,  596.3,  580.7,  347.7,  395.5,  443.6,  490.8,  537.1,  579.8,  617.1,  647.6,  658.7,  655.0,  634.1,  600.8,  559.9,  510.8,  456.5,  401.3,  344.6,  328.9,  311.8,  307.9,  311.5,  318.7,  315.6,  305.6,  301.0,  304.1,  318.3,  361.9,  394.3,  426.6,  460.0,  475.1,  483.9,  490.5,  483.0,  476.1,  373.8,  371.2,  369.9,  371.9,  378.3,  380.3,  369.1,  366.2,  367.5,  368.9,  375.7,  375.4,  538.6,  530.6,  525.2,  529.7,  525.5,  530.4,  536.3,  559.6,  568.6,  571.0,  569.2,  561.4,  541.4,  541.0,  543.0,  541.1,  539.2,  542.7,  544.5,  542.4,  -86.0,  -86.3,  -84.5,  -80.5,  -73.4,  -62.6,  -50.9,  -36.3,  -18.4,  0.4,  20.3,  38.5,  53.1,  62.4,  66.5,  69.4,  72.7,  -72.5,  -64.0,  -52.8,  -41.1,  -30.7,  -5.9,  6.5,  18.0,  30.4,  41.9,  -18.0,  -18.4,  -19.0,  -19.6,  -31.7,  -25.0,  -17.7,  -9.7,  -2.2,  -57.3,  -49.0,  -40.9,  -32.9,  -40.8,  -48.7,  2.5,  10.2,  17.9,  25.8,  18.2,  10.5,  -40.8,  -31.0,  -22.2,  -16.1,  -9.2,  0.6,  12.1,  0.6,  -8.7,  -16.2,  -22.7,  -31.4,  -36.3,  -22.4,  -16.1,  -9.0,  7.8,  -9.8,  -16.8,  -23.0,  -5.6,  16.1,  38.5,  60.7,  82.0,  100.8,  115.0,  124.6,  127.9,  127.0,  120.7,  107.7,  89.5,  67.0,  42.3,  17.8,  -6.6,  -13.1,  -19.8,  -20.8,  -19.0,  -15.8,  -16.6,  -20.5,  -22.3,  -21.3,  -16.0,  0.7,  12.9,  24.8,  36.8,  44.8,  47.6,  49.7,  47.0,  44.6,  5.7,  4.5,  4.0,  4.7,  7.3,  8.2,  3.5,  2.4,  2.9,  3.4,  6.0,  5.9,  74.0,  67.7,  64.3,  65.5,  63.5,  66.1,  70.4,  77.3,  79.9,  81.1,  81.2,  80.1,  74.2,  71.1,  71.3,  70.1,  71.2,  69.9,  70.9,  70.8,  396.1,  397.7,  402.4,  406.5,  405.1,  401.3,  391.4,  378.9,  374.8,  376.5,  385.4,  391.5,  391.9,  388.8,  383.4,  377.8,  376.8,  369.2,  359.4,  349.9,  342.6,  334.3,  326.2,  328.7,  331.4,  333.7,  336.2,  334.0,  330.3,  326.1,  322.4,  340.9,  336.5,  333.1,  334.3,  335.9,  361.1,  355.2,  352.4,  349.0,  351.1,  353.8,  339.5,  337.5,  336.5,  337.2,  336.1,  337.0,  362.3,  347.3,  340.4,  337.8,  335.8,  339.5,  349.4,  338.9,  335.0,  336.3,  339.6,  347.9,  357.9,  343.6,  340.6,  338.7,  347.6,  334.8,  336.2,  339.6,  2.476,  0.228,  0.180,  -0.018,  603.784,  461.843,  -12.292,  -23.800,  -15.367,  9.562,  -13.080,  4.031,  2.049,  -5.345,  -8.533,  -10.846,  -17.120,  3.724,  -2.620,  -2.538,  -1.389,  -0.658,  -4.600,  -3.236,  -5.740,  -8.598,  7.631,  -3.885,  4.298,  -3.411,  -3.281,  5.252,  1.399,  -1.627,  1.121,  0.259,  0.667,  0.232,  0.273,  -0.010, 0.16, 0.13, 0.13, 0.00, 0.00, 0.01, 0.02, 0.16, 0.08, 0.00, 0.01, 0.27, 0.00, 0.07, 0.92, 0.50, 0.28, 0.00, 0.00, 0.00, 0.00, 0.00, 0.00, 0.00, 0.00, 0.00, 0.00, 0.00, 0.00, 0.00, 0.00, 0.00, 0.00, 0.00, 1.00
46,  0,  1.502,  0.98,  1,  0.105560,  0.441806,  -0.890878,  -0.177843,  0.464242,  -0.867670,  -0.041,  0.476,  516.7,  521.7,  533.2,  544.5,  549.0,  545.0,  532.5,  521.2,  504.5,  511.4,  519.2,  528.3,  538.9,  550.2,  560.3,  551.5,  539.7,  527.6,  517.5,  509.7,  528.5,  533.3,  538.3,  540.4,  538.5,  533.6,  528.7,  526.5,  660.4,  664.4,  676.6,  689.9,  696.4,  692.4,  680.1,  666.0,  651.4,  661.3,  672.9,  684.2,  693.7,  701.6,  709.2,  703.9,  696.2,  686.2,  673.2,  660.5,  673.2,  678.7,  683.7,  685.4,  682.7,  677.3,  672.2,  670.5,  375.7,  364.0,  358.3,  362.0,  372.9,  385.6,  390.3,  386.6,  375.8,  374.8,  373.8,  372.9,  371.5,  370.4,  369.0,  371.8,  372.2,  373.2,  374.5,  375.6,  380.5,  382.1,  379.7,  374.6,  369.9,  368.3,  370.8,  375.8,  369.6,  358.2,  353.5,  358.3,  369.8,  381.3,  386.0,  382.3,  364.2,  364.7,  365.8,  367.3,  367.5,  367.5,  368.4,  369.3,  368.8,  367.9,  367.4,  367.3,  375.8,  377.7,  375.8,  371.1,  366.4,  364.4,  366.3,  371.0,  -49.7,  -47.9,  -43.2,  -38.4,  -36.4,  -37.8,  -42.9,  -47.6,  -55.6,  -52.2,  -48.6,  -44.7,  -40.3,  -35.8,  -31.9,  -35.2,  -39.9,  -44.8,  -49.1,  -52.8,  -44.9,  -42.8,  -40.8,  -40.0,  -40.9,  -42.9,  -45.0,  -45.8,  7.8,  9.4,  14.2,  19.4,  21.8,  20.1,  15.3,  9.9,  4.4,  8.1,  12.6,  16.9,  20.7,  23.9,  27.1,  24.8,  21.6,  17.6,  12.6,  7.8,  12.8,  14.9,  16.8,  17.5,  16.5,  14.4,  12.4,  11.8,  6.3,  1.6,  -0.7,  0.8,  5.2,  10.2,  12.1,  10.7,  6.5,  6.0,  5.6,  5.1,  4.6,  4.2,  3.6,  4.7,  4.8,  5.2,  5.8,  6.3,  8.3,  8.9,  7.9,  5.9,  4.0,  3.4,  4.4,  6.4,  3.7,  -0.7,  -2.5,  -0.6,  3.8,  8.2,  9.9,  8.5,  1.6,  1.8,  2.2,  2.8,  2.9,  2.9,  3.3,  3.6,  3.4,  3.0,  2.8,  2.8,  6.0,  6.8,  6.1,  4.3,  2.5,  1.7,  2.4,  4.2,  353.0,  354.3,  353.8,  351.9,  349.6,  348.4,  348.8,  350.7,  358.8,  354.9,  351.8,  349.8,  349.0,  349.3,  350.4,  348.5,  347.7,  348.4,  350.9,  354.6,  351.9,  351.0,  350.8,  351.4,  352.4,  353.2,  353.4,  352.9,  335.3,  338.2,  340.2,  340.1,  338.0,  335.1,  333.1,  333.2,  336.3,  335.2,  334.8,  335.4,  336.9,  339.5,  342.7,  339.4,  336.0,  333.4,  332.9,  334.1,  336.0,  336.0,  336.8,  338.0,  338.9,  338.9,  338.1,  336.9,  -12.1,  39.5,  342.0,  0.073,  0.095,  -0.024,  451.5,  451.9,  458.1,  469.6,  486.0,  510.1,  535.3,  566.5,  608.6,  653.4,  696.2,  733.8,  765.0,  785.1,  794.4,  800.4,  804.9,  471.3,  486.7,  511.1,  538.4,  563.5,  630.7,  663.0,  692.6,  723.2,  750.5,  598.5,  597.7,  596.4,  595.2,  564.0,  581.3,  601.0,  622.3,  641.8,  501.9,  519.8,  537.7,  558.1,  538.8,  521.1,  651.7,  673.5,  692.3,  712.2,  692.2,  673.1,  547.1,  568.3,  589.9,  605.7,  624.1,  649.1,  676.3,  649.5,  626.0,  606.2,  589.3,  568.3,  557.0,  590.1,  606.3,  625.0,  666.0,  623.2,  604.7,  588.6,  350.4,  397.6,  445.3,  492.7,  539.8,  583.4,  621.2,  651.5,  661.7,  655.3,  631.2,  596.3,  554.7,  505.9,  452.6,  398.4,  343.9,  329.3,  312.2,  307.2,  311.0,  318.4,  313.9,  304.6,  299.9,  303.5,  317.2,  360.4,  394.2,  427.9,  462.8,  474.9,  483.9,  490.8,  482.6,  474.8,  372.9,  371.8,  369.9,  368.9,  374.7,  377.5,  365.4,  364.9,  366.5,  365.7,  371.1,  370.4,  538.7,  531.4,  525.8,  530.0,  525.3,  529.5,  534.2,  557.5,  567.0,  570.1,  568.6,  561.2,  541.7,  540.8,  542.5,  540.1,  537.5,  540.9,  543.5,  541.8,  -83.9,  -84.4,  -83.0,  -78.7,  -70.8,  -58.9,  -45.9,  -31.1,  -13.2,  5.7,  24.6,  42.0,  56.2,  64.7,  67.7,  69.1,  70.8,  -69.9,  -61.9,  -50.7,  -39.1,  -28.7,  -3.4,  8.6,  19.8,  31.5,  42.3,  -15.5,  -15.6,  -15.8,  -16.0,  -28.8,  -22.0,  -14.4,  -6.6,  0.7,  -55.9,  -47.9,  -40.5,  -32.1,  -39.9,  -47.1,  4.5,  12.8,  20.0,  27.6,  19.9,  12.6,  -37.5,  -27.7,  -19.0,  -12.9,  -6.0,  3.5,  14.3,  3.6,  -5.2,  -12.7,  -19.2,  -27.8,  -33.1,  -19.1,  -12.8,  -5.7,  10.2,  -6.3,  -13.3,  -19.5,  -4.3,  16.8,  38.9,  61.3,  82.6,  101.2,  114.5,  123.4,  126.9,  125.7,  118.9,  105.8,  87.5,  65.1,  40.6,  16.6,  -6.9,  -12.7,  -19.3,  -20.8,  -18.9,  -15.6,  -16.9,  -20.6,  -22.6,  -21.4,  -16.4,  0.1,  12.6,  24.6,  36.6,  43.6,  46.3,  48.4,  45.6,  43.0,  5.2,  4.7,  3.9,  3.5,  5.8,  7.0,  2.1,  1.9,  2.5,  2.2,  4.2,  4.0,  72.1,  66.2,  62.8,  64.0,  62.0,  64.5,  68.6,  75.2,  77.7,  78.9,  78.9,  77.8,  72.4,  69.2,  69.4,  68.3,  69.4,  67.9,  68.9,  68.9,  389.7,  392.6,  399.0,  403.9,  402.2,  396.6,  383.6,  370.5,  367.9,  372.3,  383.6,  391.7,  393.4,  390.3,  383.7,  377.3,  375.5,  362.5,  353.1,  344.1,  336.8,  328.1,  321.6,  325.2,  328.8,  331.7,  335.3,  327.6,  322.2,  316.5,  311.5,  331.7,  327.1,  323.5,  325.3,  327.6,  354.0,  348.8,  346.2,  342.7,  344.6,  346.9,  335.0,  334.3,  333.7,  334.7,  332.9,  333.4,  353.0,  338.1,  331.6,  329.5,  328.5,  333.2,  344.4,  333.0,  328.5,  328.5,  331.0,  338.6,  348.5,  334.9,  332.6,  331.8,  342.1,  328.3,  328.7,  331.6,  2.517,  0.219,  0.136,  -0.030,  609.315,  461.164,  2.529,  -15.561,  -12.446,  15.308,  -17.636,  6.884,  2.696,  -1.313,  -8.640,  -11.890,  -12.251,  1.006,  3.321,  -6.687,  -1.923,  -2.104,  -7.844,  -3.457,  -7.476,  -8.583,  6.785,  -1.786,  5.873,  -3.779,  -4.592,  4.593,  2.300,  -0.608,  0.805,  0.084,  1.746,  0.284,  0.770,  -0.102, 0.16, 0.04, 0.19, 0.00, 0.00, 0.14, 0.08, 0.19, 0.06, 0.04, 0.01, 0.25, 0.00, 0.07, 0.79, 0.47, 0.31, 0.00, 0.00, 0.00, 0.00, 0.00, 0.00, 0.00, 0.00, 0.00, 0.00, 0.00, 0.00, 0.00, 0.00, 0.00, 0.00, 0.00, 1.00
47,  0,  1.535,  0.98,  1,  0.120180,  0.435269,  -0.892243,  -0.166445,  0.475330,  -0.863920,  -0.026,  0.478,  522.4,  527.3,  538.9,  550.6,  555.3,  551.4,  538.8,  527.1,  509.3,  517.0,  525.3,  534.9,  545.7,  556.7,  566.3,  558.0,  546.3,  534.1,  523.7,  515.4,  534.3,  539.3,  544.3,  546.3,  544.3,  539.3,  534.4,  532.3,  667.5,  671.6,  683.8,  697.1,  703.6,  699.6,  687.3,  673.2,  658.7,  669.0,  680.8,  691.9,  701.0,  709.0,  716.9,  711.2,  703.2,  693.1,  680.4,  668.1,  680.2,  686.0,  691.2,  693.0,  690.1,  684.4,  679.2,  677.4,  375.8,  364.2,  358.6,  362.4,  373.2,  385.8,  390.4,  386.6,  376.4,  375.1,  374.2,  373.0,  371.2,  369.8,  368.4,  371.5,  372.2,  373.5,  375.0,  376.2,  380.7,  382.3,  379.9,  375.0,  370.3,  368.7,  371.1,  376.0,  368.5,  356.7,  351.7,  356.4,  368.2,  380.0,  385.0,  381.5,  362.9,  363.6,  364.7,  366.0,  365.8,  365.2,  365.1,  366.0,  366.0,  365.7,  365.6,  365.8,  374.7,  376.8,  374.6,  369.5,  364.5,  362.4,  364.6,  369.7,  -47.5,  -45.8,  -41.0,  -36.1,  -34.0,  -35.4,  -40.5,  -45.3,  -53.5,  -49.9,  -46.2,  -42.1,  -37.8,  -33.4,  -29.7,  -32.8,  -37.3,  -42.3,  -46.7,  -50.5,  -42.6,  -40.5,  -38.5,  -37.8,  -38.7,  -40.8,  -42.8,  -43.6,  10.6,  12.2,  17.1,  22.2,  24.7,  22.9,  18.1,  12.7,  7.2,  11.1,  15.6,  19.9,  23.6,  26.9,  30.2,  27.7,  24.4,  20.3,  15.4,  10.8,  15.5,  17.7,  19.8,  20.5,  19.5,  17.3,  15.2,  14.5,  6.4,  1.7,  -0.6,  1.0,  5.3,  10.3,  12.1,  10.7,  6.7,  6.1,  5.7,  5.2,  4.5,  3.9,  3.4,  4.6,  4.8,  5.4,  6.0,  6.5,  8.3,  9.0,  8.0,  6.0,  4.2,  3.5,  4.5,  6.5,  3.3,  -1.3,  -3.2,  -1.4,  3.2,  7.7,  9.6,  8.2,  1.1,  1.4,  1.8,  2.3,  2.2,  2.0,  2.0,  2.3,  2.3,  2.2,  2.1,  2.2,  5.7,  6.5,  5.7,  3.7,  1.7,  0.9,  1.8,  3.7,  353.6,  355.3,  355.2,  353.5,  351.2,  349.7,  349.6,  351.3,  358.5,  354.9,  352.3,  350.7,  350.3,  351.1,  352.5,  350.2,  348.8,  349.1,  351.3,  354.6,  352.8,  352.1,  352.0,  352.7,  353.7,  354.4,  354.5,  353.8,  336.7,  339.4,  341.2,  341.1,  339.2,  336.5,  334.6,  334.8,  337.4,  336.2,  335.7,  336.3,  337.8,  340.5,  344.1,  340.5,  337.0,  334.5,  334.0,  335.2,  337.4,  337.3,  338.1,  339.3,  340.1,  340.2,  339.4,  338.2,  -8.8,  39.0,  339.2,  0.063,  0.081,  -0.053,  452.4,  454.4,  461.9,  475.2,  494.3,  521.0,  548.4,  580.0,  623.7,  670.4,  713.0,  748.5,  775.1,  791.1,  798.2,  803.1,  806.2,  475.1,  491.7,  516.7,  544.3,  570.2,  639.5,  671.1,  700.0,  729.6,  755.1,  607.7,  607.1,  606.1,  605.5,  572.7,  590.6,  610.9,  632.0,  651.0,  507.6,  526.2,  544.1,  564.2,  544.8,  527.1,  658.8,  681.4,  700.1,  719.6,  699.5,  680.4,  554.9,  576.8,  599.2,  615.5,  634.5,  658.9,  685.0,  659.5,  636.6,  616.4,  598.9,  576.8,  564.5,  599.9,  616.6,  635.9,  674.8,  634.1,  614.9,  598.5,  356.0,  405.4,  455.5,  504.7,  552.0,  593.8,  628.7,  654.7,  661.4,  651.3,  622.5,  584.5,  541.2,  493.2,  443.2,  393.1,  342.6,  330.4,  313.3,  307.0,  310.4,  317.9,  312.1,  303.3,  298.0,  300.8,  313.6,  358.8,  393.0,  427.0,  462.0,  475.8,  484.0,  490.6,  482.3,  473.8,  373.4,  372.2,  369.9,  368.7,  374.6,  377.6,  363.8,  363.2,  364.6,  363.5,  368.9,  368.3,  540.0,  531.6,  525.5,  529.5,  524.1,  528.0,  532.5,  555.7,  566.1,  570.3,  569.3,  562.3,  542.5,  541.0,  542.3,  539.2,  536.0,  539.5,  543.2,  542.2,  -83.7,  -83.5,  -81.4,  -76.1,  -66.8,  -53.7,  -39.8,  -25.1,  -6.8,  12.8,  31.8,  48.2,  60.2,  66.8,  68.8,  70.0,  71.4,  -67.7,  -59.3,  -48.0,  -36.5,  -25.9,  -0.2,  11.5,  22.6,  34.0,  44.2,  -12.0,  -12.0,  -12.1,  -12.1,  -25.2,  -18.3,  -10.7,  -2.9,  4.1,  -53.0,  -44.8,  -37.5,  -29.4,  -37.1,  -44.2,  7.2,  15.8,  22.9,  30.4,  22.6,  15.3,  -34.0,  -24.2,  -15.3,  -9.1,  -2.1,  7.1,  17.6,  7.4,  -1.2,  -8.8,  -15.4,  -24.2,  -29.8,  -15.2,  -8.8,  -1.5,  13.5,  -2.2,  -9.3,  -15.6,  -1.8,  20.4,  43.7,  66.8,  88.0,  105.5,  116.8,  123.4,  125.5,  123.0,  114.4,  99.8,  80.8,  58.8,  36.2,  14.2,  -7.5,  -12.1,  -18.6,  -20.7,  -18.9,  -15.7,  -17.5,  -21.0,  -23.3,  -22.5,  -17.8,  -0.4,  12.0,  24.0,  35.8,  43.4,  45.9,  47.8,  45.0,  42.2,  5.4,  4.8,  3.9,  3.4,  5.7,  6.9,  1.5,  1.2,  1.7,  1.4,  3.4,  3.2,  71.8,  65.6,  62.0,  63.1,  61.1,  63.5,  67.4,  73.9,  76.8,  78.2,  78.4,  77.4,  71.9,  68.6,  68.6,  67.5,  68.4,  66.8,  68.2,  68.3,  390.2,  393.4,  399.9,  404.0,  401.3,  394.7,  380.2,  366.5,  364.3,  369.5,  381.3,  388.9,  390.1,  386.6,  380.4,  375.5,  375.6,  359.0,  349.7,  341.0,  333.7,  325.0,  320.1,  324.6,  329.0,  332.5,  336.4,  325.3,  319.5,  313.1,  307.5,  328.0,  323.6,  320.2,  322.1,  324.8,  350.0,  344.7,  342.4,  339.4,  340.8,  342.8,  334.0,  333.3,  332.9,  334.5,  332.1,  332.4,  349.1,  334.5,  327.8,  325.9,  325.6,  330.6,  342.2,  330.7,  326.1,  325.5,  327.7,  334.9,  344.9,  331.4,  329.3,  329.3,  339.8,  325.8,  325.6,  328.1,  2.535,  0.210,  0.117,  -0.058,  617.643,  460.693,  5.866,  -2.155,  -11.657,  14.282,  -15.755,  5.478,  1.567,  -5.064,  -11.112,  -8.968,  -7.932,  0.730,  5.202,  -6.656,  -0.975,  -3.008,  -7.328,  -2.896,  -7.178,  -9.301,  8.237,  -1.800,  5.047,  -4.006,  -3.842,  4.707,  2.061,  -0.376,  0.519,  -0.078,  1.753,  0.340,  0.867,  -0.119, 0.15, 0.00, 0.29, 0.00, 0.00, 0.21, 0.15, 0.13, 0.07, 0.07, 0.00, 0.18, 0.00, 0.07, 0.68, 0.58, 0.17, 0.00, 0.00, 0.00, 0.00, 0.00, 0.00, 0.00, 0.00, 0.00, 0.00, 0.00, 0.00, 0.00, 0.00, 0.00, 0.00, 0.00, 1.00
48,  0,  1.568,  0.98,  1,  0.115126,  0.430768,  -0.895089,  -0.152865,  0.470062,  -0.869295,  -0.021,  0.472,  528.0,  533.4,  545.7,  557.7,  562.4,  558.0,  544.7,  532.7,  516.1,  524.0,  532.3,  541.8,  552.6,  564.0,  573.9,  565.3,  553.3,  540.9,  530.6,  522.3,  540.3,  545.6,  550.9,  553.3,  551.2,  546.0,  540.6,  538.3,  676.0,  679.8,  691.7,  704.7,  711.3,  707.5,  695.6,  681.7,  666.7,  677.4,  689.3,  700.2,  709.2,  717.2,  725.1,  719.4,  711.4,  701.1,  688.6,  676.2,  688.5,  694.1,  699.2,  700.8,  698.0,  692.4,  687.3,  685.7,  376.6,  364.9,  359.1,  362.7,  373.6,  386.4,  391.1,  387.4,  377.1,  375.8,  374.9,  373.7,  371.7,  370.1,  369.0,  372.2,  372.8,  374.2,  375.7,  377.0,  381.7,  383.3,  380.8,  375.6,  370.9,  369.3,  371.8,  377.0,  368.0,  356.3,  351.2,  355.7,  367.2,  378.9,  384.0,  380.7,  362.5,  363.5,  364.4,  365.5,  365.1,  364.5,  364.1,  365.2,  365.3,  365.2,  365.2,  365.5,  373.9,  375.8,  373.6,  368.6,  363.7,  361.7,  363.9,  369.0,  -44.1,  -42.2,  -37.4,  -32.4,  -30.3,  -31.9,  -37.0,  -42.0,  -49.4,  -45.8,  -42.2,  -38.3,  -34.1,  -29.7,  -25.9,  -29.1,  -33.6,  -38.5,  -42.8,  -46.5,  -39.2,  -37.0,  -34.9,  -34.1,  -35.0,  -37.1,  -39.3,  -40.1,  13.9,  15.5,  20.2,  25.3,  27.7,  26.1,  21.4,  16.0,  10.4,  14.4,  19.0,  23.2,  26.8,  30.2,  33.6,  31.0,  27.6,  23.5,  18.6,  13.9,  18.8,  21.0,  23.0,  23.7,  22.7,  20.5,  18.4,  17.7,  6.5,  1.9,  -0.3,  1.1,  5.3,  10.3,  12.1,  10.7,  6.8,  6.2,  5.8,  5.4,  4.5,  4.0,  3.5,  4.7,  5.0,  5.5,  6.2,  6.7,  8.5,  9.1,  8.1,  6.1,  4.3,  3.7,  4.7,  6.7,  3.1,  -1.5,  -3.5,  -1.7,  2.8,  7.3,  9.2,  8.0,  1.0,  1.3,  1.7,  2.1,  2.0,  1.8,  1.6,  2.0,  2.1,  2.0,  2.0,  2.1,  5.4,  6.1,  5.3,  3.4,  1.4,  0.7,  1.5,  3.5,  345.0,  346.9,  346.8,  344.8,  342.0,  340.1,  340.1,  342.2,  349.1,  345.7,  343.1,  341.6,  341.2,  341.9,  343.3,  341.0,  339.6,  339.9,  342.1,  345.4,  343.7,  342.8,  342.8,  343.6,  344.9,  345.7,  345.8,  344.9,  338.1,  340.7,  342.5,  342.5,  340.6,  338.0,  336.2,  336.3,  338.9,  337.6,  337.1,  337.8,  339.5,  342.2,  346.0,  342.0,  338.4,  335.9,  335.4,  336.6,  338.8,  338.8,  339.6,  340.7,  341.5,  341.5,  340.8,  339.6,  -5.7,  39.0,  338.6,  0.063,  0.058,  -0.060,  455.0,  457.3,  465.0,  478.6,  498.7,  526.5,  555.5,  588.5,  632.9,  679.7,  721.2,  755.1,  780.1,  794.9,  801.5,  806.1,  808.7,  480.6,  497.8,  523.6,  551.8,  578.7,  648.5,  679.6,  707.9,  736.9,  761.6,  616.6,  616.7,  616.5,  616.7,  582.1,  600.5,  621.3,  642.3,  661.0,  514.0,  533.2,  551.3,  571.6,  552.1,  534.2,  666.8,  689.7,  708.5,  727.6,  707.7,  688.6,  563.1,  586.1,  609.3,  625.9,  644.9,  669.0,  694.1,  670.0,  647.6,  627.4,  609.5,  586.5,  573.0,  610.0,  626.9,  646.2,  684.1,  644.9,  625.6,  608.9,  357.1,  407.2,  457.9,  507.5,  554.8,  596.4,  630.9,  656.3,  662.3,  651.3,  621.1,  581.9,  537.8,  489.5,  440.2,  390.7,  340.8,  332.2,  314.7,  307.8,  310.8,  318.1,  311.6,  302.8,  297.4,  300.0,  312.6,  358.5,  393.0,  427.4,  462.7,  476.7,  484.9,  491.3,  482.6,  473.7,  374.4,  372.9,  370.6,  369.1,  375.1,  378.3,  363.4,  362.7,  364.0,  362.8,  368.3,  367.7,  540.9,  532.1,  526.0,  529.8,  524.1,  527.7,  532.0,  555.9,  567.0,  571.4,  570.7,  563.8,  543.3,  541.6,  542.7,  539.4,  535.7,  540.1,  544.1,  543.3,  -81.9,  -81.6,  -79.5,  -74.1,  -64.5,  -51.0,  -36.6,  -21.5,  -2.9,  16.8,  35.5,  51.3,  62.7,  68.7,  70.4,  71.5,  72.7,  -64.9,  -56.4,  -45.1,  -33.5,  -22.7,  3.1,  14.7,  25.6,  36.9,  46.9,  -8.7,  -8.5,  -8.4,  -8.2,  -21.6,  -14.6,  -6.8,  0.8,  7.8,  -50.1,  -41.8,  -34.6,  -26.4,  -34.1,  -41.2,  10.2,  19.0,  26.1,  33.6,  25.8,  18.5,  -30.6,  -20.5,  -11.5,  -5.2,  1.8,  11.0,  21.2,  11.3,  2.8,  -4.7,  -11.4,  -20.4,  -26.3,  -11.3,  -4.9,  2.3,  17.1,  1.8,  -5.3,  -11.6,  -1.3,  21.1,  44.5,  67.7,  88.9,  106.2,  117.4,  123.9,  125.8,  123.2,  114.1,  99.0,  79.6,  57.4,  34.9,  13.2,  -8.3,  -11.3,  -18.0,  -20.2,  -18.7,  -15.5,  -17.7,  -21.3,  -23.6,  -22.9,  -18.3,  -0.6,  12.0,  24.1,  36.0,  43.6,  46.0,  48.0,  45.1,  42.2,  5.7,  5.1,  4.1,  3.5,  5.9,  7.1,  1.3,  1.0,  1.5,  1.1,  3.1,  2.9,  71.9,  65.6,  62.0,  63.1,  61.0,  63.4,  67.3,  74.1,  77.1,  78.6,  78.7,  77.7,  72.0,  68.6,  68.6,  67.5,  68.3,  67.0,  68.4,  68.6,  387.5,  390.9,  397.6,  401.8,  399.5,  393.2,  379.1,  365.8,  364.2,  370.1,  382.4,  390.3,  391.5,  387.8,  381.5,  376.7,  377.0,  356.3,  347.4,  339.1,  332.2,  323.8,  320.2,  325.1,  329.9,  333.7,  337.8,  324.7,  318.9,  312.5,  306.8,  326.8,  322.7,  319.5,  321.8,  324.8,  347.7,  342.7,  340.6,  338.0,  339.1,  340.8,  334.2,  333.8,  333.6,  335.4,  332.8,  332.8,  347.6,  333.3,  326.9,  325.3,  325.3,  330.6,  342.5,  330.8,  326.0,  325.1,  327.0,  333.7,  343.7,  330.5,  328.7,  329.0,  340.0,  325.6,  325.1,  327.3,  2.539,  0.213,  0.082,  -0.063,  625.651,  460.933,  5.213,  0.219,  -11.479,  14.739,  -16.607,  4.956,  0.921,  -5.615,  -11.480,  -9.027,  -7.551,  0.578,  5.709,  -6.557,  -0.999,  -3.259,  -7.310,  -2.562,  -6.827,  -9.120,  8.804,  -1.482,  4.936,  -3.884,  -3.673,  4.828,  1.702,  -0.345,  0.435,  -0.213,  1.647,  0.196,  0.817,  -0.094, 0.18, 0.00, 0.33, 0.00, 0.00, 0.39, 0.18, 0.08, 0.10, 0.12, 0.00, 0.03, 0.00, 0.00, 0.68, 0.56, 0.20, 0.00, 0.00, 0.00, 0.00, 0.00, 0.00, 0.00, 0.00, 0.00, 1.00, 0.00, 0.00, 0.00, 0.00, 0.00, 0.00, 0.00, 1.00
49,  0,  1.602,  0.98,  1,  0.121382,  0.442437,  -0.888547,  -0.099804,  0.477854,  -0.872751,  0.012,  0.481,  534.0,  539.3,  551.6,  563.8,  568.7,  564.5,  551.1,  539.0,  522.2,  530.2,  538.5,  548.0,  558.8,  570.3,  580.2,  571.7,  559.8,  547.3,  536.9,  528.5,  546.6,  551.8,  557.2,  559.4,  557.3,  552.0,  546.7,  544.4,  683.1,  686.3,  698.4,  712.4,  720.1,  717.0,  704.9,  689.9,  673.0,  683.7,  695.9,  707.1,  716.1,  723.7,  731.4,  725.9,  718.4,  708.5,  695.7,  683.0,  696.2,  702.5,  707.9,  709.3,  705.9,  699.6,  694.2,  692.8,  378.7,  366.5,  360.5,  364.2,  375.4,  388.7,  393.6,  389.9,  378.4,  377.5,  376.8,  375.8,  373.7,  372.1,  370.9,  374.0,  374.8,  376.1,  377.4,  378.5,  383.7,  385.3,  382.7,  377.5,  372.6,  371.0,  373.6,  378.9,  369.3,  357.5,  352.3,  356.9,  368.6,  380.4,  385.5,  382.2,  364.5,  364.6,  365.5,  366.9,  366.5,  365.7,  365.3,  366.6,  366.7,  366.5,  366.7,  367.1,  375.8,  377.9,  375.6,  370.3,  365.1,  363.0,  365.3,  370.6,  -41.7,  -39.8,  -35.0,  -30.0,  -27.8,  -29.3,  -34.5,  -39.5,  -46.9,  -43.3,  -39.7,  -35.9,  -31.6,  -27.2,  -23.4,  -26.6,  -31.1,  -35.9,  -40.2,  -43.9,  -36.6,  -34.5,  -32.4,  -31.6,  -32.5,  -34.7,  -36.8,  -37.6,  16.1,  17.4,  22.1,  27.5,  30.2,  28.7,  24.0,  18.5,  12.3,  16.3,  20.8,  25.0,  28.5,  31.6,  34.9,  32.4,  29.3,  25.4,  20.6,  15.9,  21.0,  23.4,  25.5,  26.1,  24.9,  22.5,  20.4,  19.8,  7.3,  2.6,  0.2,  1.7,  6.0,  11.1,  13.1,  11.7,  7.3,  6.9,  6.6,  6.2,  5.3,  4.7,  4.3,  5.5,  5.7,  6.2,  6.8,  7.3,  9.3,  9.9,  8.9,  6.8,  5.0,  4.3,  5.4,  7.4,  3.5,  -0.9,  -2.9,  -1.2,  3.2,  7.6,  9.5,  8.2,  1.7,  1.7,  2.0,  2.6,  2.4,  2.1,  2.0,  2.5,  2.5,  2.4,  2.5,  2.6,  5.9,  6.7,  5.8,  3.9,  1.9,  1.1,  2.0,  4.0,  344.4,  346.1,  345.9,  343.9,  341.4,  339.7,  339.8,  341.8,  348.4,  345.0,  342.4,  340.9,  340.5,  341.1,  342.5,  340.3,  339.0,  339.3,  341.5,  344.8,  343.2,  342.4,  342.3,  343.0,  344.2,  345.0,  345.1,  344.3,  325.9,  329.1,  331.6,  331.9,  329.8,  326.5,  324.1,  323.8,  326.4,  325.4,  325.2,  325.9,  327.5,  330.4,  334.0,  330.4,  326.8,  324.0,  323.4,  324.4,  326.8,  326.9,  328.0,  329.5,  330.4,  330.3,  329.2,  327.7,  -3.1,  39.6,  338.2,  0.076,  0.035,  -0.059,  457.1,  459.2,  466.5,  480.2,  500.7,  529.3,  559.9,  594.9,  640.1,  686.5,  726.4,  759.0,  783.2,  797.7,  804.5,  809.3,  811.7,  486.0,  503.9,  530.1,  558.7,  586.0,  656.6,  687.3,  715.0,  743.4,  767.5,  624.0,  624.8,  625.4,  626.3,  590.5,  609.2,  630.1,  650.6,  669.0,  519.9,  539.3,  557.5,  578.1,  558.6,  540.7,  673.5,  696.5,  715.2,  734.1,  714.6,  695.5,  570.2,  594.0,  617.6,  634.4,  653.3,  677.3,  701.2,  678.5,  656.6,  636.5,  618.5,  594.8,  580.6,  618.2,  635.3,  654.5,  691.4,  653.6,  634.5,  617.5,  358.1,  407.5,  457.3,  506.3,  553.7,  596.2,  632.3,  659.2,  665.2,  653.3,  621.9,  581.7,  537.1,  489.0,  440.1,  391.1,  341.5,  333.8,  316.6,  309.8,  312.8,  320.2,  313.5,  304.3,  298.7,  301.3,  313.6,  360.4,  395.1,  429.7,  465.2,  479.0,  487.1,  493.6,  484.7,  475.6,  376.3,  374.7,  372.3,  370.9,  377.0,  380.2,  364.8,  364.1,  365.3,  364.0,  369.7,  369.1,  543.1,  534.4,  528.2,  531.9,  526.1,  529.5,  533.8,  558.6,  570.1,  574.8,  574.1,  567.0,  545.6,  543.9,  545.0,  541.5,  537.6,  543.0,  547.1,  546.4,  -80.2,  -80.1,  -78.3,  -73.0,  -63.3,  -49.6,  -34.7,  -18.9,  0.0,  19.7,  38.0,  53.3,  64.3,  70.1,  71.9,  73.1,  74.1,  -62.0,  -53.5,  -42.2,  -30.7,  -19.9,  6.1,  17.5,  28.3,  39.4,  49.3,  -5.9,  -5.5,  -5.2,  -4.8,  -18.4,  -11.4,  -3.6,  3.9,  10.8,  -47.4,  -39.2,  -31.9,  -23.8,  -31.4,  -38.5,  12.8,  21.5,  28.7,  36.1,  28.4,  21.1,  -27.6,  -17.5,  -8.4,  -2.1,  5.0,  14.1,  24.0,  14.6,  6.2,  -1.3,  -8.0,  -17.2,  -23.3,  -8.2,  -1.8,  5.5,  20.0,  5.1,  -2.1,  -8.4,  -0.8,  21.0,  43.9,  66.8,  88.0,  105.8,  117.8,  125.1,  127.4,  124.6,  115.0,  99.3,  79.6,  57.4,  35.0,  13.4,  -8.0,  -10.6,  -17.1,  -19.3,  -17.8,  -14.7,  -17.0,  -20.6,  -23.1,  -22.4,  -17.9,  0.2,  12.8,  24.8,  36.8,  44.3,  46.8,  48.8,  45.9,  42.9,  6.4,  5.7,  4.8,  4.2,  6.6,  7.8,  1.8,  1.6,  2.0,  1.6,  3.7,  3.5,  72.5,  66.2,  62.7,  63.9,  61.7,  64.1,  68.1,  75.2,  78.4,  79.9,  80.0,  78.8,  72.7,  69.4,  69.5,  68.3,  69.1,  68.2,  69.5,  69.7,  383.8,  387.7,  394.8,  399.4,  397.6,  391.9,  378.6,  366.0,  365.2,  371.7,  384.2,  391.9,  393.0,  389.2,  382.6,  377.6,  377.6,  352.6,  344.0,  336.2,  329.8,  322.1,  319.0,  324.3,  329.5,  333.7,  338.2,  323.5,  317.8,  311.7,  306.2,  325.9,  322.2,  319.3,  321.8,  324.9,  345.2,  340.6,  338.8,  336.3,  337.3,  338.7,  333.8,  333.6,  333.7,  335.7,  332.9,  332.7,  346.6,  332.3,  326.3,  325.0,  325.1,  330.7,  343.0,  331.5,  326.6,  325.4,  327.0,  333.2,  342.7,  330.2,  328.6,  329.2,  340.4,  326.0,  325.2,  327.1,  2.543,  0.227,  0.049,  -0.061,  632.246,  462.599,  4.043,  0.706,  -11.554,  15.276,  -17.585,  3.713,  1.347,  -4.748,  -10.981,  -9.220,  -7.924,  0.015,  5.049,  -6.945,  -0.456,  -3.508,  -7.757,  -1.670,  -6.188,  -9.398,  8.576,  -1.302,  5.063,  -3.844,  -3.831,  4.879,  1.704,  -0.229,  0.393,  -0.191,  1.461,  0.047,  0.746,  -0.212, 0.11, 0.00, 0.34, 0.00, 0.00, 0.42, 0.18, 0.07, 0.18, 0.17, 0.00, 0.04, 0.00, 0.00, 0.72, 0.64, 0.17, 0.00, 0.00, 0.00, 0.00, 0.00, 0.00, 0.00, 0.00, 0.00, 1.00, 0.00, 0.00, 0.00, 0.00, 0.00, 0.00, 0.00, 1.00
50,  0,  1.635,  0.98,  1,  0.126384,  0.463689,  -0.876938,  -0.150883,  0.504706,  -0.850004,  -0.014,  0.511,  538.8,  543.9,  555.8,  567.7,  572.5,  568.4,  555.4,  543.6,  526.5,  534.3,  542.6,  552.1,  562.8,  574.3,  584.4,  575.8,  563.9,  551.6,  541.1,  532.8,  551.0,  556.1,  561.3,  563.4,  561.4,  556.3,  551.2,  549.0,  686.8,  690.8,  702.9,  715.9,  722.2,  718.2,  706.2,  692.2,  678.1,  688.7,  700.6,  711.6,  720.7,  728.6,  736.2,  730.5,  722.6,  712.4,  699.8,  687.5,  699.4,  704.8,  709.7,  711.4,  708.8,  703.4,  698.5,  696.8,  381.1,  368.8,  363.0,  367.1,  378.7,  392.1,  396.8,  392.7,  380.3,  379.8,  379.3,  378.4,  376.5,  374.9,  373.3,  376.7,  377.6,  378.9,  379.9,  380.6,  386.3,  388.0,  385.5,  380.2,  375.2,  373.5,  376.0,  381.3,  372.4,  359.9,  354.4,  359.2,  371.5,  384.1,  389.5,  385.9,  366.6,  367.4,  368.3,  369.4,  369.1,  368.3,  367.5,  369.0,  369.5,  369.6,  369.6,  369.6,  378.1,  380.1,  377.9,  372.7,  367.6,  365.6,  367.9,  373.1,  -40.2,  -38.3,  -33.5,  -28.7,  -26.6,  -28.1,  -33.3,  -38.1,  -45.7,  -42.1,  -38.5,  -34.6,  -30.3,  -25.9,  -22.0,  -25.2,  -29.8,  -34.6,  -39.0,  -42.7,  -35.3,  -33.2,  -31.1,  -30.3,  -31.2,  -33.3,  -35.4,  -36.2,  18.1,  19.7,  24.5,  29.6,  32.0,  30.2,  25.5,  20.1,  14.7,  18.8,  23.3,  27.6,  31.3,  34.6,  38.0,  35.4,  32.0,  27.8,  22.9,  18.3,  23.0,  25.1,  27.1,  27.8,  26.8,  24.7,  22.7,  22.0,  8.4,  3.5,  1.2,  2.8,  7.4,  12.6,  14.5,  12.9,  8.2,  7.9,  7.7,  7.2,  6.5,  5.9,  5.3,  6.6,  6.9,  7.4,  7.9,  8.2,  10.4,  11.1,  10.1,  8.0,  6.1,  5.4,  6.4,  8.5,  4.8,  -0.0,  -2.2,  -0.3,  4.5,  9.3,  11.4,  10.0,  2.5,  2.8,  3.2,  3.6,  3.5,  3.2,  3.0,  3.5,  3.7,  3.7,  3.7,  3.7,  7.0,  7.8,  6.9,  4.9,  3.0,  2.2,  3.1,  5.1,  348.0,  349.1,  348.7,  346.9,  344.8,  343.8,  344.1,  345.9,  352.4,  348.8,  346.1,  344.4,  343.9,  344.5,  345.9,  343.8,  342.5,  342.8,  345.2,  348.5,  347.0,  346.3,  346.1,  346.6,  347.5,  348.2,  348.4,  347.9,  337.9,  339.9,  341.5,  341.8,  340.5,  338.5,  336.9,  336.8,  338.3,  337.2,  336.9,  337.6,  339.4,  342.2,  345.9,  342.1,  338.5,  336.0,  335.4,  336.4,  339.1,  339.2,  339.8,  340.6,  341.1,  341.0,  340.4,  339.6,  -1.5,  40.6,  338.1,  0.089,  0.031,  -0.057,  459.5,  461.5,  468.6,  482.0,  502.5,  531.4,  562.6,  598.6,  644.1,  690.6,  730.4,  762.8,  786.8,  801.0,  807.7,  812.6,  814.9,  489.7,  507.9,  534.4,  563.3,  591.1,  661.4,  692.0,  719.6,  747.9,  771.9,  628.8,  629.8,  630.6,  631.6,  595.4,  614.1,  635.0,  655.4,  673.6,  523.9,  543.5,  561.7,  582.3,  562.8,  544.9,  678.2,  701.1,  719.8,  738.5,  719.1,  700.1,  573.9,  598.1,  622.1,  639.1,  657.9,  681.9,  705.6,  683.2,  661.2,  641.1,  622.9,  598.9,  584.5,  622.6,  639.8,  659.1,  695.8,  658.1,  639.0,  621.9,  358.8,  407.9,  457.3,  506.1,  553.9,  597.0,  634.2,  662.0,  668.2,  655.7,  623.4,  582.4,  537.5,  489.2,  440.4,  391.4,  341.7,  335.8,  318.9,  312.3,  315.7,  323.3,  316.7,  307.2,  301.4,  303.7,  315.9,  363.3,  397.9,  432.5,  468.1,  481.7,  489.9,  496.5,  487.5,  478.4,  378.6,  377.4,  375.0,  373.3,  379.6,  382.7,  367.1,  366.7,  368.0,  366.5,  372.2,  371.7,  545.7,  537.1,  531.1,  534.9,  529.0,  532.3,  536.6,  562.4,  574.2,  578.9,  578.1,  570.6,  548.3,  547.1,  548.1,  544.7,  540.4,  546.5,  550.7,  549.9,  -78.7,  -78.7,  -77.1,  -72.0,  -62.4,  -48.6,  -33.5,  -17.4,  1.7,  21.5,  39.8,  55.1,  66.0,  71.6,  73.2,  74.3,  75.1,  -60.2,  -51.6,  -40.4,  -28.8,  -18.0,  7.8,  19.2,  29.9,  41.0,  50.8,  -4.1,  -3.7,  -3.3,  -2.9,  -16.6,  -9.5,  -1.8,  5.7,  12.5,  -45.6,  -37.4,  -30.2,  -22.1,  -29.6,  -36.7,  14.5,  23.3,  30.4,  37.7,  30.1,  22.8,  -26.2,  -15.9,  -6.7,  -0.4,  6.7,  15.9,  25.7,  16.4,  7.9,  0.4,  -6.4,  -15.7,  -21.7,  -6.6,  -0.1,  7.2,  21.7,  6.8,  -0.4,  -6.8,  -0.5,  21.1,  43.8,  66.6,  88.0,  106.1,  118.7,  126.5,  128.9,  126.0,  115.9,  99.7,  79.7,  57.4,  35.1,  13.5,  -7.9,  -9.7,  -16.1,  -18.2,  -16.6,  -13.5,  -15.7,  -19.5,  -22.0,  -21.4,  -17.0,  1.2,  13.8,  25.8,  37.8,  45.3,  47.8,  49.8,  46.9,  44.0,  7.3,  6.7,  5.8,  5.1,  7.5,  8.8,  2.7,  2.6,  3.0,  2.5,  4.6,  4.4,  73.5,  67.2,  63.8,  65.0,  62.8,  65.2,  69.3,  76.8,  80.1,  81.5,  81.6,  80.2,  73.7,  70.6,  70.7,  69.5,  70.2,  69.6,  70.9,  71.0,  381.6,  386.0,  393.7,  398.7,  397.1,  391.7,  378.7,  366.5,  366.1,  372.8,  385.0,  392.4,  393.1,  388.9,  381.9,  376.5,  375.9,  350.6,  342.0,  334.4,  328.3,  321.0,  318.3,  323.5,  328.6,  332.7,  337.1,  322.6,  317.2,  311.4,  306.3,  325.6,  322.1,  319.5,  322.0,  325.1,  343.6,  339.3,  337.6,  335.2,  336.1,  337.5,  333.2,  332.9,  333.1,  335.1,  332.4,  332.2,  346.4,  332.1,  326.3,  325.1,  325.3,  330.9,  343.2,  332.0,  327.3,  326.0,  327.5,  333.4,  342.7,  330.3,  328.9,  329.5,  340.7,  326.3,  325.4,  327.2,  2.546,  0.243,  0.040,  -0.059,  636.381,  464.992,  1.811,  1.360,  -12.085,  14.573,  -18.710,  2.826,  1.000,  -5.062,  -10.397,  -9.492,  -7.936,  -0.374,  4.717,  -6.886,  -0.763,  -3.415,  -7.929,  -1.518,  -6.080,  -9.367,  8.265,  -1.654,  5.184,  -3.711,  -4.098,  4.883,  1.778,  -0.411,  0.496,  -0.100,  1.343,  -0.102,  0.735,  -0.211, 0.05, 0.00, 0.36, 0.00, 0.00, 0.37, 0.19, 0.11, 0.24, 0.17, 0.00, 0.04, 0.00, 0.00, 0.75, 0.64, 0.19, 0.00, 0.00, 0.00, 0.00, 0.00, 0.00, 0.00, 0.00, 0.00, 1.00, 0.00, 0.00, 0.00, 0.00, 0.00, 0.00, 0.00, 1.00
51,  0,  1.668,  0.98,  1,  0.127355,  0.459884,  -0.878799,  -0.137621,  0.503286,  -0.853091,  -0.006,  0.508,  539.3,  544.8,  557.2,  569.3,  573.9,  569.5,  556.0,  543.9,  527.3,  534.9,  543.1,  552.6,  563.6,  575.4,  585.7,  576.7,  564.4,  551.9,  541.5,  533.4,  551.9,  557.0,  562.3,  564.6,  562.7,  557.5,  552.3,  549.9,  688.8,  692.8,  705.0,  718.2,  724.6,  720.6,  708.4,  694.3,  680.0,  690.2,  701.8,  712.9,  722.0,  730.2,  738.4,  732.1,  723.9,  713.6,  701.2,  689.2,  701.5,  707.2,  712.4,  714.2,  711.4,  705.7,  700.4,  698.7,  382.9,  370.3,  364.3,  368.5,  380.3,  394.0,  398.9,  394.7,  382.1,  381.5,  381.1,  380.1,  378.1,  376.6,  375.3,  378.8,  379.7,  380.9,  382.0,  382.6,  388.2,  389.9,  387.4,  382.0,  377.0,  375.3,  377.8,  383.1,  375.0,  362.7,  357.3,  361.9,  373.8,  386.1,  391.6,  388.2,  369.2,  369.7,  370.7,  371.8,  371.5,  370.6,  369.9,  371.4,  371.9,  372.1,  372.2,  372.2,  380.9,  382.9,  380.6,  375.2,  370.1,  368.1,  370.4,  375.8,  -39.0,  -37.0,  -32.1,  -27.3,  -25.3,  -26.9,  -32.1,  -36.9,  -44.2,  -40.7,  -37.2,  -33.4,  -29.2,  -24.7,  -20.8,  -24.2,  -28.7,  -33.5,  -37.8,  -41.3,  -34.0,  -31.9,  -29.9,  -29.0,  -29.9,  -31.9,  -34.0,  -34.8,  18.9,  20.7,  25.5,  30.7,  33.1,  31.3,  26.4,  21.0,  15.6,  19.5,  23.9,  28.2,  31.9,  35.3,  39.0,  36.1,  32.6,  28.4,  23.6,  19.0,  23.9,  26.1,  28.3,  29.0,  28.0,  25.8,  23.6,  22.9,  8.9,  4.0,  1.7,  3.3,  7.8,  13.0,  14.8,  13.3,  8.7,  8.3,  8.1,  7.7,  6.9,  6.3,  5.9,  7.2,  7.5,  8.0,  8.4,  8.7,  10.9,  11.5,  10.5,  8.5,  6.6,  5.9,  6.9,  8.9,  5.8,  1.1,  -1.1,  0.7,  5.4,  10.1,  12.2,  10.9,  3.6,  3.8,  4.1,  4.6,  4.5,  4.1,  3.9,  4.5,  4.6,  4.7,  4.7,  4.7,  8.2,  8.9,  8.0,  6.0,  3.9,  3.2,  4.1,  6.1,  338.5,  339.8,  339.3,  337.3,  334.9,  333.7,  334.1,  336.1,  342.9,  339.2,  336.4,  334.7,  334.0,  334.5,  335.6,  333.7,  332.5,  333.1,  335.5,  339.0,  337.3,  336.4,  336.2,  336.8,  337.8,  338.7,  338.9,  338.3,  340.0,  342.3,  343.8,  343.7,  342.0,  339.7,  338.2,  338.4,  340.6,  339.2,  338.6,  339.0,  340.4,  343.0,  346.4,  342.9,  339.6,  337.3,  337.0,  338.4,  340.7,  340.6,  341.3,  342.3,  343.0,  343.1,  342.4,  341.4,  -1.2,  41.4,  338.2,  0.095,  0.038,  -0.053,  461.4,  463.2,  470.1,  483.1,  503.2,  531.6,  562.2,  597.9,  643.6,  690.7,  731.3,  764.4,  788.9,  803.2,  809.7,  814.5,  816.8,  491.1,  509.4,  536.0,  564.9,  592.5,  662.8,  693.7,  721.7,  750.1,  773.9,  629.8,  630.6,  631.2,  632.0,  596.0,  614.6,  635.4,  655.9,  674.2,  524.7,  544.1,  562.5,  583.1,  563.5,  545.5,  679.7,  702.6,  721.4,  740.2,  720.8,  701.7,  574.3,  598.5,  622.4,  639.4,  658.4,  682.7,  706.7,  683.8,  661.5,  641.3,  623.1,  599.2,  584.9,  622.9,  640.1,  659.5,  696.7,  658.6,  639.3,  622.2,  359.2,  408.0,  457.1,  505.7,  553.4,  596.9,  634.5,  663.4,  670.3,  658.1,  625.6,  584.3,  539.3,  491.1,  442.4,  393.7,  344.1,  337.2,  320.5,  314.3,  318.0,  325.9,  319.7,  309.9,  304.2,  306.8,  319.3,  366.0,  400.6,  435.1,  470.6,  484.0,  492.3,  499.0,  490.1,  481.0,  380.3,  379.0,  376.7,  375.4,  381.6,  384.6,  369.6,  369.1,  370.4,  369.2,  374.8,  374.3,  547.4,  539.2,  533.3,  537.2,  531.5,  534.5,  538.7,  564.4,  576.2,  580.8,  579.9,  572.2,  550.0,  549.4,  550.5,  547.1,  542.5,  548.8,  553.0,  552.0,  -77.8,  -78.0,  -76.4,  -71.5,  -62.1,  -48.6,  -33.7,  -17.7,  1.5,  21.6,  40.2,  55.8,  66.8,  72.4,  73.9,  74.9,  75.7,  -59.6,  -51.0,  -39.7,  -28.1,  -17.4,  8.3,  19.8,  30.6,  41.7,  51.5,  -3.7,  -3.4,  -3.1,  -2.8,  -16.4,  -9.3,  -1.7,  5.9,  12.7,  -45.3,  -37.2,  -29.9,  -21.8,  -29.4,  -36.5,  15.1,  23.8,  30.9,  38.3,  30.6,  23.4,  -26.1,  -15.8,  -6.6,  -0.2,  6.9,  16.1,  26.2,  16.6,  8.0,  0.5,  -6.3,  -15.6,  -21.6,  -6.4,  0.0,  7.3,  22.1,  6.9,  -0.3,  -6.7,  -0.3,  21.2,  43.7,  66.4,  87.9,  106.2,  119.1,  127.4,  130.0,  127.1,  116.9,  100.6,  80.5,  58.2,  35.9,  14.4,  -6.8,  -9.1,  -15.4,  -17.4,  -15.7,  -12.5,  -14.6,  -18.5,  -20.9,  -20.2,  -15.7,  2.2,  14.7,  26.7,  38.7,  46.1,  48.7,  50.8,  47.9,  44.9,  8.0,  7.4,  6.4,  5.9,  8.3,  9.5,  3.6,  3.4,  3.9,  3.5,  5.6,  5.4,  74.3,  68.0,  64.7,  65.9,  63.7,  66.0,  70.1,  77.6,  80.9,  82.3,  82.3,  80.9,  74.5,  71.5,  71.6,  70.5,  71.1,  70.4,  71.8,  71.8,  381.4,  385.9,  393.6,  398.8,  397.5,  392.2,  379.5,  367.3,  366.6,  373.1,  385.1,  392.4,  392.9,  388.3,  381.1,  375.5,  374.7,  350.3,  341.6,  334.0,  327.9,  320.7,  317.7,  322.7,  327.7,  331.8,  336.3,  322.2,  316.9,  311.2,  306.2,  325.7,  322.2,  319.6,  321.9,  325.0,  343.6,  339.2,  337.4,  335.1,  336.1,  337.5,  332.8,  332.5,  332.6,  334.6,  331.9,  331.8,  346.7,  332.3,  326.4,  325.2,  325.3,  331.0,  343.3,  332.1,  327.3,  326.1,  327.6,  333.6,  343.0,  330.4,  329.0,  329.5,  340.8,  326.3,  325.5,  327.3,  2.547,  0.250,  0.047,  -0.055,  637.305,  466.989,  1.836,  0.886,  -12.050,  13.898,  -19.198,  2.669,  0.081,  -4.960,  -9.995,  -9.642,  -7.967,  -0.170,  4.079,  -6.929,  -0.518,  -3.490,  -7.986,  -1.717,  -5.771,  -9.116,  8.096,  -1.193,  5.451,  -3.591,  -3.880,  4.446,  1.807,  -0.384,  0.477,  -0.081,  1.302,  -0.058,  0.791,  -0.225, 0.01, 0.00, 0.32, 0.00, 0.00, 0.18, 0.23, 0.12, 0.26, 0.13, 0.00, 0.05, 0.00, 0.00, 0.84, 0.78, 0.12, 0.00, 0.00, 0.00, 0.00, 0.00, 0.00, 0.00, 0.00, 0.00, 1.00, 0.00, 0.00, 0.00, 0.00, 0.00, 0.00, 0.00, 1.00
52,  0,  1.702,  0.98,  1,  0.114804,  0.460985,  -0.879951,  -0.149953,  0.501939,  -0.851805,  -0.020,  0.507,  539.1,  544.5,  556.5,  568.1,  572.4,  568.0,  555.0,  543.4,  527.0,  534.4,  542.5,  552.0,  562.9,  574.3,  584.3,  575.2,  563.0,  550.8,  540.7,  532.9,  551.0,  556.1,  561.3,  563.7,  561.8,  556.7,  551.5,  549.1,  688.7,  692.5,  704.2,  716.8,  722.9,  719.1,  707.5,  694.0,  679.6,  689.8,  701.1,  711.9,  721.1,  729.0,  736.9,  730.6,  722.7,  712.6,  700.6,  688.9,  700.5,  706.2,  711.5,  713.2,  710.4,  704.7,  699.5,  697.7,  383.8,  371.6,  365.9,  370.2,  381.8,  395.0,  399.6,  395.4,  383.2,  382.3,  381.9,  380.8,  379.2,  377.8,  376.6,  380.2,  381.1,  382.3,  383.2,  383.7,  389.2,  391.1,  388.6,  383.2,  378.2,  376.3,  378.8,  384.1,  377.2,  365.0,  359.6,  364.2,  376.0,  388.2,  393.6,  390.2,  371.6,  372.2,  373.0,  373.9,  373.7,  373.0,  372.4,  373.6,  374.2,  374.5,  374.5,  374.5,  383.1,  385.2,  382.8,  377.3,  371.9,  369.9,  372.3,  377.8,  -39.8,  -37.8,  -33.0,  -28.2,  -26.4,  -28.0,  -33.1,  -37.8,  -45.1,  -41.7,  -38.2,  -34.3,  -30.0,  -25.6,  -21.8,  -25.2,  -29.8,  -34.6,  -38.8,  -42.3,  -35.0,  -32.9,  -30.8,  -29.9,  -30.8,  -32.8,  -34.9,  -35.8,  19.3,  20.9,  25.7,  30.7,  33.0,  31.3,  26.6,  21.3,  15.7,  19.7,  24.1,  28.4,  32.2,  35.6,  39.2,  36.2,  32.7,  28.5,  23.8,  19.2,  24.0,  26.3,  28.4,  29.2,  28.1,  25.8,  23.7,  23.0,  9.4,  4.6,  2.3,  4.0,  8.5,  13.6,  15.4,  13.9,  9.3,  8.8,  8.6,  8.1,  7.5,  6.9,  6.5,  7.9,  8.2,  8.7,  9.1,  9.3,  11.5,  12.2,  11.2,  9.1,  7.1,  6.4,  7.4,  9.5,  6.8,  2.0,  -0.1,  1.7,  6.4,  11.2,  13.3,  11.9,  4.6,  4.8,  5.1,  5.5,  5.5,  5.2,  5.0,  5.4,  5.6,  5.7,  5.7,  5.7,  9.2,  10.0,  9.1,  6.9,  4.8,  3.9,  4.9,  7.1,  345.0,  346.2,  345.6,  343.6,  341.4,  340.3,  340.8,  342.8,  349.6,  345.8,  343.1,  341.2,  340.5,  340.9,  342.0,  340.0,  338.9,  339.6,  342.1,  345.6,  343.8,  343.0,  342.7,  343.2,  344.2,  345.1,  345.3,  344.8,  346.4,  348.3,  349.8,  350.0,  348.7,  346.7,  345.2,  345.2,  346.7,  345.5,  344.9,  345.5,  347.2,  349.8,  353.6,  349.7,  346.3,  343.9,  343.4,  344.7,  347.3,  347.4,  348.0,  348.9,  349.5,  349.4,  348.8,  347.9,  -1.7,  42.1,  339.2,  0.095,  0.058,  -0.051,  463.4,  465.1,  471.9,  484.8,  504.5,  532.3,  561.7,  596.3,  641.6,  688.8,  730.2,  764.2,  789.4,  804.3,  811.2,  816.2,  819.2,  491.2,  509.2,  535.2,  563.6,  590.6,  661.6,  693.0,  721.0,  749.6,  773.8,  628.2,  628.4,  628.4,  628.6,  593.4,  611.8,  632.5,  653.4,  672.0,  524.2,  543.4,  561.7,  581.9,  562.5,  544.5,  679.0,  701.6,  720.4,  739.2,  719.7,  700.6,  572.4,  596.0,  619.8,  636.6,  655.5,  680.1,  704.9,  681.1,  658.3,  638.1,  620.1,  596.4,  582.9,  620.4,  637.4,  656.7,  694.8,  655.5,  636.3,  619.3,  360.4,  409.2,  458.3,  506.8,  554.7,  598.1,  635.8,  664.8,  672.0,  660.1,  627.8,  586.6,  541.6,  493.3,  444.6,  395.7,  346.2,  337.5,  321.2,  315.2,  318.9,  326.8,  321.2,  311.9,  306.4,  308.9,  321.3,  367.8,  402.1,  436.5,  471.9,  485.1,  493.6,  500.4,  491.6,  482.6,  381.2,  380.0,  377.9,  376.8,  382.9,  385.7,  371.6,  371.3,  372.7,  371.6,  377.2,  376.5,  548.8,  540.5,  534.8,  538.8,  533.3,  536.5,  541.0,  566.7,  578.4,  582.7,  581.7,  573.8,  551.5,  550.9,  552.2,  549.0,  544.7,  551.0,  554.9,  553.8,  -77.3,  -77.5,  -75.9,  -71.0,  -61.8,  -48.4,  -34.1,  -18.4,  0.7,  20.8,  39.6,  55.5,  66.8,  72.6,  74.2,  75.3,  76.4,  -59.9,  -51.3,  -40.2,  -28.7,  -18.2,  7.9,  19.6,  30.4,  41.5,  51.3,  -4.4,  -4.2,  -4.1,  -4.0,  -17.4,  -10.4,  -2.8,  4.9,  11.9,  -45.7,  -37.6,  -30.3,  -22.3,  -29.9,  -37.0,  14.8,  23.4,  30.6,  37.9,  30.2,  23.0,  -26.9,  -16.8,  -7.6,  -1.3,  5.8,  15.2,  25.5,  15.6,  6.9,  -0.7,  -7.5,  -16.7,  -22.5,  -7.4,  -1.0,  6.3,  21.4,  5.8,  -1.4,  -7.8,  0.2,  21.8,  44.4,  67.2,  88.7,  107.1,  120.2,  128.6,  131.1,  128.0,  117.6,  101.3,  81.2,  58.9,  36.7,  15.3,  -5.9,  -9.0,  -15.2,  -17.2,  -15.5,  -12.2,  -14.1,  -17.8,  -20.1,  -19.4,  -14.8,  2.9,  15.3,  27.3,  39.4,  46.8,  49.4,  51.5,  48.6,  45.6,  8.4,  7.8,  6.9,  6.5,  8.8,  10.0,  4.4,  4.3,  4.8,  4.4,  6.5,  6.3,  75.2,  68.9,  65.5,  66.7,  64.6,  66.9,  71.1,  78.7,  81.9,  83.3,  83.4,  82.0,  75.5,  72.4,  72.5,  71.4,  72.1,  71.4,  72.8,  72.8,  382.8,  387.4,  395.1,  400.3,  398.9,  393.6,  381.3,  369.1,  367.7,  373.4,  384.3,  391.1,  391.2,  386.4,  379.3,  373.8,  373.0,  352.1,  343.4,  335.6,  329.4,  322.1,  318.5,  323.2,  327.8,  331.4,  335.5,  323.1,  318.1,  312.6,  307.8,  327.2,  323.5,  320.8,  322.9,  325.7,  345.3,  340.8,  338.8,  336.3,  337.4,  339.1,  333.0,  332.5,  332.4,  334.1,  331.7,  331.7,  348.6,  334.0,  327.7,  326.4,  326.3,  331.7,  343.8,  333.0,  328.3,  327.4,  329.1,  335.4,  344.8,  331.8,  330.2,  330.4,  341.4,  327.3,  326.7,  328.7,  2.541,  0.252,  0.072,  -0.054,  636.055,  468.639,  -1.815,  0.138,  -12.249,  13.279,  -18.431,  1.924,  -0.772,  -6.190,  -9.814,  -9.663,  -7.974,  0.977,  3.932,  -6.852,  -0.399,  -3.357,  -8.062,  -2.057,  -5.379,  -9.026,  7.906,  -1.498,  5.383,  -3.776,  -3.951,  4.861,  1.549,  -0.239,  0.443,  -0.026,  1.235,  -0.074,  0.813,  -0.179, 0.00, 0.00, 0.34, 0.00, 0.00, 0.03, 0.28, 0.12, 0.24, 0.10, 0.00, 0.07, 0.00, 0.00, 0.96, 0.83, 0.09, 0.00, 0.00, 0.00, 0.00, 0.00, 0.00, 0.00, 0.00, 0.00, 1.00, 0.00, 0.00, 0.00, 0.00, 0.00, 0.00, 0.00, 1.00
53,  0,  1.735,  0.98,  1,  0.103833,  0.452354,  -0.885773,  -0.131272,  0.489687,  -0.861960,  -0.016,  0.494,  536.1,  541.8,  554.1,  565.9,  570.1,  565.3,  552.0,  540.3,  524.0,  531.4,  539.5,  549.1,  560.1,  571.5,  581.6,  572.3,  560.1,  547.8,  537.9,  530.0,  547.9,  553.2,  558.8,  561.4,  559.5,  554.2,  548.6,  546.0,  686.2,  689.9,  702.0,  715.2,  722.0,  718.2,  706.2,  692.0,  676.1,  686.7,  698.7,  709.5,  718.3,  726.3,  734.5,  728.2,  720.0,  709.8,  697.5,  685.5,  698.8,  704.6,  709.8,  711.4,  708.5,  702.7,  697.5,  695.9,  383.5,  371.2,  365.6,  370.0,  381.7,  395.1,  399.6,  395.2,  383.1,  382.2,  381.8,  380.8,  379.0,  377.7,  376.9,  380.3,  381.1,  382.3,  383.1,  383.5,  389.3,  391.3,  388.7,  383.2,  377.9,  376.0,  378.5,  384.0,  378.0,  365.8,  360.5,  365.2,  377.1,  389.3,  394.6,  391.1,  372.8,  373.2,  374.1,  375.4,  375.0,  374.1,  373.3,  374.9,  375.5,  375.7,  375.8,  375.8,  384.1,  386.1,  383.8,  378.5,  373.3,  371.3,  373.6,  378.9,  -40.4,  -38.3,  -33.5,  -28.7,  -26.9,  -28.6,  -33.8,  -38.5,  -45.7,  -42.3,  -38.8,  -34.9,  -30.6,  -26.3,  -22.5,  -25.9,  -30.5,  -35.2,  -39.3,  -42.8,  -35.7,  -33.5,  -31.3,  -30.4,  -31.2,  -33.4,  -35.6,  -36.5,  17.8,  19.4,  24.2,  29.4,  31.9,  30.2,  25.4,  20.0,  14.0,  18.0,  22.6,  26.7,  30.3,  33.6,  37.2,  34.4,  30.9,  26.7,  22.0,  17.5,  22.8,  25.0,  27.1,  27.8,  26.7,  24.5,  22.4,  21.7,  9.1,  4.4,  2.2,  3.9,  8.3,  13.4,  15.2,  13.6,  9.1,  8.6,  8.4,  8.0,  7.3,  6.8,  6.5,  7.8,  8.1,  8.5,  8.9,  9.2,  11.4,  12.1,  11.1,  9.0,  6.9,  6.2,  7.2,  9.3,  6.9,  2.3,  0.2,  2.0,  6.7,  11.3,  13.3,  11.9,  5.0,  5.1,  5.4,  5.9,  5.8,  5.5,  5.2,  5.8,  6.0,  6.0,  6.0,  6.1,  9.3,  10.1,  9.2,  7.2,  5.2,  4.4,  5.3,  7.3,  340.2,  341.5,  341.0,  338.9,  336.5,  335.2,  335.7,  337.8,  344.4,  340.6,  337.9,  336.1,  335.4,  335.9,  337.0,  335.0,  333.9,  334.5,  337.0,  340.5,  338.9,  338.0,  337.7,  338.4,  339.4,  340.4,  340.6,  340.0,  337.8,  340.4,  342.3,  342.4,  340.6,  338.0,  336.2,  336.1,  338.3,  337.0,  336.4,  336.9,  338.5,  341.2,  344.8,  341.1,  337.6,  335.2,  334.9,  336.2,  338.7,  338.7,  339.5,  340.7,  341.4,  341.4,  340.6,  339.4,  -2.8,  42.1,  337.3,  0.089,  0.084,  -0.051,  465.1,  466.5,  473.5,  486.4,  505.6,  532.5,  560.6,  593.7,  638.7,  686.5,  729.1,  764.4,  790.5,  805.9,  812.8,  817.8,  820.9,  489.6,  507.1,  532.6,  560.6,  586.9,  657.0,  689.2,  718.2,  747.6,  772.4,  624.0,  623.5,  622.8,  622.3,  588.4,  606.6,  627.2,  648.4,  667.5,  521.5,  540.5,  558.8,  579.2,  559.5,  541.4,  675.7,  698.7,  717.7,  737.0,  717.0,  697.6,  569.6,  591.8,  614.9,  631.5,  650.5,  675.5,  701.2,  676.4,  653.3,  633.0,  615.1,  592.2,  579.7,  615.7,  632.5,  652.0,  690.9,  650.6,  631.2,  614.5,  360.4,  409.4,  458.8,  507.5,  555.1,  598.4,  635.9,  665.1,  672.8,  661.5,  629.9,  588.8,  543.8,  494.9,  445.5,  396.1,  346.2,  336.7,  320.4,  314.7,  318.7,  326.7,  321.6,  312.6,  307.1,  310.0,  322.9,  368.2,  402.6,  436.9,  472.2,  485.3,  494.0,  500.8,  492.2,  483.3,  380.8,  379.9,  378.0,  377.1,  383.0,  385.7,  372.7,  372.3,  373.9,  372.8,  378.4,  377.7,  549.1,  540.7,  534.9,  539.1,  533.6,  537.3,  542.1,  567.4,  578.8,  583.0,  581.9,  573.9,  551.8,  551.1,  552.5,  549.5,  545.6,  551.3,  555.0,  553.8,  -76.7,  -76.9,  -75.2,  -70.3,  -61.3,  -48.4,  -34.6,  -19.5,  -0.5,  19.7,  38.9,  55.2,  66.8,  72.7,  74.4,  75.5,  76.7,  -60.7,  -52.3,  -41.2,  -29.8,  -19.5,  6.1,  18.0,  29.1,  40.4,  50.4,  -5.9,  -6.0,  -6.1,  -6.2,  -19.2,  -12.3,  -4.7,  3.1,  10.2,  -46.8,  -38.8,  -31.4,  -23.3,  -31.0,  -38.2,  13.5,  22.2,  29.3,  36.7,  29.0,  21.7,  -27.9,  -18.3,  -9.3,  -3.1,  3.9,  13.3,  23.8,  13.7,  5.0,  -2.6,  -9.3,  -18.2,  -23.6,  -9.2,  -2.8,  4.5,  19.7,  3.9,  -3.3,  -9.5,  0.2,  21.9,  44.7,  67.5,  89.0,  107.3,  120.2,  128.5,  130.9,  127.9,  117.8,  101.6,  81.6,  59.1,  36.8,  15.3,  -5.8,  -9.4,  -15.6,  -17.4,  -15.5,  -12.2,  -13.9,  -17.4,  -19.7,  -18.8,  -14.1,  3.0,  15.4,  27.3,  39.2,  46.6,  49.2,  51.3,  48.4,  45.6,  8.2,  7.8,  7.0,  6.6,  8.9,  10.0,  4.8,  4.6,  5.2,  4.9,  6.9,  6.7,  75.0,  68.6,  65.0,  66.3,  64.2,  66.6,  70.9,  78.2,  81.4,  82.8,  82.9,  81.6,  75.2,  72.0,  72.1,  71.0,  71.8,  71.0,  72.3,  72.3,  383.7,  388.0,  395.3,  400.3,  399.0,  393.7,  381.1,  368.4,  366.2,  371.3,  381.9,  388.4,  388.5,  383.7,  376.8,  371.4,  370.7,  353.1,  344.1,  335.7,  328.9,  321.1,  316.2,  320.6,  325.1,  328.8,  332.9,  321.7,  316.4,  310.6,  305.5,  325.6,  321.6,  318.6,  320.5,  323.2,  345.9,  340.8,  338.5,  335.6,  337.1,  339.1,  331.0,  330.2,  329.9,  331.5,  329.1,  329.4,  347.2,  332.1,  325.5,  323.8,  323.5,  328.8,  340.7,  329.9,  325.5,  324.9,  326.9,  333.6,  343.2,  329.6,  327.6,  327.7,  338.4,  324.6,  324.3,  326.6,  2.554,  0.247,  0.103,  -0.055,  633.224,  469.146,  2.598,  -1.573,  -11.468,  14.835,  -18.637,  1.084,  -0.794,  -6.900,  -11.002,  -10.482,  -7.335,  0.903,  4.156,  -6.859,  -0.099,  -3.742,  -8.014,  -2.609,  -5.532,  -9.084,  7.948,  -1.185,  5.218,  -3.774,  -3.872,  4.613,  1.499,  -0.072,  0.334,  0.012,  1.293,  0.052,  0.769,  -0.175, 0.09, 0.00, 0.28, 0.00, 0.00, 0.01, 0.38, 0.25, 0.20, 0.10, 0.00, 0.15, 0.00, 0.00, 1.08, 0.78, 0.08, 0.00, 0.00, 0.00, 0.00, 0.00, 0.00, 0.00, 0.00, 0.00, 1.00, 0.00, 0.00, 0.00, 0.00, 0.00, 0.00, 0.00, 1.00
54,  0,  1.768,  0.98,  1,  0.061855,  0.449014,  -0.891381,  -0.122911,  0.486220,  -0.865149,  -0.035,  0.489,  531.9,  537.8,  550.2,  561.7,  565.6,  560.6,  547.2,  535.7,  521.0,  528.1,  535.9,  545.4,  556.5,  567.9,  577.8,  568.2,  555.9,  543.6,  534.1,  526.6,  543.8,  548.8,  554.3,  556.9,  555.2,  550.2,  544.7,  542.1,  682.8,  687.1,  699.4,  712.4,  718.6,  714.3,  702.0,  688.1,  672.3,  681.8,  693.0,  704.2,  713.9,  722.6,  731.4,  724.3,  715.6,  705.2,  692.8,  681.1,  695.4,  701.0,  706.3,  708.1,  705.5,  699.9,  694.6,  692.7,  383.1,  370.6,  365.0,  369.3,  381.2,  394.7,  399.3,  394.9,  382.0,  381.2,  381.0,  380.1,  378.5,  377.3,  376.7,  380.1,  380.9,  381.9,  382.5,  382.7,  388.8,  390.7,  388.2,  382.7,  377.5,  375.6,  378.1,  383.6,  378.5,  366.0,  360.7,  365.5,  377.7,  390.1,  395.5,  391.9,  372.9,  373.3,  374.3,  375.6,  375.5,  374.6,  374.1,  375.7,  376.4,  376.6,  376.4,  376.1,  384.5,  386.6,  384.3,  378.9,  373.6,  371.6,  373.9,  379.2,  -42.1,  -39.9,  -35.0,  -30.3,  -28.6,  -30.4,  -35.6,  -40.3,  -46.8,  -43.6,  -40.2,  -36.3,  -32.0,  -27.6,  -23.9,  -27.4,  -32.0,  -36.8,  -40.8,  -44.1,  -37.3,  -35.2,  -33.1,  -32.1,  -32.9,  -34.9,  -37.1,  -38.1,  16.7,  18.5,  23.4,  28.6,  30.9,  29.0,  24.1,  18.7,  12.6,  16.3,  20.6,  25.0,  28.8,  32.4,  36.2,  33.1,  29.4,  25.2,  20.4,  16.0,  21.7,  23.9,  26.0,  26.8,  25.8,  23.6,  21.5,  20.7,  9.0,  4.2,  1.9,  3.6,  8.1,  13.3,  15.1,  13.5,  8.7,  8.3,  8.1,  7.7,  7.1,  6.6,  6.4,  7.7,  8.0,  8.4,  8.7,  8.8,  11.2,  11.9,  10.9,  8.8,  6.8,  6.1,  7.0,  9.2,  7.2,  2.4,  0.3,  2.2,  6.9,  11.8,  13.8,  12.4,  5.1,  5.2,  5.5,  6.1,  6.0,  5.7,  5.6,  6.2,  6.4,  6.4,  6.3,  6.3,  9.6,  10.4,  9.5,  7.4,  5.4,  4.6,  5.5,  7.6,  340.5,  341.7,  340.8,  338.5,  336.0,  334.8,  335.6,  337.9,  344.4,  340.6,  337.7,  335.8,  335.0,  335.3,  336.2,  334.4,  333.5,  334.3,  337.0,  340.5,  338.9,  337.9,  337.5,  338.0,  339.2,  340.2,  340.5,  340.0,  341.9,  344.0,  345.4,  345.3,  343.7,  341.6,  340.2,  340.5,  342.8,  341.1,  340.1,  340.1,  341.3,  343.6,  346.9,  343.6,  340.7,  338.6,  338.6,  340.4,  342.6,  342.6,  343.2,  344.1,  344.7,  344.8,  344.2,  343.3,  -4.2,  42.0,  337.2,  0.084,  0.116,  -0.056,  466.3,  468.0,  475.1,  488.0,  506.6,  532.5,  559.3,  590.9,  635.8,  684.5,  728.7,  765.5,  792.1,  807.4,  814.0,  818.8,  822.2,  486.9,  503.5,  528.3,  555.7,  581.2,  651.5,  684.5,  714.5,  744.4,  769.5,  618.8,  617.5,  616.0,  614.8,  582.7,  600.6,  620.9,  642.4,  661.7,  518.5,  536.9,  555.2,  575.2,  555.6,  537.6,  671.4,  694.3,  713.4,  733.0,  712.6,  693.2,  565.8,  586.8,  609.1,  625.6,  644.8,  670.2,  697.0,  671.2,  647.7,  627.1,  609.4,  587.1,  575.4,  610.3,  627.0,  646.6,  686.6,  645.0,  625.4,  608.9,  363.6,  412.2,  461.2,  509.2,  556.1,  598.4,  635.1,  663.9,  671.8,  660.7,  629.2,  588.7,  543.9,  495.1,  445.9,  397.1,  347.9,  335.6,  319.3,  313.6,  317.8,  326.1,  321.5,  312.5,  307.1,  310.3,  323.4,  368.5,  402.6,  436.7,  471.7,  485.1,  493.8,  500.6,  492.1,  483.4,  380.1,  379.1,  377.4,  377.0,  382.7,  385.2,  373.2,  372.6,  374.2,  373.4,  379.0,  378.3,  548.1,  539.9,  534.5,  538.8,  533.4,  537.0,  541.5,  565.8,  577.0,  581.0,  579.8,  572.1,  550.7,  550.5,  552.0,  549.2,  544.9,  549.9,  553.5,  552.2,  -76.8,  -76.9,  -75.0,  -69.9,  -61.1,  -48.5,  -35.2,  -20.7,  -1.8,  18.8,  38.4,  55.3,  67.0,  72.8,  74.4,  75.4,  76.8,  -62.3,  -54.0,  -43.1,  -31.8,  -21.6,  4.2,  16.3,  27.5,  39.0,  49.0,  -7.8,  -8.1,  -8.5,  -8.8,  -21.4,  -14.5,  -6.9,  0.9,  8.0,  -48.3,  -40.3,  -32.9,  -24.9,  -32.6,  -39.9,  11.9,  20.4,  27.6,  35.1,  27.2,  19.9,  -29.5,  -20.2,  -11.5,  -5.3,  1.8,  11.3,  22.1,  11.7,  2.9,  -4.8,  -11.4,  -20.2,  -25.4,  -11.2,  -4.9,  2.5,  17.9,  1.9,  -5.4,  -11.6,  1.6,  23.3,  46.0,  68.6,  89.8,  107.6,  120.0,  127.9,  130.1,  126.9,  116.7,  100.7,  81.0,  58.8,  36.7,  15.7,  -5.1,  -9.9,  -16.1,  -17.9,  -15.9,  -12.4,  -13.9,  -17.3,  -19.6,  -18.6,  -13.8,  3.1,  15.4,  27.2,  39.0,  46.6,  49.2,  51.2,  48.3,  45.5,  8.0,  7.5,  6.7,  6.5,  8.8,  9.8,  5.0,  4.7,  5.3,  5.0,  7.1,  6.9,  74.7,  68.4,  64.9,  66.1,  63.9,  66.3,  70.4,  77.4,  80.5,  82.0,  82.1,  80.9,  74.9,  71.7,  71.8,  70.7,  71.2,  70.3,  71.6,  71.7,  387.0,  391.0,  397.8,  402.4,  400.7,  395.0,  381.8,  368.3,  365.0,  369.3,  379.2,  385.3,  385.3,  380.6,  374.1,  369.1,  368.6,  355.9,  346.4,  337.3,  329.8,  321.4,  315.3,  319.3,  323.6,  327.1,  331.2,  321.8,  316.3,  310.4,  305.3,  325.9,  321.7,  318.4,  319.9,  322.3,  347.9,  342.3,  339.7,  336.6,  338.3,  340.6,  330.3,  329.1,  328.6,  330.0,  327.8,  328.3,  347.7,  332.4,  325.3,  323.3,  322.7,  327.7,  339.3,  328.9,  324.7,  324.5,  326.8,  333.8,  343.6,  329.4,  327.1,  326.8,  337.1,  323.9,  324.0,  326.5,  2.555,  0.241,  0.144,  -0.061,  629.634,  468.905,  4.434,  -2.085,  -11.170,  13.311,  -16.637,  1.135,  -1.519,  -7.538,  -11.538,  -9.112,  -6.304,  0.697,  4.153,  -6.919,  1.283,  -4.370,  -7.906,  -3.422,  -5.548,  -8.939,  7.853,  -1.280,  4.780,  -4.041,  -3.687,  4.018,  1.025,  -0.009,  0.176,  0.053,  1.265,  -0.061,  0.669,  -0.182, 0.19, 0.03, 0.21, 0.00, 0.00, 0.01, 0.40, 0.36, 0.21, 0.09, 0.00, 0.16, 0.00, 0.00, 1.22, 0.60, 0.15, 0.00, 0.00, 0.00, 0.00, 0.00, 0.00, 1.00, 0.00, 0.00, 1.00, 0.00, 0.00, 0.00, 0.00, 0.00, 0.00, 0.00, 1.00
55,  0,  1.802,  0.98,  1,  0.065707,  0.462852,  -0.883997,  -0.230244,  0.490862,  -0.840263,  -0.095,  0.505,  534.4,  539.0,  550.2,  561.2,  565.8,  562.0,  550.0,  538.9,  521.8,  529.1,  537.2,  546.9,  557.6,  567.8,  576.7,  568.5,  557.3,  545.6,  535.8,  527.9,  545.4,  550.5,  555.6,  557.7,  555.6,  550.5,  545.4,  543.3,  676.2,  681.1,  693.7,  706.8,  712.6,  707.8,  695.1,  681.1,  668.5,  678.5,  689.9,  701.0,  710.4,  718.8,  727.6,  720.7,  712.3,  702.0,  689.6,  677.7,  688.4,  694.6,  700.6,  702.8,  700.1,  693.9,  687.9,  685.6,  382.4,  370.8,  365.6,  369.9,  381.1,  393.6,  397.8,  393.6,  381.7,  380.9,  380.4,  379.3,  377.9,  376.5,  375.3,  378.8,  379.9,  381.1,  381.9,  382.2,  387.8,  389.7,  387.3,  382.0,  376.9,  375.0,  377.4,  382.6,  378.8,  366.4,  361.3,  366.5,  378.8,  391.2,  396.3,  392.3,  372.4,  373.2,  374.6,  376.1,  375.9,  375.2,  374.8,  376.4,  377.1,  377.2,  376.8,  376.1,  385.7,  388.1,  385.7,  379.9,  374.0,  371.6,  374.0,  379.8,  -44.4,  -42.5,  -37.8,  -33.0,  -31.0,  -32.5,  -37.5,  -42.3,  -50.3,  -46.7,  -43.0,  -38.8,  -34.3,  -30.1,  -26.5,  -29.7,  -34.2,  -39.2,  -43.5,  -47.2,  -39.7,  -37.5,  -35.3,  -34.5,  -35.4,  -37.6,  -39.8,  -40.6,  13.9,  15.8,  20.8,  25.8,  27.9,  25.9,  21.0,  15.7,  10.9,  14.7,  19.0,  23.2,  27.0,  30.4,  34.1,  31.1,  27.6,  23.5,  18.8,  14.4,  18.6,  20.9,  23.3,  24.2,  23.2,  20.8,  18.5,  17.5,  9.4,  4.5,  2.4,  4.1,  8.8,  14.0,  15.8,  14.1,  9.2,  8.8,  8.5,  8.0,  7.4,  6.9,  6.4,  7.8,  8.2,  8.8,  9.1,  9.3,  11.6,  12.4,  11.4,  9.2,  7.1,  6.3,  7.3,  9.5,  7.2,  2.5,  0.5,  2.5,  7.2,  11.9,  13.8,  12.3,  4.8,  5.0,  5.6,  6.1,  6.1,  5.9,  5.8,  6.3,  6.5,  6.5,  6.4,  6.1,  9.8,  10.8,  9.9,  7.6,  5.4,  4.5,  5.4,  7.6,  367.5,  368.3,  367.9,  366.5,  365.0,  364.3,  364.6,  366.0,  372.1,  368.5,  366.0,  364.4,  363.9,  364.7,  366.0,  363.9,  362.5,  362.9,  365.1,  368.2,  367.0,  366.4,  366.2,  366.5,  367.3,  367.9,  368.1,  367.7,  335.2,  337.3,  338.5,  338.2,  336.4,  334.3,  333.1,  333.6,  335.6,  334.2,  333.4,  333.7,  335.0,  337.4,  340.8,  337.2,  334.1,  331.9,  331.7,  333.3,  335.6,  335.4,  336.0,  337.0,  337.8,  338.0,  337.4,  336.4,  -5.6,  42.0,  338.1,  0.075,  0.142,  -0.044,  466.2,  468.1,  475.5,  488.5,  506.4,  531.1,  554.9,  583.6,  627.5,  676.1,  722.9,  761.4,  789.2,  805.7,  813.9,  821.1,  827.7,  486.2,  501.9,  526.3,  554.1,  579.8,  645.9,  679.6,  711.2,  743.3,  770.1,  615.4,  613.2,  610.6,  608.4,  578.8,  595.8,  615.3,  636.7,  656.2,  519.4,  538.0,  556.0,  575.7,  556.3,  538.3,  668.0,  690.6,  709.7,  729.8,  708.9,  689.4,  561.0,  581.2,  603.4,  619.4,  638.5,  664.5,  693.0,  664.6,  640.0,  619.5,  602.1,  580.5,  570.3,  604.4,  620.7,  640.2,  682.4,  637.8,  618.2,  602.0,  362.3,  411.8,  461.6,  510.0,  556.3,  597.7,  633.3,  661.6,  670.4,  661.5,  632.3,  593.1,  548.9,  500.2,  450.4,  400.9,  350.5,  336.0,  318.8,  313.0,  317.2,  326.2,  321.8,  311.8,  306.3,  309.6,  323.3,  367.4,  401.1,  434.7,  469.3,  483.4,  492.0,  498.8,  491.0,  483.3,  379.1,  378.5,  376.7,  376.1,  381.7,  384.3,  373.2,  373.0,  374.7,  374.1,  379.6,  378.7,  545.3,  538.0,  533.1,  537.7,  532.9,  537.3,  541.7,  566.8,  577.7,  581.2,  579.5,  570.4,  548.2,  549.1,  551.1,  548.8,  545.1,  550.1,  553.2,  551.4,  -78.0,  -77.5,  -75.1,  -69.7,  -61.0,  -49.0,  -37.1,  -23.7,  -5.2,  15.2,  35.8,  53.2,  65.2,  71.7,  74.2,  76.5,  79.5,  -63.4,  -55.3,  -44.2,  -32.6,  -22.2,  2.1,  14.4,  26.3,  38.6,  49.2,  -9.1,  -9.7,  -10.5,  -11.1,  -22.9,  -16.3,  -9.0,  -1.2,  6.0,  -48.3,  -40.2,  -32.8,  -24.9,  -32.5,  -39.8,  10.6,  19.0,  26.1,  33.8,  25.8,  18.5,  -31.6,  -22.5,  -13.7,  -7.6,  -0.5,  9.2,  20.5,  9.2,  0.0,  -7.6,  -14.2,  -22.8,  -27.6,  -13.5,  -7.2,  0.1,  16.3,  -0.8,  -8.1,  -14.2,  1.0,  23.4,  46.4,  69.0,  89.7,  107.0,  118.9,  126.8,  129.4,  126.8,  117.6,  102.1,  82.6,  60.6,  38.5,  17.3,  -4.0,  -9.9,  -16.5,  -18.3,  -16.2,  -12.5,  -13.8,  -17.6,  -19.8,  -18.8,  -13.9,  2.7,  14.9,  26.6,  38.3,  46.2,  48.7,  50.7,  48.0,  45.5,  7.7,  7.3,  6.5,  6.2,  8.4,  9.5,  5.0,  4.9,  5.5,  5.3,  7.3,  7.0,  74.2,  68.1,  64.7,  66.0,  64.0,  66.4,  70.4,  77.6,  80.9,  82.3,  82.3,  80.8,  74.4,  71.6,  71.8,  70.7,  71.3,  70.4,  71.7,  71.7,  392.6,  394.6,  399.6,  402.7,  399.8,  393.9,  380.8,  367.8,  364.9,  368.1,  378.0,  383.1,  382.5,  378.6,  373.3,  369.5,  370.6,  360.7,  350.3,  340.1,  331.7,  322.1,  315.3,  318.9,  323.3,  327.1,  331.1,  322.6,  317.4,  311.7,  306.6,  327.4,  323.0,  319.5,  321.0,  323.2,  350.7,  344.7,  342.0,  338.6,  340.4,  342.8,  330.6,  329.0,  328.0,  329.2,  327.4,  328.3,  350.3,  335.0,  327.1,  324.8,  323.6,  327.8,  338.9,  328.6,  325.0,  325.4,  328.2,  336.0,  346.0,  331.2,  328.6,  327.7,  337.2,  324.1,  324.6,  327.6,  2.549,  0.225,  0.177,  -0.050,  626.065,  468.769,  3.625,  -5.926,  -9.299,  12.091,  -11.477,  2.115,  0.037,  -10.204,  -11.214,  -7.354,  -8.890,  -0.707,  1.714,  -5.024,  -0.140,  -4.708,  -5.091,  -2.508,  -6.346,  -10.536,  9.334,  -3.544,  5.895,  -3.330,  -2.817,  5.253,  1.400,  -0.393,  0.650,  0.364,  1.542,  0.205,  0.883,  0.104, 0.26, 0.03, 0.20, 0.00, 0.00, 0.06, 0.37, 0.55, 0.23, 0.11, 0.00, 0.19, 0.00, 0.00, 1.20, 0.51, 0.17, 0.00, 0.00, 0.00, 0.00, 0.00, 0.00, 1.00, 0.00, 0.00, 1.00, 0.00, 0.00, 0.00, 0.00, 1.00, 0.00, 0.00, 1.00
56,  0,  1.835,  0.98,  1,  0.029913,  0.451860,  -0.891587,  -0.132262,  0.482504,  -0.865850,  -0.058,  0.489,  530.8,  536.9,  549.1,  560.3,  564.0,  558.9,  545.6,  534.4,  521.0,  527.7,  535.1,  543.7,  554.3,  566.2,  576.8,  567.3,  555.1,  543.0,  533.5,  526.2,  542.7,  547.5,  552.8,  555.5,  553.9,  549.0,  543.7,  541.1,  681.4,  685.5,  697.8,  711.1,  717.5,  713.3,  701.0,  686.8,  670.0,  680.4,  692.1,  703.1,  712.6,  721.2,  730.3,  723.2,  714.4,  703.7,  691.1,  679.0,  694.1,  699.8,  705.1,  706.8,  704.1,  698.4,  693.1,  691.3,  381.2,  368.7,  363.1,  367.7,  379.7,  393.3,  397.9,  393.3,  379.5,  379.6,  379.6,  379.1,  377.2,  375.9,  374.8,  378.4,  379.3,  380.3,  380.8,  380.8,  386.9,  388.9,  386.5,  381.1,  375.8,  373.9,  376.3,  381.7,  378.7,  366.5,  361.2,  366.0,  378.1,  390.3,  395.6,  392.0,  372.6,  373.4,  374.5,  376.0,  375.8,  374.9,  374.4,  376.1,  376.8,  376.9,  376.6,  376.3,  384.9,  386.9,  384.7,  379.4,  374.2,  372.2,  374.4,  379.7,  -42.9,  -40.6,  -35.7,  -31.0,  -29.4,  -31.3,  -36.5,  -41.2,  -47.3,  -44.1,  -40.9,  -37.3,  -33.1,  -28.5,  -24.5,  -28.0,  -32.6,  -37.4,  -41.4,  -44.7,  -38.0,  -36.0,  -33.9,  -32.9,  -33.6,  -35.6,  -37.8,  -38.8,  15.9,  17.6,  22.5,  27.6,  29.9,  28.1,  23.3,  17.9,  11.5,  15.5,  19.9,  24.1,  27.8,  31.4,  35.2,  32.1,  28.4,  24.2,  19.4,  14.9,  20.8,  23.0,  25.0,  25.8,  24.8,  22.6,  20.5,  19.8,  8.3,  3.4,  1.2,  3.0,  7.6,  12.9,  14.7,  13.0,  7.8,  7.7,  7.6,  7.4,  6.6,  6.1,  5.7,  7.1,  7.4,  7.8,  8.1,  8.2,  10.5,  11.3,  10.3,  8.2,  6.2,  5.4,  6.4,  8.5,  7.2,  2.5,  0.5,  2.3,  7.0,  11.6,  13.6,  12.2,  4.9,  5.1,  5.6,  6.1,  6.1,  5.8,  5.6,  6.2,  6.4,  6.4,  6.3,  6.2,  9.6,  10.3,  9.5,  7.5,  5.5,  4.7,  5.6,  7.6,  343.7,  344.6,  343.4,  340.8,  338.4,  337.6,  338.8,  341.3,  347.9,  344.0,  340.9,  338.8,  337.8,  337.8,  338.7,  337.1,  336.5,  337.4,  340.3,  344.0,  342.0,  340.9,  340.4,  340.7,  341.8,  342.9,  343.4,  343.0,  335.6,  338.0,  339.7,  339.6,  337.7,  335.3,  333.7,  333.9,  336.7,  335.1,  334.1,  334.3,  335.6,  337.9,  341.4,  337.7,  334.5,  332.3,  332.4,  334.2,  336.3,  336.2,  336.9,  338.0,  338.8,  338.8,  338.1,  337.1,  -5.1,  41.5,  335.2,  0.071,  0.124,  -0.032,  467.8,  468.2,  474.6,  487.0,  504.8,  530.0,  555.2,  585.3,  628.4,  675.4,  719.8,  758.2,  788.0,  806.7,  815.3,  821.1,  825.6,  487.2,  503.7,  528.5,  555.7,  580.8,  649.2,  682.4,  713.0,  743.9,  770.2,  616.8,  615.1,  613.0,  611.2,  579.8,  597.4,  617.4,  639.2,  659.0,  517.6,  535.9,  554.1,  574.7,  554.8,  536.7,  669.7,  692.7,  711.8,  732.1,  711.2,  691.6,  562.7,  583.7,  605.9,  622.1,  641.1,  666.9,  695.0,  667.5,  643.4,  622.9,  605.5,  583.6,  572.4,  606.7,  623.1,  642.5,  684.4,  640.9,  621.6,  605.2,  356.1,  405.1,  455.2,  504.3,  552.1,  595.6,  633.1,  663.1,  672.9,  665.0,  637.6,  600.0,  556.8,  507.5,  455.4,  403.0,  350.5,  332.0,  315.3,  310.3,  314.8,  323.5,  319.9,  310.8,  305.9,  309.7,  323.8,  366.8,  400.8,  434.7,  469.7,  482.9,  491.8,  498.9,  490.8,  482.8,  377.9,  377.6,  376.0,  375.3,  380.7,  383.3,  373.0,  372.9,  374.8,  373.9,  379.2,  378.3,  545.7,  538.4,  533.2,  537.7,  532.7,  537.0,  541.6,  566.7,  577.5,  581.0,  579.4,  570.7,  548.8,  549.0,  550.8,  548.4,  545.0,  550.1,  553.1,  551.4,  -75.8,  -76.3,  -74.7,  -69.9,  -61.5,  -49.3,  -36.7,  -22.8,  -4.8,  14.9,  34.4,  51.9,  65.1,  72.5,  74.9,  76.3,  78.0,  -62.0,  -53.9,  -42.9,  -31.7,  -21.7,  3.3,  15.4,  26.8,  38.6,  49.0,  -8.5,  -9.0,  -9.5,  -10.0,  -22.3,  -15.6,  -8.1,  -0.3,  7.0,  -48.6,  -40.6,  -33.3,  -25.0,  -32.9,  -40.1,  11.1,  19.7,  26.8,  34.5,  26.5,  19.3,  -30.6,  -21.3,  -12.6,  -6.6,  0.4,  10.0,  21.2,  10.3,  1.2,  -6.3,  -12.8,  -21.4,  -26.4,  -12.4,  -6.3,  0.9,  17.0,  0.3,  -6.8,  -12.9,  -1.7,  20.0,  43.0,  65.9,  87.4,  105.5,  118.2,  126.6,  129.7,  127.9,  119.7,  105.4,  86.5,  64.1,  40.8,  18.1,  -4.0,  -11.4,  -17.7,  -19.1,  -17.0,  -13.4,  -14.4,  -17.8,  -19.9,  -18.7,  -13.6,  2.5,  14.7,  26.3,  38.0,  45.5,  48.1,  50.1,  47.5,  44.9,  7.1,  6.9,  6.2,  5.9,  8.0,  9.0,  4.9,  4.8,  5.5,  5.2,  7.2,  6.8,  73.5,  67.4,  64.0,  65.2,  63.2,  65.8,  70.0,  77.0,  80.0,  81.3,  81.3,  79.9,  73.7,  70.7,  70.9,  69.8,  70.8,  69.8,  71.0,  70.9,  385.2,  388.6,  395.3,  399.9,  398.0,  392.0,  378.7,  365.5,  362.7,  366.9,  377.3,  384.1,  384.6,  380.5,  374.1,  368.8,  368.0,  355.3,  345.8,  336.7,  329.1,  320.4,  313.4,  317.4,  321.6,  325.1,  329.0,  320.4,  314.7,  308.6,  303.2,  324.1,  319.5,  315.9,  317.6,  320.0,  347.4,  341.7,  339.0,  335.6,  337.5,  339.9,  328.3,  327.4,  326.8,  327.9,  325.9,  326.5,  346.1,  330.5,  323.3,  321.2,  320.4,  325.3,  337.1,  326.1,  321.9,  321.8,  324.2,  331.7,  341.7,  327.2,  324.8,  324.4,  334.9,  321.4,  321.6,  324.3,  2.569,  0.226,  0.152,  -0.037,  627.286,  468.519,  5.930,  -7.884,  -9.528,  15.799,  -17.008,  3.193,  1.527,  -3.464,  -11.593,  -11.648,  -9.441,  0.977,  3.257,  -6.998,  -0.699,  -3.654,  -8.494,  -4.293,  -6.912,  -9.247,  7.510,  -1.530,  5.571,  -3.323,  -3.943,  4.101,  1.676,  -0.471,  0.204,  0.173,  1.246,  -0.131,  0.630,  -0.025, 0.34, 0.11, 0.21, 0.00, 0.00, 0.13, 0.31, 0.51, 0.25, 0.15, 0.00, 0.14, 0.00, 0.00, 1.35, 0.66, 0.15, 0.00, 0.00, 0.00, 0.00, 0.00, 0.00, 1.00, 0.00, 0.00, 1.00, 0.00, 0.00, 0.00, 0.00, 1.00, 0.00, 0.00, 1.00
57,  0,  1.869,  0.98,  1,  0.046758,  0.443278,  -0.895164,  -0.170131,  0.481500,  -0.859775,  -0.070,  0.485,  534.8,  540.9,  553.4,  565.1,  569.1,  564.0,  550.4,  538.7,  524.5,  531.5,  539.1,  548.3,  559.4,  571.3,  581.7,  572.1,  559.6,  547.2,  537.5,  530.0,  547.1,  552.1,  557.6,  560.2,  558.5,  553.4,  548.0,  545.3,  685.2,  689.4,  701.7,  715.0,  721.4,  717.2,  704.9,  690.7,  675.3,  686.0,  697.9,  708.9,  718.1,  726.3,  734.7,  728.2,  720.0,  709.8,  697.3,  685.0,  697.4,  703.6,  709.3,  711.3,  708.3,  702.1,  696.4,  694.4,  382.9,  370.1,  364.2,  368.8,  381.0,  394.9,  399.7,  395.1,  381.6,  381.3,  381.2,  380.6,  378.7,  377.3,  376.5,  380.0,  381.0,  382.0,  382.6,  382.7,  388.6,  390.6,  388.0,  382.5,  377.2,  375.2,  377.7,  383.3,  379.5,  367.2,  362.0,  367.1,  379.4,  391.8,  397.0,  393.1,  373.4,  374.5,  375.9,  377.5,  377.4,  376.6,  376.0,  377.5,  378.0,  378.1,  377.6,  377.0,  386.4,  388.7,  386.3,  380.6,  374.9,  372.5,  374.9,  380.6,  -40.4,  -38.2,  -33.2,  -28.5,  -26.8,  -28.7,  -33.9,  -38.6,  -44.9,  -41.7,  -38.4,  -34.7,  -30.4,  -26.0,  -22.1,  -25.6,  -30.2,  -35.0,  -39.0,  -42.3,  -35.5,  -33.5,  -31.3,  -30.4,  -31.1,  -33.2,  -35.3,  -36.3,  17.1,  18.8,  23.6,  28.7,  31.0,  29.2,  24.4,  19.1,  13.4,  17.3,  21.8,  26.0,  29.6,  33.0,  36.6,  33.7,  30.3,  26.2,  21.5,  16.9,  21.8,  24.1,  26.4,  27.2,  26.1,  23.7,  21.5,  20.7,  8.8,  3.9,  1.6,  3.3,  8.0,  13.2,  15.0,  13.4,  8.4,  8.2,  8.1,  7.8,  7.1,  6.6,  6.2,  7.5,  7.9,  8.3,  8.6,  8.7,  10.9,  11.7,  10.7,  8.6,  6.6,  5.8,  6.8,  8.9,  7.4,  2.7,  0.8,  2.7,  7.4,  12.0,  13.9,  12.4,  5.1,  5.5,  6.0,  6.6,  6.6,  6.3,  6.2,  6.7,  6.8,  6.8,  6.6,  6.4,  10.0,  10.9,  10.0,  7.9,  5.7,  4.8,  5.7,  7.8,  336.0,  337.0,  335.9,  333.5,  331.0,  330.1,  331.1,  333.6,  340.0,  336.1,  333.2,  331.2,  330.3,  330.4,  331.3,  329.7,  329.0,  329.8,  332.6,  336.2,  334.4,  333.3,  332.8,  333.3,  334.3,  335.4,  335.8,  335.4,  330.9,  333.3,  335.1,  335.2,  333.6,  331.2,  329.4,  329.4,  331.4,  330.1,  329.4,  330.0,  331.6,  334.2,  338.0,  334.1,  330.7,  328.3,  327.9,  329.2,  331.7,  331.8,  332.6,  333.8,  334.5,  334.5,  333.6,  332.5,  -3.0,  42.1,  333.7,  0.072,  0.116,  -0.044,  469.2,  470.2,  476.9,  489.7,  508.1,  534.0,  560.9,  592.9,  637.6,  685.6,  729.4,  766.3,  794.0,  810.7,  818.4,  824.0,  827.8,  490.5,  506.9,  531.9,  559.7,  585.5,  655.1,  688.2,  718.5,  748.8,  774.3,  622.4,  621.0,  619.4,  618.1,  585.9,  603.7,  624.0,  645.4,  664.9,  521.6,  540.2,  558.5,  579.2,  559.3,  541.1,  675.0,  698.4,  717.6,  737.4,  716.7,  697.1,  568.4,  589.0,  611.6,  628.2,  647.4,  673.0,  699.5,  674.0,  650.6,  629.9,  612.0,  589.4,  578.3,  612.8,  629.6,  649.2,  688.9,  647.9,  628.3,  611.5,  361.7,  410.4,  459.7,  508.5,  556.2,  599.8,  638.1,  668.2,  676.9,  666.5,  635.9,  595.8,  551.3,  501.9,  451.3,  400.9,  350.3,  334.0,  317.2,  311.5,  315.7,  324.3,  320.6,  311.9,  307.0,  310.8,  324.4,  368.2,  402.4,  436.4,  471.5,  485.3,  494.0,  500.9,  492.7,  484.4,  379.7,  379.4,  377.7,  376.9,  382.4,  385.0,  374.0,  374.3,  376.2,  375.1,  380.5,  379.5,  549.5,  540.8,  535.0,  539.5,  534.2,  538.8,  544.5,  570.5,  582.0,  586.0,  584.5,  575.8,  552.2,  551.6,  553.3,  550.8,  547.7,  553.4,  556.8,  555.3,  -74.7,  -75.1,  -73.4,  -68.5,  -59.8,  -47.3,  -34.1,  -19.6,  -1.0,  19.1,  38.5,  55.2,  67.4,  73.8,  75.8,  77.1,  78.6,  -60.3,  -52.2,  -41.3,  -30.0,  -19.8,  5.4,  17.4,  28.8,  40.4,  50.4,  -6.4,  -6.8,  -7.2,  -7.6,  -19.9,  -13.2,  -5.7,  2.0,  9.1,  -46.6,  -38.7,  -31.4,  -23.2,  -30.9,  -38.1,  13.1,  21.8,  28.9,  36.4,  28.5,  21.2,  -28.1,  -19.1,  -10.4,  -4.3,  2.7,  12.2,  22.8,  12.6,  3.9,  -3.7,  -10.3,  -19.1,  -23.9,  -10.1,  -3.9,  3.4,  18.6,  2.9,  -4.3,  -10.5,  0.7,  22.3,  44.9,  67.6,  88.9,  107.0,  119.9,  128.3,  131.2,  128.5,  118.8,  103.1,  83.7,  61.4,  38.8,  17.1,  -4.1,  -10.5,  -16.8,  -18.5,  -16.5,  -13.0,  -14.0,  -17.4,  -19.5,  -18.3,  -13.3,  3.0,  15.2,  26.8,  38.4,  46.1,  48.7,  50.7,  48.0,  45.3,  7.8,  7.5,  6.8,  6.4,  8.6,  9.6,  5.2,  5.3,  6.1,  5.6,  7.6,  7.3,  74.3,  67.8,  64.2,  65.4,  63.4,  66.1,  70.6,  78.2,  81.5,  82.9,  82.9,  81.3,  74.5,  71.3,  71.4,  70.4,  71.4,  70.8,  72.1,  72.1,  382.8,  386.8,  393.8,  398.4,  396.5,  390.6,  377.4,  364.4,  362.1,  366.8,  376.7,  382.7,  382.7,  378.4,  371.9,  366.9,  366.2,  352.7,  343.3,  334.2,  326.8,  318.5,  312.4,  316.5,  321.0,  324.5,  328.3,  318.8,  313.1,  307.0,  301.6,  322.2,  318.0,  314.8,  316.4,  318.9,  344.7,  339.2,  336.6,  333.4,  335.2,  337.5,  327.4,  326.4,  325.9,  327.2,  325.1,  325.5,  343.2,  328.0,  321.0,  319.1,  318.4,  323.2,  335.0,  325.1,  321.4,  321.1,  323.2,  329.8,  339.1,  325.3,  323.1,  322.8,  332.9,  320.4,  320.4,  322.9,  2.581,  0.232,  0.139,  -0.048,  632.666,  470.432,  4.658,  -3.334,  -10.497,  16.429,  -17.979,  -0.842,  0.713,  -5.402,  -11.730,  -10.768,  -7.588,  -0.492,  4.571,  -6.820,  0.313,  -5.094,  -8.748,  -3.535,  -5.905,  -9.516,  7.439,  -1.683,  4.894,  -3.473,  -4.358,  4.604,  1.297,  -0.187,  0.140,  0.109,  1.121,  -0.029,  0.596,  -0.115, 0.38, 0.13, 0.29, 0.00, 0.00, 0.13, 0.31, 0.44, 0.24, 0.25, 0.00, 0.11, 0.00, 0.00, 1.46, 0.99, 0.11, 0.00, 0.00, 0.00, 0.00, 0.00, 0.00, 0.00, 0.00, 0.00, 1.00, 0.00, 0.00, 0.00, 0.00, 1.00, 0.00, 0.00, 1.00
58,  0,  1.902,  0.98,  1,  0.077683,  0.454348,  -0.887431,  -0.171738,  0.501266,  -0.848079,  -0.054,  0.503,  542.7,  548.2,  560.2,  571.8,  576.1,  571.7,  558.6,  547.0,  531.5,  538.5,  546.2,  555.3,  566.2,  577.8,  588.2,  578.7,  566.6,  554.6,  544.9,  537.3,  554.9,  559.9,  565.0,  567.3,  565.5,  560.6,  555.4,  553.1,  691.8,  695.9,  708.5,  722.2,  729.0,  724.8,  712.2,  697.6,  682.6,  693.1,  705.0,  716.5,  726.1,  734.1,  742.4,  735.8,  728.0,  718.1,  705.4,  692.8,  704.3,  710.8,  716.7,  718.7,  715.5,  709.0,  703.0,  701.1,  386.7,  373.9,  368.1,  372.8,  385.2,  399.1,  403.8,  399.1,  385.1,  385.2,  385.2,  384.5,  382.7,  381.3,  380.3,  384.0,  385.2,  386.3,  386.7,  386.4,  392.2,  394.2,  391.8,  386.3,  381.0,  379.0,  381.5,  387.0,  383.1,  370.1,  364.5,  369.7,  382.5,  395.6,  401.1,  397.2,  376.3,  377.1,  378.6,  380.4,  380.5,  379.4,  378.9,  380.5,  381.3,  381.5,  380.9,  380.1,  390.1,  392.5,  389.9,  383.8,  377.7,  375.3,  377.9,  384.0,  -38.1,  -36.0,  -31.2,  -26.5,  -24.7,  -26.4,  -31.5,  -36.2,  -43.0,  -39.8,  -36.4,  -32.7,  -28.4,  -24.0,  -20.0,  -23.6,  -28.1,  -32.8,  -36.9,  -40.2,  -33.2,  -31.2,  -29.1,  -28.3,  -29.0,  -31.0,  -33.1,  -34.0,  19.1,  20.8,  25.7,  30.8,  33.2,  31.4,  26.6,  21.2,  15.8,  19.6,  23.9,  28.2,  31.9,  35.2,  38.7,  35.8,  32.6,  28.7,  24.0,  19.4,  23.9,  26.3,  28.6,  29.4,  28.2,  25.8,  23.5,  22.7,  10.5,  5.4,  3.2,  5.0,  9.7,  15.1,  17.0,  15.2,  9.9,  9.9,  9.8,  9.4,  8.7,  8.2,  7.8,  9.2,  9.7,  10.1,  10.3,  10.3,  12.6,  13.3,  12.3,  10.2,  8.2,  7.4,  8.4,  10.5,  8.6,  3.8,  1.7,  3.6,  8.4,  13.2,  15.2,  13.7,  6.0,  6.3,  6.9,  7.5,  7.6,  7.2,  7.1,  7.7,  7.9,  7.9,  7.7,  7.4,  11.2,  12.1,  11.1,  8.9,  6.6,  5.7,  6.7,  8.9,  342.6,  343.1,  342.0,  339.9,  338.0,  337.5,  338.6,  340.7,  346.7,  342.8,  339.8,  337.7,  336.8,  337.0,  338.0,  336.5,  335.7,  336.5,  339.2,  342.8,  341.3,  340.4,  339.9,  340.2,  341.0,  341.9,  342.4,  342.1,  323.7,  326.0,  327.8,  328.1,  326.7,  324.4,  322.6,  322.4,  323.8,  322.6,  322.1,  322.6,  324.3,  326.9,  330.6,  327.0,  323.8,  321.2,  320.7,  321.9,  324.7,  324.8,  325.7,  326.8,  327.5,  327.4,  326.5,  325.4,  -0.2,  43.4,  333.3,  0.082,  0.094,  -0.046,  470.9,  472.0,  478.8,  491.8,  511.1,  538.4,  567.0,  601.0,  646.4,  693.9,  736.2,  771.4,  797.8,  813.7,  821.3,  827.0,  830.7,  495.9,  513.2,  538.8,  566.9,  593.3,  664.3,  696.7,  725.9,  755.4,  780.5,  630.7,  630.1,  629.2,  628.6,  595.2,  613.3,  633.7,  654.7,  673.8,  528.0,  547.0,  565.6,  586.4,  566.4,  548.1,  682.5,  706.1,  725.3,  744.8,  724.5,  704.8,  576.5,  597.8,  621.0,  637.9,  657.0,  682.1,  707.1,  683.4,  660.7,  640.1,  621.8,  598.5,  586.9,  622.0,  639.1,  658.6,  696.6,  657.6,  638.1,  621.0,  362.5,  411.5,  461.0,  510.3,  559.0,  603.9,  643.7,  674.5,  682.7,  671.2,  639.1,  597.6,  552.3,  502.7,  452.1,  401.6,  350.7,  337.1,  320.4,  314.9,  319.1,  327.5,  323.6,  314.7,  309.6,  312.8,  325.8,  371.5,  405.8,  440.0,  475.3,  489.2,  497.8,  504.7,  496.2,  487.7,  383.6,  383.3,  381.5,  380.5,  386.4,  389.0,  377.0,  377.4,  379.3,  377.9,  383.6,  382.7,  554.7,  545.1,  538.8,  543.1,  537.7,  542.4,  548.7,  576.3,  588.5,  592.8,  591.5,  582.5,  557.3,  555.8,  557.3,  554.5,  552.1,  559.3,  563.0,  561.6,  -73.2,  -73.6,  -72.0,  -67.0,  -58.1,  -45.2,  -31.4,  -16.2,  2.7,  22.7,  41.6,  57.6,  69.1,  75.2,  77.0,  78.3,  79.6,  -57.4,  -49.2,  -38.3,  -27.1,  -16.9,  8.6,  20.5,  31.5,  42.8,  52.7,  -3.4,  -3.5,  -3.8,  -3.9,  -16.5,  -9.7,  -2.3,  5.3,  12.3,  -43.7,  -35.8,  -28.4,  -20.3,  -28.0,  -35.2,  15.9,  24.6,  31.8,  39.2,  31.4,  24.1,  -24.8,  -15.8,  -7.0,  -0.8,  6.2,  15.6,  25.7,  16.2,  7.6,  0.0,  -6.7,  -15.6,  -20.5,  -6.7,  -0.4,  6.9,  21.6,  6.5,  -0.7,  -7.0,  1.1,  22.6,  45.1,  68.0,  89.7,  108.4,  122.1,  131.0,  134.0,  131.0,  120.6,  104.3,  84.3,  61.8,  39.1,  17.4,  -3.9,  -9.1,  -15.4,  -17.1,  -15.2,  -11.8,  -13.0,  -16.4,  -18.5,  -17.5,  -12.8,  4.2,  16.3,  28.0,  39.7,  47.5,  50.0,  52.1,  49.3,  46.6,  9.2,  9.0,  8.2,  7.8,  10.0,  11.1,  6.3,  6.5,  7.2,  6.7,  8.8,  8.4,  76.1,  69.2,  65.5,  66.7,  64.7,  67.4,  72.3,  80.5,  84.1,  85.5,  85.6,  83.7,  76.2,  72.7,  72.8,  71.8,  73.1,  73.1,  74.4,  74.4,  378.6,  383.2,  390.8,  395.9,  394.3,  388.9,  376.6,  364.5,  363.3,  368.5,  378.3,  383.9,  383.5,  378.7,  371.7,  366.4,  365.3,  348.5,  339.6,  331.1,  324.5,  316.9,  311.7,  316.1,  320.7,  324.3,  328.1,  317.8,  312.4,  306.6,  301.5,  321.4,  317.7,  314.8,  316.6,  319.2,  341.6,  336.6,  334.3,  331.4,  333.0,  335.0,  326.9,  326.1,  325.8,  327.4,  325.1,  325.3,  341.9,  326.9,  320.4,  318.9,  318.5,  323.4,  335.3,  325.7,  322.1,  321.5,  323.3,  329.2,  338.1,  325.0,  323.1,  323.0,  333.1,  320.9,  320.6,  322.7,  2.587,  0.247,  0.107,  -0.049,  640.039,  474.050,  -0.220,  -1.236,  -11.349,  17.235,  -19.719,  -2.794,  1.354,  -5.184,  -11.529,  -12.217,  -8.534,  -0.792,  4.010,  -6.759,  0.078,  -5.137,  -9.146,  -2.629,  -5.653,  -9.664,  7.395,  -1.689,  4.555,  -3.485,  -4.464,  5.201,  1.570,  -0.252,  0.302,  0.117,  0.969,  -0.142,  0.561,  -0.202, 0.43, 0.13, 0.36, 0.00, 0.00, 0.08, 0.26, 0.26, 0.21, 0.26, 0.00, 0.02, 0.00, 0.00, 1.62, 1.36, 0.22, 0.00, 0.00, 1.00, 0.00, 0.00, 0.00, 0.00, 0.00, 0.00, 1.00, 0.00, 0.00, 0.00, 0.00, 1.00, 1.00, 0.00, 1.00
59,  0,  1.935,  0.98,  1,  0.104638,  0.470335,  -0.876262,  -0.160488,  0.482339,  -0.861158,  -0.032,  0.502,  550.6,  555.7,  567.7,  579.5,  584.3,  580.3,  567.2,  555.4,  538.6,  546.0,  554.0,  563.1,  573.7,  585.5,  596.1,  587.0,  575.0,  562.8,  552.6,  544.6,  563.0,  568.1,  573.3,  575.5,  573.4,  568.3,  563.1,  560.9,  700.2,  704.0,  716.8,  731.0,  738.4,  734.6,  721.8,  706.6,  691.9,  702.3,  714.3,  725.8,  735.1,  742.8,  750.7,  744.6,  737.1,  727.4,  714.7,  702.2,  712.8,  720.0,  726.5,  728.4,  724.6,  717.5,  711.0,  709.1,  391.7,  378.8,  373.0,  377.6,  389.9,  403.8,  408.6,  404.0,  389.3,  390.0,  390.3,  389.8,  387.9,  386.1,  384.2,  388.2,  389.6,  390.8,  391.2,  390.8,  397.1,  399.1,  396.6,  391.0,  385.6,  383.7,  386.2,  391.8,  385.5,  373.3,  368.1,  373.1,  385.3,  397.6,  402.7,  399.0,  380.8,  381.0,  382.3,  384.0,  383.8,  383.1,  382.8,  384.3,  384.7,  384.6,  384.3,  383.9,  393.1,  395.6,  393.0,  386.8,  380.7,  378.2,  380.8,  386.9,  -35.1,  -33.2,  -28.4,  -23.6,  -21.6,  -23.2,  -28.3,  -33.1,  -40.4,  -37.0,  -33.6,  -29.9,  -25.7,  -21.1,  -17.1,  -20.5,  -25.1,  -29.8,  -34.1,  -37.6,  -30.2,  -28.1,  -26.1,  -25.2,  -26.1,  -28.2,  -30.2,  -31.1,  21.9,  23.5,  28.4,  33.7,  36.1,  34.4,  29.6,  24.1,  18.9,  22.6,  26.9,  31.1,  34.7,  37.8,  41.2,  38.5,  35.4,  31.6,  26.9,  22.5,  26.5,  29.2,  31.6,  32.5,  31.2,  28.6,  26.1,  25.3,  12.5,  7.4,  5.1,  6.9,  11.6,  17.0,  18.9,  17.2,  11.7,  11.8,  11.8,  11.6,  10.8,  10.1,  9.4,  10.9,  11.4,  11.9,  12.2,  12.1,  14.5,  15.3,  14.3,  12.1,  10.0,  9.3,  10.3,  12.5,  9.3,  4.9,  3.0,  4.9,  9.3,  13.7,  15.4,  14.1,  7.6,  7.6,  8.1,  8.7,  8.7,  8.5,  8.5,  8.9,  9.0,  8.9,  8.7,  8.6,  12.1,  13.0,  12.1,  9.9,  7.6,  6.7,  7.6,  9.9,  343.9,  344.4,  343.4,  341.6,  340.0,  339.7,  340.5,  342.3,  348.6,  344.6,  341.7,  339.8,  338.9,  339.2,  340.3,  338.6,  337.7,  338.4,  340.9,  344.5,  343.0,  342.2,  341.8,  342.0,  342.7,  343.5,  343.9,  343.7,  318.2,  321.3,  323.5,  323.6,  321.5,  318.5,  316.3,  316.2,  318.3,  317.3,  316.9,  317.5,  319.1,  321.8,  325.4,  321.9,  318.6,  315.9,  315.4,  316.4,  318.8,  318.8,  320.0,  321.5,  322.6,  322.5,  321.4,  319.9,  3.2,  44.9,  333.1,  0.097,  0.065,  -0.048,  473.1,  474.3,  481.0,  494.3,  514.6,  543.3,  573.6,  609.6,  655.6,  702.6,  743.3,  777.0,  802.3,  817.6,  825.3,  831.1,  834.5,  502.3,  520.5,  546.9,  575.9,  603.3,  674.5,  706.4,  735.1,  763.9,  788.2,  640.8,  641.1,  641.3,  641.7,  606.1,  624.8,  645.5,  666.2,  684.9,  535.2,  554.8,  573.4,  594.3,  574.4,  556.2,  691.8,  715.3,  734.4,  753.5,  733.5,  714.0,  585.8,  608.4,  632.4,  649.4,  668.3,  693.1,  716.8,  694.6,  672.2,  651.9,  633.5,  609.3,  596.8,  633.2,  650.3,  669.5,  706.5,  669.0,  649.8,  632.6,  365.3,  413.9,  462.9,  512.0,  561.3,  607.1,  648.3,  680.1,  687.9,  675.0,  640.8,  597.7,  551.6,  502.3,  452.5,  402.8,  352.8,  341.9,  325.0,  319.1,  323.2,  331.9,  327.6,  318.2,  312.7,  315.8,  328.5,  375.8,  410.1,  444.3,  479.6,  493.6,  502.1,  509.0,  500.2,  491.2,  388.5,  388.3,  386.3,  384.7,  390.9,  393.7,  380.4,  381.2,  383.1,  381.3,  387.0,  386.1,  559.7,  549.8,  543.2,  547.4,  541.9,  546.3,  552.7,  581.6,  594.4,  598.9,  597.8,  588.7,  562.3,  560.5,  561.8,  558.9,  556.2,  564.8,  568.8,  567.6,  -71.4,  -71.9,  -70.5,  -65.5,  -56.2,  -42.8,  -28.5,  -12.7,  6.5,  26.5,  44.9,  60.4,  71.4,  77.1,  78.9,  80.2,  81.3,  -54.1,  -45.8,  -34.8,  -23.5,  -13.2,  12.3,  24.0,  34.9,  46.0,  55.7,  0.3,  0.4,  0.5,  0.6,  -12.4,  -5.5,  2.0,  9.5,  16.4,  -40.5,  -32.5,  -25.3,  -17.2,  -24.8,  -31.8,  19.3,  28.1,  35.2,  42.5,  34.8,  27.5,  -21.1,  -11.8,  -2.8,  3.4,  10.3,  19.7,  29.5,  20.4,  11.9,  4.4,  -2.4,  -11.5,  -16.7,  -2.5,  3.8,  10.9,  25.4,  10.6,  3.6,  -2.7,  2.3,  23.4,  45.6,  68.3,  90.2,  109.4,  123.9,  133.6,  136.7,  133.4,  122.0,  104.8,  84.3,  61.7,  39.4,  18.0,  -3.0,  -7.1,  -13.4,  -15.3,  -13.5,  -10.1,  -11.5,  -15.1,  -17.3,  -16.4,  -11.8,  5.7,  17.8,  29.5,  41.2,  48.9,  51.5,  53.6,  50.7,  47.9,  11.0,  10.8,  10.0,  9.3,  11.7,  12.8,  7.6,  7.9,  8.6,  8.0,  10.1,  9.7,  77.8,  70.7,  67.0,  68.3,  66.2,  69.0,  74.1,  82.8,  86.6,  88.0,  88.0,  85.9,  78.0,  74.4,  74.6,  73.5,  75.0,  75.3,  76.6,  76.6,  374.4,  379.6,  387.9,  393.4,  392.0,  387.2,  376.0,  365.1,  364.9,  370.6,  380.4,  385.8,  385.0,  379.7,  372.4,  367.0,  365.7,  343.8,  335.5,  327.5,  321.5,  314.8,  310.9,  315.8,  320.8,  324.8,  329.0,  316.4,  311.3,  305.9,  301.2,  320.4,  317.2,  314.7,  316.7,  319.6,  338.3,  333.8,  331.9,  329.2,  330.6,  332.2,  326.6,  326.2,  326.3,  328.1,  325.6,  325.5,  340.8,  326.0,  320.0,  318.8,  318.7,  324.0,  336.6,  327.1,  323.3,  322.3,  323.7,  328.8,  337.2,  324.7,  323.3,  323.6,  334.3,  321.7,  321.1,  322.7,  2.591,  0.266,  0.065,  -0.049,  648.774,  477.926,  -3.187,  1.438,  -11.418,  17.432,  -20.465,  -4.606,  1.471,  -4.990,  -10.829,  -12.497,  -9.144,  -0.793,  3.183,  -6.963,  0.099,  -5.453,  -9.786,  -2.222,  -5.027,  -9.688,  7.143,  -1.656,  5.278,  -3.724,  -4.743,  5.336,  1.762,  -0.085,  0.138,  -0.030,  0.853,  -0.286,  0.532,  -0.202, 0.36, 0.05, 0.47, 0.00, 0.00, 0.00, 0.14, 0.15, 0.22, 0.27, 0.00, 0.00, 0.00, 0.00, 1.56, 1.60, 0.31, 0.00, 0.00, 1.00, 0.00, 0.00, 0.00, 0.00, 0.00, 0.00, 1.00, 0.00, 0.00, 0.00, 0.00, 1.00, 1.00, 0.00, 1.00
60,  0,  1.969,  0.98,  1,  0.099365,  0.484941,  -0.868884,  -0.158782,  0.506504,  -0.847491,  -0.035,  0.524,  558.3,  563.2,  574.9,  586.4,  591.2,  587.3,  574.6,  563.0,  546.7,  553.9,  561.8,  570.9,  581.5,  593.4,  604.2,  594.8,  582.6,  570.4,  560.3,  552.5,  570.6,  575.5,  580.4,  582.5,  580.5,  575.6,  570.7,  568.6,  708.2,  711.8,  724.4,  738.5,  745.9,  742.3,  729.7,  714.6,  700.0,  710.6,  722.6,  734.1,  743.3,  750.7,  758.1,  752.5,  745.5,  736.2,  723.5,  710.7,  720.7,  727.8,  734.1,  735.9,  732.1,  725.0,  718.8,  717.0,  397.4,  384.4,  378.5,  383.1,  395.4,  409.4,  414.3,  409.7,  394.7,  395.5,  395.8,  395.3,  393.4,  391.4,  389.1,  393.5,  395.1,  396.4,  396.8,  396.4,  402.6,  404.5,  402.0,  396.5,  391.2,  389.3,  391.8,  397.3,  389.8,  377.0,  371.6,  376.7,  389.4,  402.2,  407.6,  403.8,  383.8,  384.4,  386.0,  387.8,  387.6,  386.6,  386.0,  387.9,  388.8,  388.9,  388.4,  387.5,  397.4,  399.9,  397.2,  390.8,  384.4,  381.9,  384.6,  391.0,  -32.0,  -30.1,  -25.4,  -20.8,  -18.9,  -20.4,  -25.4,  -30.0,  -37.1,  -33.8,  -30.4,  -26.7,  -22.5,  -18.0,  -13.9,  -17.4,  -22.1,  -26.8,  -30.9,  -34.4,  -27.1,  -25.1,  -23.2,  -22.4,  -23.2,  -25.2,  -27.1,  -28.0,  24.8,  26.3,  31.1,  36.4,  38.9,  37.3,  32.5,  27.0,  21.8,  25.6,  29.9,  34.1,  37.7,  40.7,  44.0,  41.4,  38.4,  34.7,  30.1,  25.5,  29.4,  32.0,  34.4,  35.2,  33.9,  31.3,  28.9,  28.1,  14.6,  9.6,  7.2,  9.0,  13.7,  19.1,  21.1,  19.4,  13.8,  13.9,  13.9,  13.6,  12.9,  12.1,  11.3,  12.9,  13.5,  14.0,  14.3,  14.3,  16.6,  17.3,  16.3,  14.2,  12.2,  11.4,  12.5,  14.6,  10.8,  6.2,  4.3,  6.2,  10.8,  15.4,  17.2,  15.8,  8.6,  8.8,  9.4,  10.1,  10.1,  9.8,  9.7,  10.3,  10.5,  10.4,  10.2,  9.9,  13.6,  14.5,  13.6,  11.3,  9.0,  8.0,  9.0,  11.3,  342.9,  343.1,  341.8,  339.8,  338.3,  338.2,  339.4,  341.4,  347.7,  343.5,  340.4,  338.3,  337.2,  337.5,  338.5,  336.9,  336.1,  337.0,  339.7,  343.4,  341.8,  341.0,  340.4,  340.5,  341.2,  342.0,  342.5,  342.5,  317.6,  320.3,  322.6,  323.1,  321.5,  318.7,  316.4,  316.0,  317.5,  316.7,  316.6,  317.4,  319.1,  321.9,  325.7,  322.1,  318.6,  315.8,  315.0,  315.8,  318.5,  318.8,  319.9,  321.3,  322.2,  321.9,  320.8,  319.4,  6.3,  46.7,  334.3,  0.111,  0.040,  -0.049,  475.6,  476.8,  483.3,  496.7,  518.1,  548.4,  580.4,  618.0,  664.0,  710.1,  749.5,  781.9,  806.5,  821.5,  829.0,  834.6,  837.6,  509.1,  527.9,  555.0,  584.4,  612.3,  684.2,  715.2,  742.7,  770.9,  794.7,  650.2,  651.3,  652.3,  653.4,  616.1,  635.2,  656.1,  676.6,  695.0,  542.8,  562.7,  581.3,  602.1,  582.4,  564.2,  700.3,  723.6,  742.5,  761.1,  741.7,  722.5,  594.2,  618.1,  642.6,  660.0,  679.0,  703.4,  725.9,  704.8,  682.7,  662.5,  643.8,  619.1,  605.6,  643.1,  660.6,  679.9,  715.7,  679.5,  660.2,  642.6,  366.3,  415.4,  464.7,  514.5,  564.7,  611.4,  653.0,  684.5,  691.4,  677.7,  642.9,  599.5,  553.4,  504.3,  454.5,  404.4,  353.7,  347.6,  330.4,  324.4,  328.2,  336.6,  331.7,  321.9,  316.3,  318.8,  331.3,  380.3,  414.8,  449.2,  484.8,  498.5,  506.9,  513.7,  504.6,  495.3,  394.1,  393.8,  391.6,  389.7,  396.3,  399.1,  384.2,  385.1,  386.8,  384.8,  390.6,  389.9,  564.6,  554.7,  547.9,  552.0,  546.2,  550.2,  556.3,  585.6,  598.5,  603.4,  602.5,  593.6,  567.2,  565.3,  566.4,  563.2,  560.1,  569.0,  573.3,  572.3,  -69.7,  -70.3,  -69.2,  -64.3,  -54.5,  -40.5,  -25.6,  -9.2,  10.0,  29.9,  48.0,  63.1,  73.8,  79.2,  80.8,  81.8,  82.6,  -51.0,  -42.7,  -31.6,  -20.4,  -10.0,  15.8,  27.2,  37.8,  48.7,  58.3,  3.7,  4.0,  4.3,  4.6,  -8.8,  -1.8,  5.8,  13.3,  20.2,  -37.3,  -29.3,  -22.2,  -14.2,  -21.7,  -28.7,  22.6,  31.2,  38.4,  45.6,  38.0,  30.8,  -17.9,  -8.2,  1.0,  7.3,  14.3,  23.7,  33.3,  24.4,  15.9,  8.3,  1.4,  -7.9,  -13.3,  1.2,  7.7,  14.9,  29.1,  14.6,  7.5,  1.0,  2.7,  23.9,  46.2,  69.3,  91.6,  111.2,  126.0,  135.8,  138.9,  135.5,  123.9,  106.4,  85.7,  63.0,  40.4,  18.7,  -2.6,  -4.8,  -11.3,  -13.3,  -11.6,  -8.4,  -10.1,  -13.8,  -16.1,  -15.3,  -10.8,  7.4,  19.5,  31.4,  43.3,  50.9,  53.5,  55.6,  52.7,  49.8,  13.1,  12.8,  11.9,  11.1,  13.7,  14.8,  9.0,  9.4,  10.0,  9.3,  11.5,  11.2,  79.8,  72.7,  69.1,  70.4,  68.3,  71.0,  76.1,  85.0,  88.7,  90.1,  90.1,  88.1,  80.0,  76.6,  76.7,  75.6,  77.0,  77.3,  78.7,  78.6,  371.0,  377.1,  386.3,  392.4,  391.4,  386.9,  376.2,  366.1,  366.8,  373.3,  383.2,  388.8,  387.7,  382.0,  374.0,  367.8,  365.8,  340.6,  332.8,  325.6,  320.7,  314.8,  312.0,  317.0,  321.7,  325.5,  329.6,  316.8,  312.3,  307.5,  303.4,  321.5,  318.6,  316.5,  318.8,  321.7,  336.0,  332.1,  330.7,  328.3,  329.4,  330.7,  327.3,  327.2,  327.5,  329.3,  326.9,  326.5,  341.4,  327.0,  321.6,  320.8,  321.0,  326.5,  339.2,  329.5,  325.5,  324.1,  325.2,  329.8,  338.0,  326.3,  325.2,  325.8,  336.6,  323.7,  322.8,  324.1,  2.585,  0.284,  0.029,  -0.048,  656.838,  481.914,  -7.980,  3.088,  -13.321,  15.409,  -22.078,  -3.769,  1.739,  -4.394,  -10.718,  -13.754,  -10.620,  -0.543,  3.158,  -6.494,  -0.858,  -4.491,  -10.345,  -1.861,  -4.824,  -9.458,  6.916,  -1.725,  5.379,  -3.867,  -4.564,  5.441,  1.830,  -0.422,  0.260,  -0.037,  0.790,  -0.316,  0.501,  -0.164, 0.31, 0.00, 0.55, 0.00, 0.00, 0.00, 0.04, 0.08, 0.29, 0.17, 0.00, 0.00, 0.00, 0.00, 1.43, 1.65, 0.38, 0.00, 0.00, 1.00, 0.00, 0.00, 0.00, 0.00, 0.00, 0.00, 1.00, 0.00, 0.00, 0.00, 0.00, 1.00, 1.00, 0.00, 1.00
61,  0,  2.002,  0.98,  1,  0.105226,  0.494869,  -0.862573,  -0.183475,  0.536719,  -0.823571,  -0.046,  0.549,  562.8,  567.7,  579.7,  591.9,  597.1,  593.3,  580.1,  568.0,  550.9,  558.8,  567.1,  576.2,  586.9,  598.8,  609.6,  600.4,  588.3,  576.0,  565.5,  557.2,  575.2,  580.8,  586.3,  588.6,  586.2,  580.6,  575.1,  572.8,  712.8,  717.4,  729.8,  742.9,  748.9,  744.3,  731.9,  717.9,  705.7,  716.2,  727.7,  738.8,  747.9,  755.6,  763.2,  757.0,  749.5,  739.9,  727.7,  715.6,  724.6,  730.9,  736.9,  739.1,  736.2,  729.9,  723.9,  721.7,  402.0,  388.8,  382.7,  387.3,  400.0,  414.2,  419.3,  414.7,  398.6,  399.8,  400.4,  400.1,  398.1,  395.8,  393.2,  398.1,  400.0,  401.4,  401.6,  400.8,  407.7,  409.8,  407.0,  401.0,  395.2,  393.1,  395.9,  401.9,  394.5,  381.1,  375.4,  380.7,  393.8,  407.1,  412.8,  408.7,  387.1,  388.6,  390.5,  392.2,  392.0,  390.5,  388.9,  391.2,  392.7,  393.5,  392.8,  391.4,  401.1,  403.7,  400.9,  394.5,  388.2,  385.7,  388.4,  394.8,  -29.8,  -28.0,  -23.2,  -18.4,  -16.4,  -17.8,  -22.9,  -27.7,  -34.9,  -31.4,  -28.0,  -24.3,  -20.2,  -15.7,  -11.6,  -15.0,  -19.6,  -24.3,  -28.5,  -32.0,  -25.0,  -22.8,  -20.6,  -19.8,  -20.7,  -22.9,  -25.1,  -25.9,  27.8,  29.6,  34.5,  39.6,  41.9,  40.0,  35.1,  29.7,  25.0,  28.9,  33.3,  37.6,  41.3,  44.6,  48.0,  45.1,  41.8,  37.9,  33.2,  28.7,  32.4,  34.8,  37.2,  38.1,  37.0,  34.6,  32.2,  31.3,  16.2,  11.1,  8.8,  10.5,  15.3,  20.7,  22.7,  21.0,  15.1,  15.4,  15.5,  15.3,  14.5,  13.6,  12.7,  14.5,  15.2,  15.7,  15.9,  15.8,  18.4,  19.2,  18.1,  15.7,  13.5,  12.8,  13.9,  16.2,  13.1,  8.1,  5.9,  8.0,  13.0,  18.0,  20.1,  18.5,  10.3,  10.8,  11.6,  12.3,  12.2,  11.8,  11.3,  12.0,  12.5,  12.7,  12.4,  11.9,  15.8,  16.7,  15.7,  13.3,  10.9,  9.9,  10.9,  13.4,  338.2,  338.3,  337.2,  335.5,  334.1,  334.1,  335.1,  336.8,  342.7,  338.8,  335.9,  334.0,  333.2,  333.5,  334.6,  332.9,  331.9,  332.6,  335.1,  338.6,  337.3,  336.5,  336.0,  336.1,  336.7,  337.5,  338.0,  338.0,  333.8,  335.1,  336.4,  337.0,  336.5,  335.3,  333.9,  333.5,  333.3,  332.3,  332.1,  333.0,  334.7,  337.4,  341.2,  337.6,  334.3,  331.7,  330.9,  331.8,  335.2,  335.5,  336.2,  336.8,  337.0,  336.7,  336.1,  335.4,  8.2,  48.0,  333.6,  0.121,  0.028,  -0.050,  477.8,  478.9,  485.2,  498.7,  520.7,  551.7,  584.7,  623.2,  669.5,  715.4,  754.3,  785.9,  809.9,  824.6,  832.1,  837.9,  840.8,  513.5,  532.9,  560.3,  589.9,  618.2,  690.0,  720.9,  748.3,  776.3,  799.8,  656.0,  657.5,  658.8,  660.2,  622.1,  641.3,  662.5,  682.9,  701.1,  547.9,  568.0,  586.6,  607.4,  587.7,  569.5,  705.2,  728.5,  747.4,  765.9,  746.5,  727.3,  599.8,  624.3,  648.9,  666.4,  685.3,  709.4,  731.3,  710.8,  689.2,  669.0,  650.3,  625.4,  611.4,  649.3,  666.9,  686.2,  721.1,  685.8,  666.7,  649.1,  367.1,  416.5,  466.2,  516.5,  567.3,  614.3,  656.3,  687.9,  694.4,  680.1,  644.8,  601.0,  554.9,  505.9,  456.4,  406.3,  355.4,  351.8,  334.7,  328.7,  332.7,  341.1,  336.0,  325.9,  320.0,  322.2,  334.7,  384.6,  419.1,  453.5,  489.2,  502.8,  511.1,  518.0,  508.7,  499.2,  398.6,  398.6,  396.3,  394.0,  400.8,  403.7,  388.0,  389.2,  390.8,  388.4,  394.4,  393.7,  568.9,  559.1,  552.3,  556.4,  550.4,  554.3,  560.0,  589.5,  602.6,  607.7,  606.9,  598.1,  571.5,  569.8,  570.8,  567.4,  563.8,  572.9,  577.3,  576.4,  -68.3,  -69.1,  -68.0,  -63.2,  -53.3,  -39.0,  -23.7,  -7.0,  12.4,  32.2,  50.2,  65.0,  75.4,  80.7,  82.1,  83.1,  83.9,  -48.8,  -40.4,  -29.4,  -18.2,  -7.8,  17.7,  29.2,  39.7,  50.6,  60.2,  5.8,  6.2,  6.6,  7.0,  -6.6,  0.5,  8.1,  15.6,  22.4,  -35.1,  -27.1,  -20.1,  -12.1,  -19.6,  -26.5,  24.3,  33.0,  40.1,  47.3,  39.7,  32.5,  -15.6,  -5.9,  3.3,  9.6,  16.6,  25.8,  35.4,  26.6,  18.3,  10.7,  3.8,  -5.5,  -11.0,  3.5,  10.0,  17.2,  31.2,  16.9,  9.8,  3.4,  3.0,  24.2,  46.7,  70.0,  92.5,  112.3,  127.3,  137.2,  140.3,  136.8,  125.0,  107.3,  86.5,  63.8,  41.2,  19.5,  -1.9,  -3.2,  -9.5,  -11.5,  -9.9,  -6.7,  -8.5,  -12.3,  -14.7,  -14.0,  -9.5,  8.9,  21.0,  32.8,  44.6,  52.3,  54.9,  57.0,  54.0,  51.1,  14.7,  14.5,  13.6,  12.7,  15.2,  16.4,  10.4,  10.9,  11.5,  10.7,  12.8,  12.5,  81.2,  74.1,  70.5,  71.8,  69.7,  72.4,  77.5,  86.3,  90.1,  91.6,  91.6,  89.5,  81.4,  78.0,  78.2,  77.1,  78.4,  78.6,  80.0,  79.9,  368.6,  375.1,  384.7,  391.2,  390.5,  386.4,  375.8,  366.0,  367.1,  373.9,  384.1,  389.6,  388.4,  382.4,  374.0,  367.5,  365.5,  337.5,  329.8,  322.8,  318.2,  312.6,  310.1,  315.6,  320.7,  325.0,  329.4,  315.3,  311.0,  306.3,  302.4,  320.3,  317.7,  315.7,  318.1,  321.2,  333.6,  329.8,  328.6,  326.4,  327.3,  328.4,  326.3,  326.3,  326.8,  328.8,  326.3,  325.7,  340.2,  325.8,  320.6,  319.9,  320.2,  326.0,  339.0,  329.2,  325.0,  323.5,  324.5,  328.9,  337.0,  325.5,  324.5,  325.2,  336.4,  323.1,  322.0,  323.2,  2.592,  0.298,  0.011,  -0.047,  662.030,  485.558,  -6.459,  5.015,  -13.553,  15.509,  -22.880,  -4.149,  2.380,  -4.044,  -11.050,  -14.284,  -11.221,  -0.461,  2.785,  -6.384,  -0.545,  -3.662,  -10.538,  -1.954,  -4.995,  -9.866,  7.151,  -1.739,  5.491,  -3.934,  -4.771,  5.214,  1.741,  -0.836,  0.306,  -0.053,  0.597,  -0.514,  0.478,  -0.091, 0.26, 0.00, 0.55, 0.00, 0.00, 0.00, 0.01, 0.04, 0.36, 0.14, 0.00, 0.00, 0.00, 0.00, 1.32, 1.60, 0.32, 0.00, 0.00, 1.00, 0.00, 0.00, 0.00, 0.00, 0.00, 0.00, 1.00, 0.00, 0.00, 0.00, 0.00, 1.00, 1.00, 0.00, 1.00
62,  0,  2.035,  0.98,  1,  0.100206,  0.498341,  -0.861171,  -0.192503,  0.542116,  -0.817956,  -0.055,  0.555,  564.2,  569.6,  581.9,  593.8,  598.5,  594.1,  580.8,  568.8,  552.9,  560.8,  568.8,  577.6,  588.0,  600.0,  611.1,  601.5,  589.2,  576.9,  566.8,  558.9,  576.3,  581.9,  587.7,  590.2,  588.0,  582.4,  576.6,  574.1,  713.6,  718.0,  730.6,  744.0,  750.4,  746.0,  733.4,  719.0,  706.8,  717.5,  729.3,  740.4,  749.1,  756.6,  764.2,  758.1,  750.8,  741.3,  729.1,  716.9,  725.6,  732.2,  738.3,  740.4,  737.3,  730.7,  724.6,  722.5,  405.2,  392.2,  386.2,  390.8,  403.3,  417.4,  422.3,  417.7,  401.0,  402.7,  403.9,  404.0,  402.0,  399.5,  396.4,  401.6,  403.4,  404.6,  404.6,  403.5,  411.3,  413.4,  410.6,  404.5,  398.6,  396.4,  399.3,  405.4,  398.3,  384.9,  379.2,  384.5,  397.8,  411.1,  416.8,  412.7,  391.2,  392.4,  394.4,  396.3,  395.9,  394.3,  392.6,  394.9,  396.4,  397.2,  396.6,  395.3,  405.3,  407.9,  405.1,  398.7,  392.3,  389.7,  392.5,  398.9,  -29.3,  -27.3,  -22.4,  -17.7,  -15.9,  -17.5,  -22.6,  -27.4,  -34.1,  -30.7,  -27.3,  -23.8,  -19.8,  -15.2,  -11.0,  -14.6,  -19.3,  -24.0,  -28.0,  -31.4,  -24.6,  -22.3,  -20.1,  -19.1,  -20.0,  -22.2,  -24.5,  -25.5,  27.7,  29.5,  34.5,  39.6,  42.0,  40.1,  35.1,  29.7,  25.1,  29.1,  33.5,  37.7,  41.2,  44.4,  47.8,  45.0,  41.8,  37.9,  33.3,  28.8,  32.4,  34.9,  37.3,  38.2,  37.0,  34.5,  32.1,  31.2,  17.5,  12.5,  10.1,  11.8,  16.5,  21.9,  23.8,  22.2,  16.1,  16.6,  16.8,  16.8,  16.0,  15.0,  13.9,  15.8,  16.4,  16.9,  17.1,  16.8,  19.8,  20.5,  19.4,  17.1,  14.9,  14.1,  15.2,  17.5,  14.4,  9.4,  7.3,  9.4,  14.4,  19.3,  21.4,  19.8,  11.7,  12.2,  12.9,  13.6,  13.6,  13.1,  12.6,  13.3,  13.7,  13.9,  13.7,  13.2,  17.1,  18.1,  17.1,  14.7,  12.3,  11.3,  12.3,  14.7,  338.4,  339.0,  337.9,  335.8,  333.9,  333.5,  334.5,  336.6,  343.0,  338.8,  335.8,  333.9,  333.0,  333.2,  334.3,  332.5,  331.7,  332.4,  335.1,  338.7,  337.2,  336.2,  335.7,  336.0,  336.9,  337.9,  338.4,  338.1,  329.6,  331.3,  332.9,  333.5,  332.6,  330.9,  329.2,  328.8,  329.0,  328.1,  328.0,  328.8,  330.6,  333.3,  337.1,  333.6,  330.2,  327.5,  326.7,  327.5,  330.8,  331.1,  331.9,  332.8,  333.2,  332.9,  332.1,  331.3,  8.6,  49.1,  333.4,  0.125,  0.034,  -0.049,  479.5,  480.8,  487.2,  500.6,  522.2,  552.7,  584.9,  622.7,  669.5,  716.5,  756.2,  788.4,  812.1,  826.4,  833.7,  839.7,  843.0,  514.7,  533.9,  561.4,  591.4,  620.0,  690.9,  722.2,  750.1,  778.5,  801.8,  657.5,  658.5,  659.5,  660.6,  622.3,  641.7,  663.0,  683.8,  702.2,  549.3,  569.5,  587.9,  608.7,  589.0,  570.9,  706.4,  729.9,  748.6,  767.3,  747.6,  728.5,  600.3,  624.8,  649.5,  666.8,  685.6,  709.8,  732.3,  711.2,  689.4,  669.3,  650.8,  625.8,  611.8,  650.1,  667.4,  686.6,  722.0,  686.3,  667.2,  649.8,  368.5,  418.4,  468.6,  518.9,  569.5,  616.0,  657.5,  689.0,  695.9,  681.7,  646.1,  601.9,  555.7,  507.1,  458.3,  408.9,  358.5,  354.5,  337.4,  331.5,  335.7,  344.9,  340.0,  329.6,  323.3,  325.3,  337.9,  388.4,  422.7,  457.1,  492.5,  505.9,  514.4,  521.4,  512.1,  502.4,  401.5,  402.1,  399.9,  397.4,  404.0,  406.8,  391.7,  393.2,  394.8,  392.2,  398.2,  397.4,  572.1,  562.6,  556.1,  560.2,  554.4,  558.1,  563.3,  592.8,  606.0,  611.0,  610.2,  601.3,  574.7,  573.3,  574.4,  571.2,  567.2,  576.6,  581.0,  580.1,  -67.7,  -68.3,  -67.2,  -62.4,  -52.6,  -38.6,  -23.7,  -7.2,  12.4,  32.6,  51.0,  66.0,  76.3,  81.2,  82.6,  83.8,  84.8,  -48.4,  -40.0,  -28.9,  -17.6,  -7.1,  18.0,  29.6,  40.3,  51.4,  61.0,  6.3,  6.6,  6.8,  7.1,  -6.5,  0.6,  8.3,  15.9,  22.8,  -34.6,  -26.5,  -19.5,  -11.6,  -19.1,  -25.9,  24.7,  33.5,  40.5,  47.8,  40.1,  32.9,  -15.4,  -5.7,  3.5,  9.8,  16.7,  26.0,  35.8,  26.8,  18.3,  10.8,  4.0,  -5.3,  -10.9,  3.7,  10.2,  17.3,  31.5,  17.1,  10.0,  3.6,  3.6,  25.1,  47.8,  71.1,  93.6,  113.3,  128.0,  137.8,  140.9,  137.4,  125.5,  107.6,  86.7,  64.1,  41.9,  20.5,  -0.6,  -2.1,  -8.5,  -10.5,  -8.8,  -5.4,  -7.1,  -10.9,  -13.4,  -12.9,  -8.3,  10.2,  22.3,  33.9,  45.7,  53.4,  56.0,  58.1,  55.2,  52.2,  15.8,  15.8,  15.0,  13.9,  16.4,  17.5,  11.8,  12.4,  13.0,  12.1,  14.2,  13.9,  82.5,  75.4,  71.8,  73.1,  71.1,  73.8,  78.8,  87.5,  91.3,  92.7,  92.7,  90.7,  82.7,  79.3,  79.4,  78.4,  79.7,  79.9,  81.2,  81.2,  369.2,  375.5,  385.0,  391.5,  391.0,  387.1,  376.6,  366.5,  367.1,  373.6,  383.7,  389.2,  387.7,  381.4,  373.1,  367.1,  365.7,  337.7,  329.7,  322.3,  317.4,  311.6,  309.0,  314.7,  320.0,  324.8,  329.6,  314.6,  310.4,  305.7,  301.8,  320.0,  317.3,  315.2,  317.6,  320.7,  333.5,  329.6,  328.3,  326.1,  327.0,  328.1,  325.8,  325.9,  326.4,  328.4,  325.7,  325.2,  340.5,  325.8,  320.3,  319.6,  319.9,  325.8,  339.1,  328.9,  324.6,  323.2,  324.2,  329.0,  337.2,  325.2,  324.2,  324.9,  336.5,  322.6,  321.6,  322.9,  2.594,  0.304,  0.017,  -0.046,  663.105,  488.579,  -4.510,  5.772,  -13.106,  15.788,  -22.002,  -4.899,  1.306,  -5.041,  -11.226,  -12.828,  -11.172,  0.170,  2.058,  -6.137,  -0.336,  -3.155,  -10.040,  -2.480,  -5.412,  -9.807,  7.937,  -1.690,  5.790,  -4.208,  -4.470,  5.432,  1.516,  -0.737,  0.283,  0.110,  0.591,  -0.642,  0.514,  -0.031, 0.15, 0.00, 0.48, 0.00, 0.00, 0.00, 0.00, 0.00, 0.30, 0.10, 0.00, 0.05, 0.00, 0.00, 1.07, 1.27, 0.31, 0.00, 0.00, 1.00, 0.00, 0.00, 0.00, 0.00, 0.00, 0.00, 1.00, 0.00, 0.00, 0.00, 0.00, 1.00, 1.00, 0.00, 1.00
63,  0,  2.069,  0.98,  1,  0.071051,  0.489215,  -0.869264,  -0.199172,  0.536920,  -0.819785,  -0.076,  0.546,  563.0,  568.1,  580.0,  591.7,  596.4,  592.3,  579.3,  567.6,  552.0,  560.1,  568.2,  577.0,  587.3,  598.7,  608.9,  600.0,  588.3,  576.4,  566.4,  558.3,  574.9,  580.2,  585.6,  588.0,  585.9,  580.5,  575.1,  572.8,  711.4,  715.7,  728.8,  743.0,  750.1,  745.8,  732.6,  717.4,  704.5,  715.4,  727.7,  739.1,  747.9,  755.5,  763.3,  757.4,  750.0,  740.3,  727.6,  714.9,  724.3,  731.1,  737.4,  739.4,  736.0,  729.2,  723.0,  721.0,  406.4,  393.8,  387.9,  392.1,  404.0,  417.6,  422.4,  418.2,  403.1,  404.1,  404.9,  404.8,  402.8,  400.5,  398.1,  402.7,  404.2,  405.4,  405.6,  404.9,  411.9,  413.8,  411.1,  405.4,  400.0,  398.1,  400.8,  406.5,  400.6,  387.4,  381.8,  387.3,  400.5,  413.7,  419.2,  415.0,  393.9,  394.7,  396.5,  398.5,  398.0,  396.7,  395.6,  397.6,  398.6,  398.9,  398.5,  397.7,  408.0,  410.6,  407.9,  401.6,  395.4,  392.8,  395.4,  401.7,  -31.0,  -29.0,  -24.1,  -19.3,  -17.3,  -18.9,  -24.1,  -28.9,  -35.8,  -32.1,  -28.7,  -25.0,  -20.9,  -16.4,  -12.4,  -15.8,  -20.4,  -25.1,  -29.3,  -32.8,  -26.1,  -23.9,  -21.7,  -20.8,  -21.7,  -23.9,  -26.1,  -27.0,  26.0,  27.8,  32.8,  38.1,  40.5,  38.6,  33.6,  28.0,  23.5,  27.3,  31.8,  36.0,  39.4,  42.6,  46.0,  43.3,  40.1,  36.3,  31.6,  27.1,  30.8,  33.3,  35.7,  36.6,  35.4,  32.9,  30.5,  29.6,  18.7,  13.6,  11.2,  12.9,  17.5,  22.8,  24.8,  23.3,  17.5,  17.7,  17.9,  17.8,  16.9,  16.1,  15.2,  16.9,  17.4,  17.9,  18.1,  18.1,  20.8,  21.5,  20.4,  18.2,  16.0,  15.3,  16.4,  18.7,  14.8,  10.0,  8.1,  10.1,  14.9,  19.6,  21.5,  19.9,  12.3,  12.6,  13.2,  14.0,  13.9,  13.5,  13.3,  13.9,  14.1,  14.1,  13.9,  13.6,  17.5,  18.5,  17.6,  15.3,  13.0,  12.1,  13.0,  15.3,  351.8,  352.7,  351.9,  349.9,  347.9,  347.1,  347.8,  349.8,  355.7,  351.7,  349.0,  347.2,  346.6,  347.1,  348.5,  346.4,  345.3,  345.7,  348.2,  351.7,  350.7,  349.8,  349.4,  349.8,  350.7,  351.6,  352.0,  351.6,  318.6,  321.1,  323.0,  323.3,  321.8,  319.3,  317.3,  317.1,  318.3,  317.4,  317.3,  318.1,  319.7,  322.5,  326.2,  322.8,  319.3,  316.6,  315.9,  316.7,  319.5,  319.7,  320.6,  321.8,  322.6,  322.4,  321.5,  320.3,  7.9,  49.6,  332.6,  0.122,  0.051,  -0.046,  480.1,  481.5,  488.1,  501.4,  522.2,  551.3,  582.1,  618.5,  666.2,  715.1,  756.9,  790.2,  813.7,  827.3,  834.3,  840.3,  844.2,  513.8,  532.4,  559.5,  589.5,  618.2,  688.8,  720.5,  749.0,  777.7,  801.1,  655.4,  655.8,  656.0,  656.4,  619.8,  638.7,  659.6,  680.4,  698.9,  548.7,  568.5,  586.8,  607.4,  587.9,  569.9,  705.0,  728.4,  747.2,  766.0,  746.1,  727.0,  598.0,  622.8,  646.7,  663.3,  681.8,  705.7,  729.5,  706.3,  684.3,  664.6,  647.0,  623.2,  608.8,  647.1,  663.8,  682.7,  719.3,  681.8,  663.1,  646.4,  369.6,  419.7,  469.9,  519.9,  569.9,  615.5,  655.8,  687.1,  694.6,  681.3,  646.2,  602.4,  556.1,  507.8,  459.9,  411.7,  361.8,  355.8,  339.1,  333.2,  337.9,  347.4,  342.6,  332.2,  325.9,  328.1,  340.5,  390.2,  424.8,  459.4,  495.1,  508.6,  517.3,  524.5,  515.7,  506.1,  402.6,  403.0,  400.9,  398.7,  405.3,  408.2,  394.1,  395.3,  397.0,  394.9,  400.9,  399.9,  573.4,  567.1,  562.1,  566.2,  560.7,  563.6,  566.1,  592.4,  603.9,  608.5,  607.5,  599.4,  576.5,  577.6,  579.0,  575.8,  570.1,  577.1,  581.2,  580.1,  -68.2,  -68.5,  -67.1,  -62.1,  -52.7,  -39.2,  -24.9,  -8.9,  10.9,  31.8,  51.0,  66.6,  76.8,  81.5,  82.9,  84.2,  85.8,  -49.1,  -40.8,  -29.7,  -18.3,  -7.7,  17.2,  28.8,  39.8,  51.0,  60.7,  5.5,  5.6,  5.5,  5.6,  -7.4,  -0.5,  7.0,  14.6,  21.5,  -34.9,  -27.0,  -20.0,  -12.1,  -19.5,  -26.3,  24.2,  32.9,  39.9,  47.2,  39.4,  32.3,  -16.3,  -6.4,  2.4,  8.5,  15.3,  24.4,  34.6,  24.8,  16.3,  9.0,  2.6,  -6.3,  -12.0,  2.6,  8.8,  15.8,  30.4,  15.3,  8.4,  2.4,  4.1,  25.8,  48.6,  71.7,  93.8,  113.0,  127.1,  136.5,  139.5,  136.2,  125.0,  107.5,  86.7,  64.3,  42.6,  21.7,  0.8,  -1.6,  -7.9,  -9.9,  -8.0,  -4.5,  -6.1,  -9.9,  -12.4,  -11.8,  -7.3,  10.8,  22.9,  34.5,  46.2,  54.2,  56.8,  59.0,  56.2,  53.3,  16.3,  16.2,  15.4,  14.4,  16.9,  18.1,  12.7,  13.1,  13.8,  13.1,  15.2,  14.8,  83.1,  77.2,  74.0,  75.4,  73.4,  75.8,  79.8,  86.9,  89.9,  91.2,  91.2,  89.7,  83.3,  80.8,  81.0,  80.0,  80.6,  79.6,  80.9,  80.8,  373.2,  378.4,  386.7,  392.2,  391.2,  387.0,  375.9,  365.0,  364.8,  371.0,  382.1,  388.0,  386.8,  380.9,  373.3,  367.9,  367.6,  340.3,  331.4,  323.2,  317.3,  310.4,  307.6,  313.3,  319.0,  324.0,  329.4,  313.6,  308.9,  303.6,  299.0,  319.1,  316.1,  313.6,  315.8,  319.0,  334.6,  330.3,  328.7,  326.5,  327.4,  328.6,  325.2,  325.1,  325.5,  327.7,  324.8,  324.4,  340.5,  326.2,  320.6,  319.9,  320.0,  325.7,  338.6,  327.0,  322.4,  321.1,  322.3,  327.8,  336.8,  324.8,  323.8,  324.4,  335.8,  320.9,  319.9,  321.4,  2.598,  0.298,  0.037,  -0.044,  661.176,  490.331,  3.626,  5.369,  -14.669,  15.887,  -18.769,  -0.960,  -0.245,  -6.867,  -10.245,  -8.622,  -11.410,  0.559,  0.873,  -7.886,  -1.086,  -3.700,  -8.949,  -1.684,  -6.812,  -10.339,  8.747,  -1.190,  5.759,  -4.202,  -3.476,  5.188,  1.215,  -0.503,  0.277,  0.145,  0.814,  -0.328,  0.607,  -0.108, 0.07, 0.00, 0.45, 0.00, 0.00, 0.00, 0.01, 0.00, 0.18, 0.12, 0.00, 0.12, 0.00, 0.00, 0.67, 0.88, 0.35, 0.00, 0.00, 0.00, 0.00, 0.00, 0.00, 0.00, 0.00, 0.00, 1.00, 0.00, 0.00, 0.00, 0.00, 1.00, 1.00, 0.00, 1.00
64,  0,  2.102,  0.98,  1,  0.111582,  0.508184,  -0.853990,  -0.191771,  0.531412,  -0.825121,  -0.048,  0.554,  561.4,  565.4,  576.5,  588.1,  593.5,  590.4,  578.5,  566.8,  547.5,  555.6,  564.2,  573.8,  584.3,  594.5,  603.1,  595.6,  585.0,  573.4,  563.0,  554.4,  572.9,  578.1,  583.1,  584.9,  582.4,  577.2,  572.3,  570.5,  710.1,  714.3,  726.9,  740.5,  747.2,  742.9,  730.3,  715.7,  702.0,  712.8,  724.8,  735.9,  744.8,  752.3,  759.8,  754.4,  747.2,  737.7,  725.1,  712.4,  722.3,  728.9,  734.9,  736.9,  733.7,  727.1,  721.0,  719.0,  406.1,  394.1,  388.5,  392.6,  404.1,  416.9,  421.7,  417.6,  402.7,  404.0,  404.6,  404.3,  402.7,  400.6,  398.2,  401.8,  403.2,  404.2,  404.5,  404.0,  410.8,  412.6,  410.1,  404.8,  399.6,  397.8,  400.3,  405.7,  401.0,  388.2,  383.1,  388.5,  401.4,  414.2,  419.3,  415.1,  394.3,  395.8,  397.7,  399.4,  398.9,  397.7,  396.7,  398.4,  399.2,  399.4,  399.0,  398.2,  408.4,  411.0,  408.5,  402.4,  396.2,  393.5,  396.0,  402.2,  -33.5,  -31.8,  -27.0,  -22.0,  -19.7,  -21.1,  -26.2,  -31.1,  -39.8,  -36.0,  -32.2,  -28.0,  -23.6,  -19.3,  -15.7,  -18.8,  -23.2,  -28.1,  -32.6,  -36.5,  -28.6,  -26.4,  -24.3,  -23.5,  -24.5,  -26.8,  -28.9,  -29.7,  26.0,  27.8,  32.7,  37.9,  40.3,  38.4,  33.5,  28.0,  23.1,  27.0,  31.4,  35.7,  39.2,  42.3,  45.7,  43.1,  40.0,  36.1,  31.4,  26.8,  30.7,  33.2,  35.5,  36.4,  35.3,  32.8,  30.4,  29.5,  19.7,  14.5,  12.1,  13.9,  18.7,  24.2,  26.2,  24.5,  18.4,  18.8,  18.9,  18.7,  18.1,  17.2,  16.3,  17.7,  18.2,  18.6,  18.8,  18.8,  21.7,  22.4,  21.4,  19.1,  16.9,  16.1,  17.2,  19.5,  15.2,  10.6,  8.7,  10.8,  15.6,  20.2,  22.0,  20.4,  12.8,  13.3,  14.0,  14.7,  14.6,  14.2,  14.0,  14.5,  14.6,  14.6,  14.4,  14.1,  18.1,  19.1,  18.2,  15.9,  13.6,  12.6,  13.5,  15.8,  372.7,  372.6,  372.2,  371.7,  371.5,  371.9,  372.0,  372.4,  376.8,  373.6,  371.3,  370.0,  369.8,  370.8,  372.4,  370.3,  368.7,  368.7,  370.5,  373.4,  373.2,  373.0,  372.8,  372.8,  372.9,  373.1,  373.3,  373.3,  325.3,  327.7,  329.7,  330.2,  328.8,  326.4,  324.3,  324.0,  325.3,  324.4,  324.3,  325.2,  327.0,  329.9,  333.8,  330.1,  326.6,  323.8,  322.9,  323.6,  326.4,  326.6,  327.6,  328.8,  329.5,  329.2,  328.2,  327.0,  6.4,  50.1,  333.2,  0.127,  0.078,  -0.044,  481.3,  482.3,  488.4,  501.2,  521.0,  549.0,  578.5,  613.7,  661.2,  711.2,  754.4,  789.3,  814.0,  828.1,  835.0,  840.8,  845.0,  512.0,  529.8,  556.4,  586.0,  614.1,  684.7,  717.3,  746.5,  775.6,  799.2,  650.7,  650.3,  649.7,  649.3,  614.4,  632.8,  653.2,  674.2,  692.9,  545.3,  564.6,  582.6,  602.9,  583.6,  566.0,  702.4,  725.5,  744.2,  762.9,  742.9,  724.0,  593.5,  617.5,  640.9,  656.9,  675.0,  699.2,  724.2,  699.6,  676.9,  657.7,  640.5,  617.4,  603.9,  641.3,  657.5,  675.9,  714.0,  674.5,  656.3,  640.2,  372.6,  421.9,  471.0,  519.8,  569.2,  614.5,  654.7,  686.6,  695.0,  682.1,  647.2,  603.6,  557.2,  508.8,  460.8,  412.8,  363.1,  355.3,  339.2,  333.8,  338.9,  348.5,  344.1,  333.9,  327.7,  330.4,  342.8,  391.1,  425.7,  460.4,  496.3,  509.3,  518.3,  525.6,  517.1,  507.8,  401.9,  402.5,  400.5,  398.3,  404.7,  407.5,  394.6,  396.1,  398.0,  396.2,  401.9,  400.6,  574.1,  568.9,  564.7,  569.0,  563.8,  566.5,  568.5,  594.5,  605.4,  609.5,  608.2,  599.8,  577.4,  579.7,  581.3,  578.4,  572.4,  579.2,  582.9,  581.5,  -67.9,  -68.4,  -67.2,  -62.5,  -53.4,  -40.4,  -26.5,  -11.0,  8.9,  30.1,  49.7,  65.8,  76.5,  81.4,  82.7,  83.8,  85.3,  -50.1,  -42.0,  -31.1,  -19.7,  -9.2,  15.7,  27.6,  38.7,  49.9,  59.5,  3.8,  3.6,  3.4,  3.2,  -9.3,  -2.6,  4.7,  12.4,  19.3,  -36.4,  -28.6,  -21.6,  -13.9,  -21.2,  -27.9,  23.1,  31.7,  38.6,  45.8,  38.1,  31.1,  -18.2,  -8.4,  0.3,  6.2,  12.8,  22.1,  32.6,  22.3,  13.6,  6.5,  0.2,  -8.5,  -14.0,  0.5,  6.5,  13.4,  28.4,  12.7,  6.0,  0.1,  5.4,  26.8,  49.2,  71.9,  93.9,  112.9,  126.9,  136.5,  139.7,  136.3,  125.0,  107.4,  86.7,  64.4,  42.7,  22.0,  1.3,  -1.8,  -7.9,  -9.7,  -7.7,  -4.1,  -5.6,  -9.3,  -11.7,  -10.9,  -6.4,  11.2,  23.2,  34.9,  46.6,  54.5,  57.2,  59.4,  56.7,  53.8,  16.1,  16.1,  15.3,  14.3,  16.8,  17.9,  12.8,  13.4,  14.1,  13.5,  15.5,  15.0,  83.7,  78.3,  75.3,  76.7,  74.8,  77.0,  80.6,  87.8,  90.8,  92.0,  91.9,  90.3,  84.0,  81.9,  82.1,  81.2,  81.5,  80.7,  81.8,  81.7,  374.3,  379.7,  388.1,  393.8,  392.6,  388.2,  376.9,  365.8,  364.9,  370.4,  380.6,  385.9,  384.6,  378.5,  370.9,  365.1,  364.2,  342.7,  333.5,  325.1,  318.7,  311.5,  307.8,  312.8,  317.9,  322.2,  327.3,  313.6,  308.9,  303.7,  299.2,  319.6,  316.4,  313.9,  315.9,  318.7,  336.5,  332.1,  330.2,  327.7,  328.8,  330.4,  324.5,  324.2,  324.2,  326.1,  323.6,  323.5,  342.0,  328.0,  322.0,  321.1,  321.0,  326.3,  338.4,  327.7,  323.7,  322.5,  324.0,  329.6,  338.2,  326.1,  324.9,  325.3,  335.9,  321.9,  321.2,  322.8,  2.595,  0.303,  0.072,  -0.044,  657.260,  491.407,  0.347,  3.129,  -15.601,  15.439,  -17.175,  -0.616,  -1.753,  -9.132,  -8.016,  -7.077,  -9.345,  0.190,  1.565,  -9.413,  -1.534,  -3.640,  -9.231,  -1.751,  -6.999,  -9.642,  8.379,  -1.169,  6.052,  -3.810,  -3.474,  5.369,  0.978,  -0.286,  0.237,  0.419,  0.911,  -0.261,  0.846,  -0.132, 0.01, 0.00, 0.43, 0.00, 0.00, 0.00, 0.05, 0.00, 0.06, 0.10, 0.00, 0.22, 0.00, 0.00, 0.46, 0.64, 0.25, 0.00, 0.00, 0.00, 0.00, 0.00, 0.00, 0.00, 0.00, 0.00, 1.00, 0.00, 0.00, 0.00, 0.00, 1.00, 1.00, 0.00, 1.00
65,  0,  2.135,  0.98,  1,  0.118378,  0.509202,  -0.852467,  -0.203147,  0.511505,  -0.834922,  -0.050,  0.544,  558.5,  562.8,  573.7,  585.0,  590.0,  586.6,  574.8,  563.5,  543.8,  551.5,  560.0,  570.0,  580.7,  590.9,  599.6,  591.8,  581.0,  569.1,  558.8,  550.4,  569.5,  574.7,  579.8,  581.7,  579.4,  574.2,  569.2,  567.2,  705.8,  709.8,  722.6,  736.7,  744.0,  740.1,  727.3,  712.1,  697.3,  708.8,  721.4,  732.5,  741.1,  748.5,  756.1,  751.0,  743.9,  734.2,  721.2,  708.0,  718.8,  725.4,  731.2,  733.0,  729.7,  723.1,  717.3,  715.5,  404.5,  392.9,  387.8,  392.2,  403.5,  415.9,  420.2,  415.8,  401.6,  402.7,  403.3,  402.9,  401.7,  399.7,  397.2,  400.5,  401.7,  402.6,  402.9,  402.7,  409.5,  411.5,  409.2,  403.8,  398.6,  396.6,  399.0,  404.3,  400.2,  388.1,  383.5,  389.1,  401.6,  413.7,  418.3,  414.0,  394.6,  396.1,  398.0,  399.9,  399.2,  398.1,  397.2,  398.8,  399.0,  398.8,  398.6,  398.2,  407.8,  410.3,  408.2,  402.7,  396.9,  394.4,  396.5,  402.0,  -34.7,  -32.8,  -28.1,  -23.3,  -21.2,  -22.7,  -27.7,  -32.5,  -41.5,  -37.8,  -33.9,  -29.6,  -25.0,  -20.8,  -17.2,  -20.4,  -24.9,  -29.9,  -34.4,  -38.2,  -30.0,  -27.8,  -25.6,  -24.8,  -25.8,  -28.0,  -30.2,  -31.0,  23.8,  25.5,  30.4,  35.6,  38.0,  36.3,  31.4,  25.9,  20.7,  24.8,  29.3,  33.5,  36.8,  39.8,  43.2,  40.8,  37.7,  33.9,  29.1,  24.4,  28.6,  31.0,  33.2,  34.0,  32.9,  30.5,  28.2,  27.4,  18.9,  14.0,  11.8,  13.7,  18.5,  23.7,  25.6,  23.7,  17.9,  18.3,  18.4,  18.1,  17.6,  16.8,  15.8,  17.1,  17.5,  17.9,  18.2,  18.2,  21.1,  21.9,  20.9,  18.7,  16.4,  15.6,  16.6,  18.9,  14.5,  10.3,  8.6,  10.7,  15.2,  19.4,  20.9,  19.4,  12.5,  13.0,  13.7,  14.4,  14.3,  14.0,  13.8,  14.3,  14.2,  14.0,  13.8,  13.7,  17.3,  18.3,  17.5,  15.6,  13.5,  12.6,  13.3,  15.3,  372.3,  372.1,  371.7,  371.3,  371.1,  371.6,  371.8,  372.2,  377.3,  373.8,  371.4,  369.8,  369.5,  370.5,  372.1,  370.0,  368.4,  368.6,  370.6,  373.5,  372.9,  372.7,  372.5,  372.4,  372.4,  372.6,  372.8,  372.9,  316.2,  319.4,  321.8,  322.1,  320.1,  316.9,  314.5,  314.2,  316.3,  315.4,  315.4,  316.3,  318.2,  321.3,  325.3,  321.5,  317.6,  314.7,  313.8,  314.5,  317.1,  317.2,  318.4,  319.8,  320.8,  320.6,  319.5,  318.0,  4.7,  50.1,  332.0,  0.123,  0.100,  -0.041,  481.6,  482.3,  488.5,  501.2,  520.3,  547.1,  575.2,  609.1,  656.1,  706.2,  750.3,  786.5,  812.3,  827.4,  834.8,  840.8,  845.2,  509.5,  526.6,  552.7,  581.9,  609.4,  679.8,  712.9,  742.7,  772.4,  796.5,  645.7,  644.7,  643.5,  642.4,  608.3,  626.5,  647.1,  668.5,  687.7,  541.5,  560.7,  578.7,  599.1,  579.6,  562.0,  698.4,  721.8,  740.5,  759.6,  739.2,  720.1,  588.5,  610.8,  634.2,  650.4,  668.9,  694.0,  719.5,  694.5,  671.2,  651.3,  633.8,  610.8,  598.8,  634.8,  651.3,  670.1,  709.2,  668.7,  649.9,  633.6,  374.0,  422.7,  471.2,  519.5,  568.4,  613.9,  654.7,  687.5,  696.9,  684.5,  649.9,  606.0,  559.5,  510.8,  462.6,  414.3,  364.7,  354.4,  338.4,  333.3,  338.5,  348.3,  344.4,  334.5,  328.4,  331.5,  344.5,  390.9,  425.8,  460.6,  496.7,  508.8,  518.0,  525.6,  517.1,  508.0,  400.3,  401.3,  399.4,  397.5,  403.3,  405.9,  394.6,  396.3,  398.4,  396.6,  402.0,  400.6,  574.1,  568.0,  563.4,  568.1,  563.0,  566.6,  570.1,  596.9,  608.2,  612.1,  610.5,  601.2,  577.5,  579.2,  581.1,  578.6,  573.8,  580.6,  584.0,  582.3,  -67.7,  -68.3,  -67.1,  -62.4,  -53.7,  -41.2,  -27.9,  -12.9,  6.7,  27.9,  47.7,  64.2,  75.3,  80.6,  82.0,  83.2,  84.8,  -51.2,  -43.3,  -32.4,  -21.2,  -10.9,  13.9,  25.9,  37.1,  48.4,  58.0,  2.0,  1.7,  1.2,  0.8,  -11.5,  -4.9,  2.5,  10.2,  17.3,  -37.9,  -30.1,  -23.1,  -15.3,  -22.7,  -29.4,  21.5,  30.1,  36.9,  44.2,  36.4,  29.4,  -20.1,  -10.9,  -2.1,  3.8,  10.5,  20.0,  30.5,  20.3,  11.5,  4.2,  -2.3,  -11.0,  -15.9,  -1.9,  4.2,  11.1,  26.4,  10.5,  3.6,  -2.4,  6.0,  27.2,  49.3,  71.7,  93.6,  112.7,  127.0,  136.9,  140.2,  136.8,  125.4,  107.8,  87.1,  64.8,  43.2,  22.5,  1.9,  -2.2,  -8.2,  -9.9,  -7.8,  -4.2,  -5.4,  -9.1,  -11.4,  -10.4,  -5.7,  11.0,  23.1,  34.8,  46.5,  54.1,  56.9,  59.1,  56.4,  53.6,  15.5,  15.7,  14.9,  14.0,  16.3,  17.3,  12.7,  13.4,  14.1,  13.5,  15.4,  14.9,  83.5,  77.6,  74.4,  75.8,  73.8,  76.4,  80.6,  88.2,  91.4,  92.6,  92.5,  90.7,  83.8,  81.3,  81.6,  80.7,  81.5,  80.7,  81.8,  81.7,  373.9,  379.1,  387.6,  393.5,  392.7,  388.5,  377.0,  365.7,  364.1,  368.9,  378.5,  383.4,  382.1,  376.2,  368.5,  362.5,  361.4,  343.2,  333.9,  325.2,  318.5,  311.0,  306.5,  311.0,  315.7,  319.7,  324.4,  312.4,  307.6,  302.4,  297.8,  318.5,  315.1,  312.4,  314.2,  316.8,  336.8,  332.1,  329.9,  326.9,  328.4,  330.3,  322.5,  321.9,  321.7,  323.3,  321.1,  321.2,  341.3,  326.5,  319.9,  318.6,  318.3,  323.5,  335.6,  325.8,  322.2,  321.4,  323.2,  329.1,  337.3,  324.5,  322.9,  323.0,  333.4,  320.1,  319.8,  321.7,  2.606,  0.301,  0.100,  -0.042,  653.074,  491.824,  0.660,  0.527,  -13.724,  17.134,  -18.210,  -2.382,  -1.421,  -9.285,  -8.505,  -7.830,  -7.562,  0.073,  3.122,  -8.771,  -0.976,  -3.891,  -8.747,  -1.835,  -6.270,  -9.854,  8.256,  -1.633,  6.484,  -3.908,  -3.715,  5.188,  1.056,  -0.014,  0.231,  0.503,  0.982,  -0.118,  0.927,  -0.272, 0.01, 0.00, 0.51, 0.00, 0.00, 0.00, 0.16, 0.01, 0.03, 0.11, 0.00, 0.18, 0.02, 0.00, 0.72, 0.90, 0.16, 0.00, 0.00, 0.00, 0.00, 0.00, 0.00, 0.00, 0.00, 0.00, 1.00, 0.00, 0.00, 0.00, 0.00, 1.00, 1.00, 0.00, 1.00
66,  0,  2.169,  0.98,  1,  0.109688,  0.486298,  -0.866881,  -0.204211,  0.491573,  -0.846554,  -0.055,  0.519,  558.0,  562.5,  573.5,  584.7,  589.4,  585.8,  573.9,  562.7,  544.0,  551.5,  559.7,  569.3,  579.9,  590.4,  599.6,  591.4,  580.1,  568.2,  558.0,  550.0,  568.8,  574.1,  579.4,  581.5,  579.3,  574.0,  568.7,  566.6,  705.5,  709.9,  722.1,  735.0,  740.9,  736.5,  724.3,  710.5,  696.1,  707.2,  719.5,  730.2,  739.0,  747.0,  754.8,  749.7,  741.7,  731.2,  718.4,  705.5,  718.0,  723.2,  728.1,  729.9,  727.5,  722.3,  717.4,  715.6,  402.7,  391.3,  386.2,  390.3,  401.3,  413.6,  417.9,  413.7,  401.1,  401.4,  401.3,  401.0,  400.0,  398.5,  396.2,  399.3,  399.8,  400.6,  401.3,  401.7,  408.1,  410.1,  407.6,  402.2,  397.0,  395.0,  397.5,  402.9,  398.6,  387.2,  382.9,  388.2,  400.1,  411.6,  415.9,  411.7,  392.9,  395.3,  397.2,  398.7,  398.4,  397.8,  397.1,  398.3,  398.2,  397.6,  397.1,  396.8,  405.1,  407.3,  405.5,  400.9,  396.1,  393.9,  395.6,  400.3,  -34.4,  -32.6,  -27.9,  -23.1,  -21.1,  -22.6,  -27.5,  -32.3,  -40.9,  -37.3,  -33.6,  -29.4,  -25.0,  -20.7,  -16.9,  -20.2,  -24.8,  -29.8,  -34.2,  -37.9,  -29.8,  -27.6,  -25.4,  -24.5,  -25.5,  -27.7,  -29.9,  -30.8,  25.0,  26.9,  31.8,  36.8,  38.9,  36.9,  32.1,  26.8,  21.5,  25.7,  30.3,  34.5,  38.1,  41.5,  45.1,  42.5,  39.0,  34.7,  29.7,  24.9,  29.9,  31.9,  33.9,  34.7,  33.8,  31.8,  29.8,  29.0,  17.9,  13.2,  11.0,  12.7,  17.2,  22.3,  24.1,  22.4,  17.5,  17.4,  17.3,  17.1,  16.6,  16.1,  15.2,  16.4,  16.5,  16.8,  17.2,  17.6,  20.2,  21.0,  19.9,  17.7,  15.5,  14.7,  15.8,  18.0,  14.8,  10.5,  8.9,  10.9,  15.5,  19.7,  21.3,  19.7,  12.6,  13.5,  14.2,  14.8,  14.8,  14.6,  14.6,  14.9,  14.6,  14.3,  14.1,  14.0,  17.3,  18.1,  17.5,  15.8,  13.9,  13.1,  13.7,  15.5,  366.9,  367.6,  367.3,  366.2,  364.9,  364.3,  364.4,  365.5,  372.8,  369.0,  366.3,  364.5,  363.9,  364.7,  366.1,  364.0,  362.7,  363.2,  365.3,  368.6,  366.6,  366.1,  365.9,  366.3,  366.9,  367.5,  367.6,  367.2,  334.5,  337.1,  339.0,  339.1,  337.2,  334.6,  332.7,  332.7,  335.4,  334.1,  333.8,  334.5,  336.4,  339.4,  343.4,  339.2,  335.3,  332.7,  332.0,  333.1,  335.4,  335.4,  336.1,  337.2,  338.0,  338.0,  337.2,  336.1,  4.2,  50.0,  331.1,  0.118,  0.111,  -0.041,  482.1,  483.0,  489.5,  502.2,  520.9,  547.1,  574.3,  607.8,  654.5,  704.6,  749.1,  785.8,  812.1,  827.5,  835.1,  841.2,  845.5,  509.0,  525.4,  551.2,  580.3,  607.5,  677.6,  710.8,  740.8,  770.8,  795.1,  643.8,  642.6,  641.1,  639.9,  606.2,  624.3,  644.8,  666.4,  685.8,  541.1,  560.3,  578.3,  598.6,  579.1,  561.4,  696.6,  719.9,  738.6,  757.6,  737.2,  718.1,  587.6,  608.2,  631.7,  648.3,  667.2,  692.7,  717.7,  693.7,  670.4,  650.1,  632.0,  608.7,  598.1,  632.7,  649.4,  668.7,  707.1,  667.6,  648.4,  631.6,  374.8,  422.7,  470.7,  518.8,  568.3,  614.7,  657.2,  691.5,  701.7,  689.1,  653.6,  608.6,  561.4,  512.3,  463.7,  415.3,  365.8,  353.0,  337.0,  332.1,  337.6,  347.7,  344.4,  334.3,  328.2,  331.4,  344.6,  390.7,  425.3,  459.8,  495.6,  507.5,  516.9,  524.5,  516.0,  507.0,  398.7,  399.7,  398.0,  396.3,  401.8,  404.2,  393.4,  395.5,  397.7,  395.9,  401.0,  399.5,  574.5,  566.1,  560.5,  565.4,  560.2,  564.8,  570.8,  599.4,  611.6,  615.6,  613.9,  603.8,  577.6,  577.7,  579.5,  577.2,  574.2,  582.0,  585.5,  583.7,  -67.2,  -67.9,  -66.5,  -61.9,  -53.4,  -41.2,  -28.4,  -13.5,  6.0,  27.2,  47.0,  63.5,  74.7,  80.1,  81.6,  82.7,  84.1,  -51.3,  -43.7,  -32.9,  -21.7,  -11.6,  13.2,  25.1,  36.3,  47.6,  57.2,  1.4,  0.9,  0.4,  -0.0,  -12.3,  -5.6,  1.7,  9.5,  16.6,  -38.0,  -30.2,  -23.2,  -15.4,  -22.8,  -29.6,  20.8,  29.3,  36.1,  43.2,  35.5,  28.6,  -20.4,  -11.8,  -3.0,  3.0,  9.8,  19.3,  29.6,  19.9,  11.2,  3.7,  -3.0,  -11.8,  -16.1,  -2.7,  3.5,  10.6,  25.4,  10.1,  3.0,  -3.1,  6.3,  27.1,  49.0,  71.3,  93.4,  113.0,  128.2,  138.8,  142.3,  138.6,  126.5,  108.3,  87.4,  65.1,  43.4,  22.7,  2.4,  -2.7,  -8.8,  -10.3,  -8.1,  -4.4,  -5.5,  -9.1,  -11.4,  -10.4,  -5.7,  10.9,  22.9,  34.5,  46.1,  53.6,  56.4,  58.7,  55.9,  53.1,  14.9,  15.0,  14.3,  13.5,  15.7,  16.7,  12.3,  13.0,  13.8,  13.2,  15.0,  14.5,  83.4,  76.5,  72.9,  74.3,  72.3,  75.2,  80.4,  88.9,  92.5,  93.9,  93.8,  91.6,  83.6,  80.4,  80.6,  79.8,  81.2,  81.0,  82.3,  82.1,  372.5,  378.1,  386.8,  393.0,  392.5,  388.4,  377.5,  366.3,  364.4,  368.6,  376.9,  381.3,  379.8,  373.8,  365.9,  359.7,  358.1,  342.7,  333.3,  324.5,  318.2,  311.3,  306.5,  310.5,  314.8,  318.5,  322.6,  312.0,  307.3,  302.3,  297.8,  318.1,  314.6,  312.0,  313.7,  316.1,  336.1,  331.3,  329.1,  326.1,  327.7,  329.6,  321.6,  320.6,  320.4,  321.7,  319.7,  319.9,  340.4,  324.9,  318.1,  316.6,  316.1,  321.2,  333.5,  324.8,  321.7,  321.3,  323.1,  328.6,  336.4,  323.3,  321.4,  321.3,  331.6,  319.3,  319.2,  321.2,  2.613,  0.299,  0.114,  -0.042,  651.830,  491.905,  -3.128,  0.195,  -12.021,  18.713,  -21.404,  -5.601,  0.212,  -8.922,  -8.345,  -9.742,  -6.829,  0.285,  3.719,  -7.441,  0.821,  -4.797,  -8.674,  -2.453,  -4.825,  -9.933,  7.823,  -2.752,  6.459,  -4.083,  -3.782,  5.518,  1.171,  -0.133,  0.663,  0.315,  1.092,  0.007,  1.012,  -0.449, 0.00, 0.00, 0.52, 0.00, 0.00, 0.00, 0.29, 0.01, 0.01, 0.17, 0.00, 0.11, 0.12, 0.00, 1.26, 1.35, 0.01, 0.00, 0.00, 0.00, 0.00, 0.00, 0.00, 0.00, 0.00, 0.00, 1.00, 0.00, 0.00, 0.00, 0.00, 1.00, 0.00, 0.00, 1.00
67,  0,  2.202,  0.98,  1,  0.116871,  0.466809,  -0.876601,  -0.198604,  0.469035,  -0.860559,  -0.047,  0.494,  560.3,  565.2,  576.7,  588.2,  592.9,  589.0,  576.5,  565.0,  546.1,  553.9,  562.3,  572.0,  582.6,  593.4,  603.0,  594.8,  583.2,  570.9,  560.3,  552.0,  571.4,  576.9,  582.4,  584.7,  582.5,  577.0,  571.5,  569.2,  707.6,  711.9,  724.5,  738.1,  744.7,  740.4,  727.7,  713.1,  698.1,  709.4,  722.1,  733.1,  741.9,  750.0,  758.1,  752.8,  744.7,  734.1,  720.9,  707.8,  720.9,  726.2,  731.3,  733.0,  730.4,  725.1,  720.0,  718.3,  401.7,  390.4,  385.2,  389.2,  400.0,  412.4,  416.5,  412.5,  400.5,  400.2,  399.9,  399.7,  399.0,  398.0,  396.3,  399.1,  399.2,  399.6,  400.3,  400.9,  407.3,  409.2,  406.7,  401.4,  396.2,  394.3,  396.7,  402.1,  396.9,  385.7,  381.5,  386.8,  398.5,  409.7,  413.9,  409.8,  392.3,  394.1,  395.8,  397.4,  397.0,  396.5,  396.1,  397.2,  396.7,  396.0,  395.7,  395.7,  403.5,  405.6,  404.0,  399.5,  394.9,  392.8,  394.4,  398.9,  -32.4,  -30.6,  -25.8,  -21.1,  -19.0,  -20.6,  -25.6,  -30.3,  -38.8,  -35.3,  -31.6,  -27.5,  -23.2,  -18.8,  -15.0,  -18.3,  -22.9,  -27.8,  -32.3,  -36.0,  -27.8,  -25.6,  -23.4,  -22.5,  -23.4,  -25.7,  -27.9,  -28.8,  25.1,  26.9,  31.9,  37.0,  39.2,  37.2,  32.3,  26.9,  21.6,  25.7,  30.4,  34.5,  38.0,  41.4,  44.9,  42.4,  38.9,  34.6,  29.8,  25.0,  30.1,  32.0,  34.0,  34.8,  33.9,  31.9,  29.9,  29.2,  16.9,  12.4,  10.3,  11.9,  16.2,  21.1,  22.8,  21.2,  16.7,  16.5,  16.2,  16.1,  15.8,  15.4,  14.7,  15.8,  15.7,  16.0,  16.3,  16.7,  19.2,  19.9,  18.9,  16.8,  14.7,  14.0,  15.0,  17.1,  13.7,  9.6,  8.1,  10.1,  14.4,  18.4,  19.8,  18.3,  12.0,  12.6,  13.2,  13.9,  13.8,  13.7,  13.7,  14.0,  13.6,  13.3,  13.1,  13.2,  16.2,  16.9,  16.4,  14.8,  13.1,  12.3,  12.9,  14.5,  355.8,  357.2,  357.3,  356.0,  354.0,  352.7,  352.5,  353.8,  361.9,  358.3,  355.6,  354.0,  353.5,  354.1,  355.5,  353.2,  351.9,  352.2,  354.3,  357.7,  355.3,  354.6,  354.6,  355.3,  356.3,  356.9,  356.9,  356.2,  324.6,  327.8,  329.9,  329.7,  327.3,  324.1,  322.0,  322.2,  325.3,  324.0,  323.6,  324.2,  326.0,  329.0,  332.8,  328.8,  325.0,  322.3,  321.8,  322.9,  325.2,  325.1,  326.0,  327.2,  328.2,  328.3,  327.4,  326.2,  5.4,  49.6,  330.3,  0.108,  0.108,  -0.041,  484.4,  485.3,  491.9,  504.8,  523.8,  550.2,  577.7,  611.5,  657.7,  706.8,  750.5,  787.0,  813.8,  829.7,  837.6,  843.6,  847.5,  511.1,  527.9,  553.8,  582.7,  609.7,  680.4,  713.3,  743.2,  773.2,  797.9,  646.5,  645.5,  644.3,  643.4,  609.3,  627.6,  648.3,  669.8,  689.3,  543.4,  562.7,  581.1,  601.8,  582.0,  563.9,  698.9,  722.3,  741.4,  760.8,  740.3,  720.7,  591.1,  611.9,  635.6,  652.1,  670.7,  696.2,  721.2,  697.5,  674.4,  654.3,  636.3,  612.7,  601.8,  636.6,  653.2,  672.2,  710.5,  671.3,  652.3,  635.7,  373.9,  422.3,  471.0,  519.6,  569.2,  615.6,  657.9,  691.8,  701.8,  689.7,  655.3,  610.7,  563.7,  514.0,  464.3,  414.7,  364.3,  352.1,  336.1,  331.3,  336.6,  346.4,  343.1,  333.2,  327.3,  330.4,  343.8,  389.4,  424.2,  458.8,  494.7,  506.7,  516.0,  523.5,  514.7,  505.8,  397.9,  398.6,  396.9,  395.7,  401.2,  403.6,  392.5,  394.0,  396.2,  394.5,  399.8,  398.5,  574.1,  564.8,  558.5,  563.3,  558.0,  562.9,  569.6,  598.9,  611.4,  615.3,  613.8,  603.8,  577.0,  576.0,  577.8,  575.4,  573.0,  581.0,  584.4,  582.7,  -66.1,  -66.7,  -65.3,  -60.5,  -52.0,  -39.8,  -26.8,  -11.9,  7.3,  28.1,  47.6,  64.2,  75.6,  81.2,  82.8,  83.8,  85.0,  -50.4,  -42.6,  -32.0,  -20.8,  -10.8,  14.1,  26.0,  37.1,  48.5,  58.2,  2.3,  1.9,  1.5,  1.1,  -11.1,  -4.4,  2.9,  10.7,  17.8,  -37.1,  -29.2,  -22.1,  -14.2,  -21.7,  -28.6,  21.6,  30.1,  37.1,  44.4,  36.6,  29.5,  -19.0,  -10.4,  -1.6,  4.4,  11.1,  20.5,  30.9,  21.2,  12.6,  5.2,  -1.4,  -10.2,  -14.7,  -1.3,  4.8,  11.8,  26.6,  11.4,  4.5,  -1.6,  5.9,  26.8,  48.9,  71.5,  93.6,  113.2,  128.2,  138.5,  142.0,  138.7,  127.2,  109.4,  88.6,  65.9,  43.7,  22.5,  1.8,  -3.1,  -9.1,  -10.6,  -8.5,  -4.8,  -5.9,  -9.5,  -11.8,  -10.8,  -6.0,  10.5,  22.5,  34.1,  45.8,  53.2,  55.9,  58.1,  55.3,  52.6,  14.6,  14.6,  13.9,  13.3,  15.4,  16.4,  11.9,  12.5,  13.2,  12.7,  14.6,  14.1,  83.1,  75.8,  71.8,  73.3,  71.2,  74.2,  79.7,  88.3,  92.0,  93.3,  93.3,  91.2,  83.2,  79.5,  79.7,  78.8,  80.5,  80.3,  81.5,  81.4,  371.5,  377.0,  385.6,  391.7,  391.4,  387.4,  376.5,  365.2,  363.5,  368.0,  376.8,  381.7,  380.6,  374.7,  366.6,  360.1,  358.3,  341.9,  332.7,  324.1,  318.0,  311.1,  306.2,  310.4,  314.7,  318.4,  322.4,  311.8,  307.0,  301.8,  297.2,  317.2,  313.7,  311.0,  312.9,  315.5,  335.7,  330.8,  328.6,  325.6,  327.2,  329.2,  321.2,  320.4,  320.2,  321.6,  319.5,  319.7,  339.5,  323.7,  316.7,  315.3,  314.7,  320.1,  332.8,  323.5,  320.1,  319.7,  321.6,  327.3,  335.5,  322.1,  320.1,  320.1,  330.7,  317.9,  317.8,  319.9,  2.618,  0.291,  0.106,  -0.042,  654.818,  491.252,  -1.914,  -0.977,  -11.271,  19.829,  -22.541,  -5.193,  1.041,  -7.351,  -9.396,  -12.026,  -7.250,  0.412,  3.948,  -7.519,  0.725,  -4.595,  -7.901,  -3.000,  -4.541,  -9.625,  7.902,  -2.753,  6.096,  -3.964,  -4.166,  5.429,  1.340,  -0.085,  0.721,  0.245,  1.246,  -0.004,  0.931,  -0.536, 0.00, 0.00, 0.52, 0.00, 0.00, 0.00, 0.30, 0.02, 0.10, 0.24, 0.00, 0.01, 0.12, 0.00, 1.60, 1.51, 0.03, 0.00, 0.00, 0.00, 0.00, 0.00, 0.00, 0.00, 0.00, 0.00, 1.00, 0.00, 0.00, 0.00, 0.00, 1.00, 0.00, 0.00, 1.00
68,  0,  2.236,  0.98,  1,  0.144575,  0.453039,  -0.879690,  -0.181797,  0.455130,  -0.871669,  -0.021,  0.478,  566.8,  571.4,  582.9,  594.5,  599.4,  595.7,  583.3,  571.7,  551.8,  559.5,  568.1,  577.9,  588.7,  599.4,  608.6,  600.7,  589.0,  576.6,  566.0,  557.6,  578.1,  583.4,  588.7,  590.8,  588.6,  583.3,  578.0,  575.9,  713.0,  717.3,  729.8,  743.2,  749.6,  745.4,  732.9,  718.5,  703.2,  714.1,  726.3,  737.3,  746.5,  754.7,  762.9,  757.5,  749.4,  738.8,  725.7,  712.7,  725.9,  731.5,  736.8,  738.6,  735.9,  730.3,  725.1,  723.2,  401.1,  390.0,  384.9,  388.7,  399.3,  411.4,  415.5,  411.6,  400.8,  399.9,  399.1,  398.7,  398.0,  397.1,  395.6,  398.7,  398.8,  399.5,  400.4,  401.2,  406.4,  408.1,  405.8,  400.7,  395.9,  394.1,  396.5,  401.5,  395.1,  384.6,  380.7,  385.8,  396.8,  407.3,  411.1,  407.3,  390.9,  392.4,  393.8,  395.2,  395.1,  395.1,  395.5,  396.2,  395.3,  394.4,  394.0,  394.2,  401.8,  403.9,  402.3,  397.9,  393.3,  391.1,  392.8,  397.1,  -29.7,  -27.9,  -23.3,  -18.5,  -16.4,  -17.8,  -22.8,  -27.6,  -36.4,  -32.9,  -29.2,  -25.1,  -20.7,  -16.4,  -12.7,  -15.9,  -20.5,  -25.5,  -29.9,  -33.6,  -25.1,  -22.9,  -20.8,  -20.0,  -20.9,  -23.1,  -25.2,  -26.1,  27.3,  29.2,  34.1,  39.2,  41.3,  39.3,  34.4,  29.1,  23.7,  27.6,  32.1,  36.3,  39.9,  43.4,  47.0,  44.4,  40.9,  36.7,  31.7,  27.0,  32.1,  34.2,  36.3,  37.1,  36.2,  34.1,  32.1,  31.2,  16.7,  12.2,  10.1,  11.7,  15.9,  20.7,  22.3,  20.8,  16.8,  16.3,  15.9,  15.6,  15.4,  15.0,  14.5,  15.6,  15.6,  15.9,  16.3,  16.8,  18.8,  19.5,  18.5,  16.5,  14.6,  13.9,  14.8,  16.9,  13.1,  9.3,  7.9,  9.8,  13.8,  17.6,  18.9,  17.5,  11.6,  12.1,  12.6,  13.2,  13.2,  13.3,  13.6,  13.7,  13.2,  12.7,  12.6,  12.7,  15.6,  16.4,  15.8,  14.3,  12.6,  11.8,  12.3,  13.9,  355.0,  356.7,  357.0,  355.8,  353.8,  352.2,  351.7,  352.9,  361.1,  357.8,  355.2,  353.7,  353.3,  354.0,  355.4,  353.0,  351.5,  351.8,  353.8,  357.1,  354.6,  354.0,  354.2,  354.9,  355.9,  356.4,  356.3,  355.5,  326.9,  330.3,  332.4,  332.0,  329.4,  326.0,  323.9,  324.2,  327.9,  326.5,  326.1,  326.6,  328.3,  331.1,  334.8,  330.7,  327.0,  324.5,  324.1,  325.3,  327.2,  327.1,  328.0,  329.4,  330.5,  330.6,  329.7,  328.3,  7.5,  49.3,  331.6,  0.111,  0.097,  -0.045,  487.2,  488.7,  495.7,  508.6,  527.8,  554.7,  582.9,  617.0,  663.4,  712.3,  755.8,  791.5,  817.7,  833.3,  841.2,  847.2,  851.0,  515.5,  533.1,  559.2,  588.3,  615.7,  685.9,  718.6,  748.1,  777.9,  802.5,  652.8,  652.4,  651.8,  651.4,  616.4,  634.9,  655.6,  677.0,  696.2,  549.1,  568.6,  587.0,  607.5,  587.8,  569.6,  703.9,  727.0,  746.0,  765.3,  745.0,  725.7,  595.9,  618.0,  642.3,  659.3,  678.6,  703.9,  728.7,  704.9,  681.6,  660.9,  642.4,  618.4,  606.6,  642.9,  660.1,  679.8,  718.3,  678.8,  659.2,  642.0,  373.1,  422.2,  471.4,  520.3,  569.6,  615.2,  656.4,  689.4,  698.8,  686.9,  652.6,  608.5,  561.5,  512.0,  462.6,  413.3,  362.8,  352.6,  336.7,  331.6,  336.4,  345.7,  341.7,  331.9,  326.1,  329.1,  341.9,  388.3,  423.2,  458.0,  493.9,  506.1,  515.3,  522.8,  514.1,  505.0,  398.0,  397.9,  396.1,  395.2,  400.9,  403.5,  391.5,  392.2,  394.2,  393.0,  398.4,  397.2,  571.9,  563.4,  557.6,  562.3,  557.0,  561.3,  566.9,  595.7,  608.2,  612.3,  610.7,  600.7,  574.9,  574.4,  576.2,  573.6,  570.4,  579.1,  582.7,  580.9,  -65.2,  -65.4,  -63.8,  -58.9,  -50.2,  -37.8,  -24.6,  -9.6,  9.7,  30.4,  50.0,  66.4,  77.6,  83.2,  84.8,  86.0,  87.3,  -48.7,  -40.7,  -30.0,  -18.8,  -8.6,  16.2,  28.1,  39.1,  50.6,  60.4,  4.6,  4.4,  4.1,  3.9,  -8.6,  -1.8,  5.6,  13.3,  20.3,  -34.9,  -27.0,  -19.9,  -12.1,  -19.5,  -26.5,  23.6,  32.0,  39.0,  46.3,  38.6,  31.5,  -17.2,  -8.2,  0.8,  7.0,  14.0,  23.6,  34.0,  24.1,  15.3,  7.7,  0.9,  -8.1,  -12.9,  1.1,  7.4,  14.7,  29.8,  14.2,  7.0,  0.7,  5.6,  26.9,  49.2,  71.9,  93.8,  113.0,  127.6,  137.5,  140.8,  137.6,  126.4,  108.8,  88.0,  65.4,  43.2,  22.1,  1.2,  -2.9,  -8.9,  -10.5,  -8.6,  -5.1,  -6.4,  -10.0,  -12.3,  -11.3,  -6.7,  10.1,  22.3,  33.9,  45.7,  53.2,  55.9,  58.1,  55.3,  52.5,  14.6,  14.4,  13.6,  13.1,  15.3,  16.4,  11.6,  11.9,  12.6,  12.2,  14.1,  13.7,  82.6,  75.7,  72.0,  73.4,  71.4,  74.2,  79.3,  87.7,  91.2,  92.6,  92.5,  90.5,  82.9,  79.3,  79.5,  78.6,  80.1,  80.1,  81.3,  81.2,  373.3,  378.5,  386.6,  392.3,  391.5,  387.4,  376.6,  365.2,  363.7,  368.3,  377.9,  383.2,  382.2,  376.7,  369.0,  363.1,  361.9,  342.4,  333.2,  324.8,  318.6,  311.6,  307.6,  312.2,  316.9,  320.9,  325.1,  312.9,  308.2,  303.1,  298.6,  318.7,  315.1,  312.3,  314.2,  316.9,  335.8,  331.0,  329.1,  326.4,  327.6,  329.4,  322.9,  322.2,  322.1,  323.6,  321.4,  321.5,  341.1,  325.7,  319.0,  317.6,  317.1,  322.6,  335.2,  325.4,  321.6,  321.0,  322.9,  328.8,  337.3,  323.8,  322.0,  322.0,  333.1,  319.7,  319.5,  321.5,  2.607,  0.289,  0.088,  -0.044,  660.503,  489.936,  -2.444,  0.400,  -10.335,  17.621,  -20.449,  -2.576,  1.365,  -7.622,  -8.924,  -9.630,  -8.488,  1.005,  3.237,  -6.634,  0.304,  -4.129,  -7.049,  -2.892,  -5.088,  -10.339,  7.741,  -2.253,  5.782,  -3.714,  -4.059,  5.462,  1.185,  -0.026,  0.833,  0.054,  1.245,  -0.027,  0.901,  -0.413, 0.03, 0.00, 0.50, 0.00, 0.00, 0.00, 0.23, 0.02, 0.16, 0.27, 0.00, 0.00, 0.10, 0.00, 1.59, 1.36, 0.03, 0.00, 0.00, 0.00, 0.00, 0.00, 0.00, 0.00, 0.00, 0.00, 1.00, 0.00, 0.00, 0.00, 0.00, 1.00, 0.00, 0.00, 1.00
69,  0,  2.269,  0.98,  1,  0.142946,  0.423032,  -0.894768,  -0.170954,  0.437529,  -0.882804,  -0.016,  0.451,  573.4,  577.6,  588.5,  599.8,  604.7,  601.4,  589.6,  578.4,  557.8,  565.7,  574.4,  584.2,  594.7,  605.0,  613.7,  606.4,  595.2,  583.5,  573.0,  564.3,  584.3,  589.4,  594.5,  596.4,  594.1,  589.0,  584.0,  582.0,  719.7,  723.8,  736.2,  749.5,  755.9,  751.7,  739.4,  725.2,  709.6,  720.1,  732.1,  743.2,  752.5,  760.7,  768.8,  763.5,  755.4,  744.8,  731.7,  718.8,  732.6,  738.0,  743.1,  744.8,  742.2,  736.7,  731.7,  729.9,  400.4,  389.1,  384.0,  388.1,  398.9,  411.2,  415.4,  411.3,  399.4,  398.7,  398.1,  397.6,  397.0,  396.1,  394.6,  400.7,  403.0,  404.5,  404.6,  403.1,  405.5,  407.4,  405.0,  399.8,  394.8,  393.0,  395.3,  400.5,  393.7,  383.3,  379.5,  384.4,  395.2,  405.5,  409.4,  405.7,  389.9,  390.9,  392.0,  393.3,  393.4,  393.6,  394.4,  395.0,  394.1,  393.0,  392.6,  392.9,  400.1,  402.2,  400.6,  396.3,  391.9,  389.9,  391.5,  395.7,  -27.2,  -25.5,  -21.0,  -16.4,  -14.4,  -15.7,  -20.5,  -25.1,  -34.0,  -30.5,  -26.8,  -22.7,  -18.4,  -14.3,  -10.7,  -13.6,  -18.1,  -22.8,  -27.2,  -31.0,  -22.7,  -20.6,  -18.6,  -17.8,  -18.8,  -20.9,  -22.9,  -23.7,  30.0,  31.9,  36.8,  41.9,  44.0,  42.0,  37.1,  31.8,  26.3,  30.2,  34.6,  38.9,  42.6,  46.1,  49.7,  47.1,  43.5,  39.2,  34.3,  29.6,  34.9,  36.9,  39.0,  39.8,  38.9,  36.8,  34.8,  34.0,  16.5,  11.9,  9.8,  11.5,  15.9,  20.8,  22.5,  20.9,  16.3,  15.9,  15.6,  15.3,  15.0,  14.7,  14.1,  16.5,  17.4,  18.0,  18.1,  17.7,  18.6,  19.3,  18.4,  16.3,  14.2,  13.5,  14.4,  16.5,  12.7,  8.9,  7.5,  9.3,  13.4,  17.1,  18.4,  17.1,  11.3,  11.6,  12.0,  12.6,  12.6,  12.8,  13.3,  13.4,  12.8,  12.3,  12.2,  12.4,  15.1,  15.9,  15.3,  13.8,  12.2,  11.4,  12.0,  13.5,  356.9,  357.6,  357.8,  357.1,  356.2,  355.6,  355.3,  355.9,  362.4,  359.1,  356.8,  355.4,  355.1,  356.1,  357.6,  355.3,  353.6,  353.7,  355.5,  358.6,  357.1,  356.8,  356.9,  357.2,  357.7,  358.0,  357.9,  357.6,  329.6,  333.0,  335.2,  334.8,  332.2,  328.7,  326.6,  326.9,  330.8,  329.5,  329.0,  329.5,  331.1,  333.8,  337.3,  333.4,  329.8,  327.3,  326.9,  328.2,  330.0,  329.8,  330.7,  332.1,  333.2,  333.3,  332.5,  331.1,  9.9,  49.3,  335.2,  0.111,  0.091,  -0.046,  491.1,  493.0,  500.1,  512.7,  532.0,  559.5,  588.2,  623.3,  669.5,  718.0,  761.0,  796.2,  821.8,  837.1,  845.0,  851.0,  854.9,  520.6,  539.1,  565.5,  594.5,  622.0,  692.9,  725.2,  754.1,  783.5,  808.1,  659.7,  659.5,  659.1,  659.0,  623.2,  641.8,  662.6,  684.0,  703.1,  555.3,  574.7,  593.6,  613.6,  594.0,  575.4,  710.4,  732.7,  752.0,  770.9,  751.2,  731.8,  601.5,  624.8,  649.0,  666.2,  685.6,  710.6,  735.2,  711.2,  687.8,  667.1,  648.6,  624.7,  612.1,  649.4,  666.8,  686.7,  724.9,  685.3,  665.6,  648.3,  372.9,  421.9,  471.2,  520.3,  569.5,  614.7,  655.2,  687.1,  695.5,  683.5,  649.5,  606.0,  559.6,  510.7,  461.8,  412.8,  362.2,  352.4,  336.5,  331.3,  335.6,  344.3,  340.1,  330.3,  324.8,  327.5,  340.2,  387.6,  422.1,  456.7,  492.2,  505.3,  514.5,  521.8,  513.2,  504.1,  398.5,  397.4,  395.6,  395.6,  401.9,  404.3,  391.0,  390.5,  392.1,  391.8,  397.7,  396.9,  571.3,  562.5,  556.9,  561.4,  556.0,  559.8,  565.2,  592.5,  604.5,  608.7,  607.1,  598.1,  574.0,  573.4,  575.1,  572.2,  568.7,  576.7,  580.4,  578.8,  -64.0,  -64.0,  -62.2,  -57.4,  -48.6,  -35.8,  -22.5,  -7.0,  12.3,  33.0,  52.5,  68.7,  79.8,  85.3,  87.0,  88.2,  89.7,  -46.9,  -38.7,  -27.9,  -16.7,  -6.5,  18.9,  30.9,  41.9,  53.3,  63.2,  7.1,  7.0,  6.7,  6.6,  -6.2,  0.7,  8.2,  16.0,  23.2,  -32.7,  -24.9,  -17.6,  -9.9,  -17.4,  -24.5,  26.3,  34.5,  41.7,  49.1,  41.4,  34.1,  -15.2,  -5.8,  3.3,  9.7,  16.8,  26.4,  37.0,  26.8,  17.8,  10.1,  3.2,  -5.8,  -10.9,  3.5,  10.0,  17.4,  32.8,  16.8,  9.5,  3.1,  5.6,  27.0,  49.4,  72.2,  94.2,  113.4,  127.9,  137.4,  140.2,  136.8,  125.6,  108.2,  87.6,  65.2,  43.2,  22.1,  0.9,  -3.0,  -9.0,  -10.7,  -9.0,  -5.6,  -7.1,  -10.8,  -12.9,  -12.1,  -7.5,  10.0,  22.2,  34.0,  45.9,  53.6,  56.4,  58.6,  55.8,  52.9,  14.9,  14.2,  13.5,  13.4,  15.8,  16.8,  11.6,  11.4,  12.0,  11.9,  14.0,  13.7,  83.3,  76.4,  72.9,  74.2,  72.2,  74.8,  79.7,  87.6,  90.8,  92.2,  92.2,  90.4,  83.5,  80.0,  80.2,  79.2,  80.6,  80.1,  81.4,  81.3,  376.0,  381.1,  388.9,  394.4,  393.4,  389.5,  379.1,  367.7,  365.7,  370.0,  379.5,  384.8,  383.9,  378.6,  371.4,  365.9,  365.2,  344.0,  335.3,  327.3,  321.6,  315.3,  312.0,  316.9,  321.2,  324.9,  329.0,  316.9,  312.6,  307.9,  303.9,  323.1,  319.6,  317.1,  318.9,  321.4,  338.0,  333.5,  331.8,  329.5,  330.4,  332.0,  326.8,  326.0,  326.1,  327.9,  325.6,  325.4,  344.9,  330.1,  323.9,  322.5,  322.1,  327.7,  340.0,  329.6,  325.1,  324.3,  326.3,  332.3,  341.2,  328.1,  326.4,  326.5,  337.8,  323.5,  323.2,  325.2,  2.580,  0.286,  0.077,  -0.044,  666.453,  488.701,  -8.230,  1.830,  -13.058,  13.698,  -18.569,  -1.426,  -0.404,  -8.189,  -8.448,  -7.730,  -9.963,  3.259,  1.563,  -5.486,  0.177,  -2.817,  -6.826,  -2.744,  -4.368,  -9.917,  6.775,  -1.931,  5.004,  -4.146,  -3.818,  6.142,  1.491,  -0.662,  0.996,  0.022,  0.734,  0.043,  0.646,  -0.487, 0.03, 0.00, 0.55, 0.00, 0.00, 0.14, 0.14, 0.02, 0.24, 0.27, 0.00, 0.03, 0.00, 0.00, 1.50, 1.14, 0.03, 0.00, 0.00, 0.00, 0.00, 0.00, 0.00, 0.00, 0.00, 0.00, 1.00, 0.00, 0.00, 0.00, 0.00, 1.00, 0.00, 0.00, 1.00
70,  0,  2.302,  0.98,  1,  0.141144,  0.419645,  -0.896647,  -0.187424,  0.425109,  -0.885525,  -0.026,  0.443,  578.1,  581.9,  592.4,  603.5,  608.6,  605.6,  594.4,  583.3,  561.8,  569.0,  577.8,  588.6,  599.7,  609.3,  616.8,  610.4,  600.0,  588.3,  577.8,  568.7,  588.9,  593.7,  598.3,  599.9,  597.7,  592.9,  588.3,  586.6,  725.6,  730.1,  741.6,  753.4,  758.6,  754.1,  742.5,  729.8,  715.7,  725.1,  736.0,  747.0,  756.9,  765.5,  773.3,  767.6,  759.2,  748.7,  736.1,  724.1,  737.1,  742.0,  746.7,  748.6,  746.5,  741.6,  736.9,  735.0,  397.9,  387.0,  381.8,  385.5,  395.8,  407.3,  411.9,  408.2,  396.4,  395.7,  395.2,  394.0,  392.9,  391.7,  390.6,  397.1,  400.8,  403.0,  402.8,  400.8,  401.4,  403.0,  400.7,  396.0,  391.5,  389.9,  392.1,  396.9,  391.4,  381.0,  377.0,  381.8,  392.6,  403.1,  407.0,  403.3,  388.3,  388.9,  389.2,  389.7,  390.3,  391.3,  393.0,  393.4,  392.5,  391.6,  391.0,  391.2,  397.4,  399.3,  397.7,  393.4,  389.0,  387.0,  388.7,  392.9,  -25.5,  -23.9,  -19.6,  -15.0,  -12.9,  -14.2,  -18.9,  -23.5,  -32.7,  -29.4,  -25.6,  -21.1,  -16.5,  -12.7,  -9.6,  -12.2,  -16.4,  -21.2,  -25.7,  -29.6,  -21.2,  -19.2,  -17.3,  -16.6,  -17.5,  -19.5,  -21.3,  -22.1,  34.0,  36.1,  40.9,  45.6,  47.4,  45.3,  40.5,  35.5,  30.2,  33.8,  38.1,  42.5,  46.7,  50.5,  54.1,  51.2,  47.4,  42.9,  38.0,  33.3,  38.7,  40.6,  42.6,  43.4,  42.7,  40.8,  38.8,  37.9,  15.6,  11.1,  9.0,  10.5,  14.8,  19.6,  21.5,  19.9,  15.2,  14.8,  14.5,  14.0,  13.5,  13.1,  12.7,  15.3,  16.8,  17.6,  17.7,  16.9,  17.1,  17.8,  16.9,  14.9,  13.0,  12.3,  13.3,  15.2,  12.5,  8.4,  6.8,  8.8,  13.0,  17.1,  18.6,  17.1,  11.3,  11.5,  11.6,  11.8,  12.1,  12.6,  13.4,  13.4,  12.9,  12.5,  12.3,  12.4,  14.9,  15.7,  15.0,  13.4,  11.6,  10.8,  11.5,  13.1,  360.7,  359.7,  359.3,  359.9,  361.1,  362.5,  362.4,  361.9,  365.8,  362.7,  360.4,  359.0,  359.2,  360.5,  362.3,  360.9,  359.3,  359.4,  360.9,  363.2,  362.2,  362.4,  362.3,  361.8,  361.3,  361.1,  361.2,  361.7,  348.0,  350.5,  352.0,  351.5,  349.5,  347.0,  345.6,  346.0,  349.5,  348.0,  347.2,  347.7,  349.2,  351.8,  355.2,  351.2,  347.9,  345.8,  345.5,  346.9,  348.4,  348.2,  348.8,  349.8,  350.7,  350.9,  350.3,  349.3,  11.4,  49.2,  337.0,  0.115,  0.100,  -0.043,  495.2,  497.2,  504.3,  516.8,  535.7,  562.9,  591.1,  626.3,  672.4,  720.9,  764.1,  799.6,  825.5,  841.1,  849.0,  855.2,  859.3,  525.0,  543.8,  570.3,  599.2,  626.5,  697.9,  730.4,  758.9,  788.2,  812.8,  664.0,  663.7,  663.2,  662.9,  627.3,  645.6,  666.2,  687.6,  706.8,  559.6,  578.9,  598.1,  617.5,  598.1,  579.4,  715.4,  736.9,  756.4,  775.0,  755.8,  736.4,  605.4,  628.8,  652.9,  669.9,  689.0,  713.9,  738.6,  714.4,  690.8,  670.3,  652.0,  628.4,  616.1,  653.1,  670.4,  689.9,  728.3,  688.4,  669.0,  651.8,  371.9,  421.3,  470.7,  519.8,  569.2,  614.5,  654.6,  686.2,  694.5,  682.9,  649.5,  606.2,  559.7,  510.6,  461.5,  412.3,  361.4,  351.1,  335.3,  330.2,  334.4,  342.9,  339.0,  329.5,  324.4,  327.1,  339.9,  385.5,  420.4,  455.3,  491.2,  503.8,  513.3,  520.8,  512.1,  502.9,  395.9,  393.8,  392.2,  393.0,  399.4,  401.6,  388.9,  387.9,  389.4,  390.1,  395.9,  395.0,  569.9,  561.0,  555.7,  560.3,  555.1,  558.7,  564.6,  591.2,  602.6,  606.5,  604.7,  595.9,  572.6,  572.2,  573.9,  571.1,  568.1,  575.2,  578.6,  576.9,  -62.4,  -62.4,  -60.5,  -55.7,  -47.0,  -34.4,  -21.2,  -5.8,  13.6,  34.2,  53.8,  70.2,  81.4,  87.0,  88.6,  89.7,  91.1,  -45.4,  -37.0,  -26.2,  -15.1,  -4.9,  20.8,  32.9,  43.8,  55.1,  64.9,  8.7,  8.5,  8.2,  8.0,  -4.7,  2.1,  9.6,  17.5,  24.7,  -31.1,  -23.4,  -16.0,  -8.5,  -15.9,  -23.1,  28.3,  36.2,  43.4,  50.7,  43.2,  36.0,  -13.7,  -4.3,  4.8,  11.1,  18.2,  27.9,  38.5,  28.2,  19.0,  11.3,  4.5,  -4.4,  -9.4,  5.0,  11.4,  18.8,  34.2,  18.0,  10.8,  4.4,  5.1,  26.8,  49.4,  72.2,  94.2,  113.5,  128.0,  137.4,  140.0,  136.7,  125.6,  108.3,  87.7,  65.2,  43.0,  21.8,  0.6,  -3.5,  -9.5,  -11.2,  -9.4,  -6.2,  -7.5,  -11.1,  -13.1,  -12.2,  -7.5,  9.3,  21.7,  33.8,  46.0,  53.5,  56.4,  58.7,  55.8,  52.8,  13.9,  12.9,  12.2,  12.5,  15.0,  15.9,  10.8,  10.4,  11.0,  11.3,  13.4,  13.0,  83.2,  76.5,  73.1,  74.5,  72.4,  75.0,  79.9,  87.6,  90.8,  92.0,  91.9,  90.2,  83.4,  80.2,  80.4,  79.3,  80.7,  80.1,  81.4,  81.2,  376.7,  382.1,  390.0,  395.4,  394.2,  390.1,  380.0,  368.6,  366.3,  370.4,  379.6,  384.8,  384.0,  378.5,  371.0,  364.8,  363.4,  345.0,  336.4,  328.8,  323.5,  317.4,  314.3,  318.6,  322.1,  325.1,  328.7,  318.4,  314.6,  310.4,  306.9,  325.3,  321.8,  319.4,  321.0,  323.3,  339.0,  334.8,  333.0,  330.8,  331.7,  333.4,  327.8,  326.7,  326.6,  328.4,  326.3,  326.3,  347.0,  332.8,  326.8,  325.3,  324.8,  330.1,  341.6,  331.7,  327.4,  326.7,  328.7,  334.7,  343.4,  330.7,  328.9,  328.8,  339.4,  325.9,  325.6,  327.7,  2.570,  0.288,  0.086,  -0.042,  670.381,  487.412,  -15.277,  1.440,  -14.971,  11.193,  -17.923,  0.733,  -0.558,  -9.350,  -6.647,  -8.006,  -9.522,  3.344,  1.685,  -5.275,  0.287,  -2.380,  -6.088,  -2.669,  -3.497,  -8.995,  6.469,  -1.951,  4.685,  -4.075,  -3.655,  6.185,  1.108,  -0.498,  0.885,  -0.200,  0.675,  0.072,  0.681,  -0.311, 0.03, 0.00, 0.65, 0.00, 0.00, 0.47, 0.23, 0.04, 0.21, 0.25, 0.00, 0.04, 0.00, 0.00, 1.30, 1.02, 0.00, 0.00, 0.00, 0.00, 0.00, 0.00, 0.00, 0.00, 0.00, 0.00, 1.00, 0.00, 0.00, 0.00, 0.00, 1.00, 0.00, 0.00, 1.00
71,  0,  2.336,  0.98,  1,  0.139612,  0.393193,  -0.908794,  -0.218496,  0.388359,  -0.895230,  -0.044,  0.409,  581.3,  585.2,  595.3,  605.5,  610.0,  606.7,  596.1,  585.8,  563.4,  570.6,  579.6,  590.5,  601.4,  610.4,  617.3,  611.1,  601.8,  590.8,  580.4,  571.1,  591.2,  595.5,  599.8,  601.4,  599.5,  595.2,  591.0,  589.3,  728.9,  733.4,  743.7,  753.6,  757.3,  752.8,  742.6,  732.0,  720.6,  727.3,  736.0,  747.2,  758.7,  768.3,  775.8,  767.9,  758.2,  747.6,  736.4,  726.9,  739.2,  743.2,  747.4,  749.2,  747.7,  743.6,  739.5,  737.6,  393.3,  383.1,  378.3,  381.6,  391.1,  401.7,  406.1,  402.8,  392.4,  391.4,  390.4,  389.0,  388.0,  387.5,  387.8,  392.5,  395.6,  397.5,  397.5,  395.9,  396.0,  397.4,  395.4,  391.1,  387.1,  385.7,  387.7,  392.0,  388.1,  378.7,  375.6,  380.5,  390.6,  400.0,  403.2,  398.7,  385.2,  385.0,  385.4,  386.0,  387.2,  388.2,  389.3,  393.6,  395.4,  395.3,  393.6,  390.4,  392.4,  394.4,  393.1,  389.3,  385.1,  383.1,  384.4,  388.2,  -25.0,  -23.2,  -19.0,  -14.7,  -12.8,  -14.3,  -18.9,  -23.2,  -33.0,  -29.7,  -25.7,  -21.0,  -16.4,  -12.6,  -9.7,  -12.3,  -16.3,  -20.9,  -25.4,  -29.5,  -20.9,  -19.1,  -17.3,  -16.5,  -17.3,  -19.1,  -20.9,  -21.7,  37.3,  39.0,  43.1,  47.3,  49.0,  47.4,  43.2,  38.8,  34.0,  36.6,  40.0,  44.5,  49.5,  53.8,  57.5,  53.8,  49.5,  44.9,  40.3,  36.5,  41.7,  43.4,  45.1,  45.8,  45.1,  43.4,  41.7,  41.0,  14.2,  9.8,  7.7,  9.2,  13.3,  17.9,  19.8,  18.3,  14.0,  13.4,  12.9,  12.3,  11.9,  11.7,  11.9,  13.9,  15.2,  15.9,  16.0,  15.4,  15.4,  16.1,  15.2,  13.3,  11.6,  11.0,  11.8,  13.7,  11.8,  7.8,  6.5,  8.5,  12.8,  16.8,  18.2,  16.3,  10.6,  10.5,  10.6,  10.8,  11.4,  11.9,  12.4,  14.1,  14.8,  14.7,  14.0,  12.8,  13.6,  14.5,  13.9,  12.3,  10.5,  9.7,  10.2,  11.9,  372.8,  371.4,  371.3,  372.6,  374.5,  376.3,  375.9,  374.7,  377.5,  374.3,  372.0,  370.7,  371.3,  373.3,  375.7,  374.0,  372.2,  371.9,  373.0,  375.0,  374.9,  375.4,  375.4,  374.8,  374.0,  373.5,  373.5,  374.1,  367.2,  365.4,  364.2,  364.3,  365.6,  367.4,  368.6,  369.0,  369.1,  366.5,  364.3,  363.4,  364.7,  367.1,  370.6,  368.0,  366.1,  365.1,  365.5,  367.4,  368.1,  368.1,  367.6,  366.9,  366.3,  366.3,  366.8,  367.6,  11.8,  48.9,  338.3,  0.119,  0.125,  -0.039,  499.1,  501.1,  508.2,  520.3,  538.5,  564.9,  592.2,  626.6,  672.3,  720.9,  764.9,  801.3,  827.8,  843.9,  852.3,  858.6,  863.2,  527.5,  546.1,  572.5,  601.2,  628.0,  700.2,  733.2,  762.0,  791.3,  815.2,  665.3,  664.4,  663.2,  662.4,  627.8,  645.6,  665.7,  687.2,  706.5,  561.9,  580.8,  600.2,  618.9,  599.8,  580.8,  717.4,  738.0,  757.7,  776.0,  757.3,  737.8,  605.9,  628.7,  652.5,  669.3,  688.4,  713.7,  738.9,  714.0,  689.8,  669.3,  651.1,  627.9,  616.4,  652.7,  669.8,  689.4,  728.5,  687.7,  668.2,  651.2,  371.1,  420.5,  470.1,  519.1,  568.6,  613.9,  653.7,  685.3,  694.0,  683.2,  650.2,  607.4,  561.2,  512.1,  462.9,  413.8,  362.9,  348.4,  332.7,  327.8,  332.3,  340.9,  338.3,  329.0,  324.3,  327.5,  341.0,  383.4,  418.5,  453.8,  489.9,  502.4,  512.2,  519.8,  511.4,  502.4,  391.6,  388.5,  387.3,  389.9,  396.1,  397.8,  387.3,  385.2,  386.8,  389.0,  394.8,  393.7,  567.7,  559.1,  554.5,  559.5,  554.7,  558.3,  564.6,  590.0,  600.7,  604.1,  601.9,  593.0,  570.4,  571.1,  573.1,  570.7,  567.8,  573.8,  576.8,  574.8,  -61.0,  -61.0,  -59.1,  -54.4,  -45.9,  -33.6,  -20.8,  -5.7,  13.5,  34.2,  53.9,  70.5,  81.8,  87.5,  89.4,  90.4,  91.8,  -44.5,  -36.2,  -25.5,  -14.4,  -4.4,  21.7,  33.9,  44.8,  56.0,  65.5,  9.2,  8.8,  8.3,  7.9,  -4.6,  2.1,  9.4,  17.4,  24.6,  -30.4,  -22.7,  -15.2,  -8.0,  -15.3,  -22.7,  29.0,  36.5,  43.8,  50.9,  43.7,  36.4,  -13.6,  -4.3,  4.7,  11.0,  18.1,  27.9,  38.7,  28.2,  18.7,  11.0,  4.2,  -4.7,  -9.3,  4.8,  11.3,  18.6,  34.4,  17.8,  10.6,  4.2,  4.8,  26.6,  49.4,  72.2,  94.3,  113.5,  128.0,  137.5,  139.9,  136.5,  125.3,  108.1,  87.7,  65.3,  43.3,  22.2,  1.2,  -4.6,  -10.5,  -12.2,  -10.3,  -7.0,  -7.8,  -11.3,  -13.1,  -12.0,  -7.1,  8.5,  21.1,  33.4,  45.8,  53.3,  56.3,  58.6,  55.8,  52.8,  12.3,  10.9,  10.4,  11.3,  13.7,  14.5,  10.2,  9.4,  10.0,  10.8,  12.9,  12.6,  82.9,  76.3,  73.1,  74.6,  72.7,  75.1,  80.0,  87.6,  90.6,  91.7,  91.6,  89.8,  83.1,  80.2,  80.5,  79.6,  80.8,  80.1,  81.2,  81.0,  378.8,  384.5,  392.2,  397.4,  395.5,  391.1,  381.4,  369.9,  366.5,  369.7,  377.7,  382.3,  381.2,  375.7,  368.3,  361.8,  360.0,  346.4,  337.6,  330.1,  324.8,  319.0,  315.4,  318.8,  321.6,  324.0,  327.3,  319.3,  315.7,  312.0,  308.8,  327.2,  323.5,  321.1,  322.3,  324.3,  340.2,  335.9,  333.9,  331.9,  332.9,  334.8,  327.9,  326.1,  325.8,  327.4,  325.7,  326.0,  349.1,  335.1,  328.9,  327.2,  326.5,  331.4,  342.1,  333.1,  329.3,  328.8,  331.1,  337.1,  345.6,  332.7,  330.7,  330.4,  340.1,  327.7,  327.7,  329.9,  2.564,  0.290,  0.118,  -0.038,  671.488,  486.182,  -22.373,  1.890,  -15.812,  8.795,  -15.890,  2.601,  -0.338,  -10.820,  -4.792,  -7.249,  -8.539,  3.842,  1.418,  -5.019,  1.510,  -2.184,  -5.487,  -2.658,  -1.953,  -8.282,  5.477,  -2.431,  4.066,  -3.854,  -3.124,  5.447,  0.188,  -0.401,  0.700,  -0.113,  0.506,  -0.276,  0.540,  0.015, 0.00, 0.00, 0.67, 0.00, 0.00, 0.88, 0.33, 0.06, 0.16, 0.20, 0.00, 0.04, 0.00, 0.00, 1.07, 0.88, 0.00, 0.00, 0.00, 0.00, 0.00, 0.00, 0.00, 0.00, 0.00, 0.00, 1.00, 0.00, 0.00, 0.00, 0.00, 1.00, 0.00, 0.00, 1.00
72,  0,  2.369,  0.98,  1,  0.104012,  0.356784,  -0.928379,  -0.210841,  0.335380,  -0.918186,  -0.058,  0.359,  582.8,  587.0,  596.7,  606.4,  610.3,  606.7,  596.4,  586.7,  565.1,  572.3,  581.7,  593.3,  604.3,  612.1,  617.5,  611.4,  602.4,  591.7,  581.6,  572.5,  592.0,  596.1,  600.2,  602.0,  600.3,  596.2,  592.1,  590.3,  729.2,  733.6,  743.7,  753.4,  757.2,  752.7,  742.7,  732.3,  721.1,  726.8,  734.8,  745.9,  757.5,  767.5,  775.0,  766.8,  757.0,  746.4,  736.0,  727.3,  739.2,  743.4,  747.6,  749.5,  747.9,  743.8,  739.5,  737.6,  386.6,  376.7,  372.3,  375.9,  385.5,  395.9,  399.8,  396.2,  387.1,  384.8,  383.4,  382.0,  381.9,  382.7,  384.6,  388.4,  390.5,  391.6,  391.4,  390.1,  389.9,  391.4,  389.5,  385.3,  381.2,  379.7,  381.6,  385.8,  383.2,  373.9,  370.9,  376.0,  386.3,  395.6,  398.6,  393.9,  384.1,  381.8,  380.8,  381.1,  382.7,  384.3,  386.4,  389.4,  390.7,  390.6,  389.3,  387.3,  387.8,  390.0,  388.7,  384.8,  380.4,  378.2,  379.5,  383.5,  -24.7,  -22.9,  -18.7,  -14.6,  -12.9,  -14.5,  -19.0,  -23.1,  -32.7,  -29.3,  -25.1,  -20.1,  -15.4,  -12.1,  -9.8,  -12.4,  -16.2,  -20.8,  -25.3,  -29.3,  -20.9,  -19.1,  -17.3,  -16.5,  -17.2,  -19.0,  -20.8,  -21.5,  37.8,  39.5,  43.5,  47.6,  49.4,  47.7,  43.6,  39.3,  34.6,  36.7,  39.8,  44.3,  49.3,  53.9,  57.5,  53.7,  49.3,  44.8,  40.5,  37.0,  42.1,  43.9,  45.6,  46.3,  45.6,  43.8,  42.1,  41.4,  11.5,  7.2,  5.3,  6.9,  11.1,  15.6,  17.3,  15.7,  11.8,  10.8,  10.1,  9.5,  9.4,  9.9,  10.8,  12.3,  13.2,  13.6,  13.6,  13.1,  13.0,  13.7,  12.9,  11.0,  9.2,  8.5,  9.4,  11.2,  9.8,  5.9,  4.6,  6.7,  11.1,  15.1,  16.4,  14.4,  10.3,  9.2,  8.7,  8.8,  9.5,  10.3,  11.2,  12.4,  13.0,  12.9,  12.4,  11.6,  11.8,  12.7,  12.2,  10.5,  8.6,  7.7,  8.3,  10.0,  378.1,  377.1,  377.4,  378.8,  380.4,  381.7,  381.0,  379.7,  382.5,  379.3,  377.1,  376.1,  377.4,  379.8,  382.5,  380.5,  378.4,  377.7,  378.5,  380.2,  380.2,  380.8,  380.9,  380.5,  379.9,  379.3,  379.1,  379.5,  370.8,  368.9,  367.5,  367.4,  368.7,  370.6,  372.0,  372.6,  373.3,  370.3,  367.7,  366.3,  367.2,  369.6,  372.8,  370.5,  368.8,  368.3,  369.2,  371.2,  371.6,  371.5,  370.9,  370.1,  369.5,  369.6,  370.2,  371.0,  11.3,  48.2,  338.0,  0.114,  0.156,  -0.029,  502.9,  504.2,  511.1,  522.3,  539.1,  564.3,  590.7,  624.4,  669.3,  717.8,  762.7,  800.5,  828.3,  845.6,  854.7,  861.1,  865.8,  529.3,  547.4,  573.4,  601.6,  627.9,  700.0,  733.0,  762.1,  791.8,  815.8,  664.5,  662.8,  660.8,  659.1,  626.3,  643.2,  662.6,  684.1,  703.3,  563.5,  582.1,  601.9,  620.1,  601.0,  581.6,  716.7,  736.5,  756.6,  775.0,  756.6,  736.8,  604.0,  626.2,  649.6,  665.7,  684.3,  709.8,  736.0,  709.6,  684.8,  664.8,  647.3,  624.7,  614.2,  649.7,  666.2,  685.2,  725.4,  683.0,  664.1,  647.7,  368.4,  418.0,  468.0,  517.4,  567.1,  612.6,  652.4,  683.8,  692.9,  683.2,  651.7,  610.0,  564.3,  515.2,  465.3,  415.4,  363.6,  344.7,  329.1,  324.9,  329.9,  338.8,  337.1,  327.8,  323.4,  327.1,  341.5,  380.3,  416.1,  452.0,  488.8,  500.6,  510.5,  518.2,  510.4,  502.0,  385.8,  381.5,  381.0,  385.7,  391.4,  392.5,  384.4,  380.6,  382.0,  385.9,  391.9,  390.8,  565.2,  557.4,  553.2,  558.4,  554.1,  558.1,  564.6,  589.4,  599.1,  601.7,  599.2,  590.0,  568.1,  569.5,  571.8,  569.9,  567.7,  572.3,  574.7,  572.3,  -59.7,  -59.9,  -57.9,  -53.5,  -45.6,  -33.8,  -21.5,  -6.6,  12.2,  32.6,  52.5,  69.5,  81.4,  87.7,  89.8,  90.7,  92.0,  -44.0,  -35.9,  -25.2,  -14.3,  -4.4,  21.6,  33.8,  44.6,  55.8,  65.2,  9.0,  8.2,  7.4,  6.7,  -5.1,  1.2,  8.3,  16.2,  23.4,  -29.8,  -22.3,  -14.5,  -7.6,  -14.8,  -22.4,  28.7,  35.8,  43.1,  50.1,  43.1,  35.9,  -14.4,  -5.3,  3.6,  9.6,  16.5,  26.4,  37.4,  26.4,  16.8,  9.3,  2.8,  -5.9,  -10.2,  3.7,  9.9,  17.1,  33.1,  16.1,  9.0,  2.9,  3.6,  25.6,  48.6,  71.6,  93.7,  112.9,  127.3,  136.5,  138.7,  135.4,  124.8,  108.2,  88.3,  66.2,  44.0,  22.7,  1.5,  -6.1,  -12.0,  -13.3,  -11.2,  -7.7,  -8.3,  -11.7,  -13.4,  -12.1,  -6.9,  7.4,  20.2,  32.8,  45.4,  52.6,  55.6,  58.0,  55.3,  52.5,  10.1,  8.3,  8.0,  9.7,  12.0,  12.5,  9.1,  7.6,  8.1,  9.6,  11.8,  11.4,  82.1,  75.8,  72.7,  74.2,  72.4,  74.9,  79.7,  87.1,  89.8,  90.7,  90.5,  88.7,  82.4,  79.7,  80.0,  79.1,  80.4,  79.4,  80.3,  80.1,  380.8,  386.2,  393.3,  397.9,  395.8,  391.1,  381.1,  368.8,  364.4,  366.6,  374.3,  378.7,  378.1,  373.2,  366.0,  358.8,  356.4,  347.9,  339.0,  331.5,  326.0,  320.0,  315.6,  318.0,  320.0,  321.7,  324.5,  319.1,  315.6,  311.8,  308.7,  327.4,  323.3,  320.7,  321.8,  323.5,  340.9,  336.4,  334.1,  332.1,  333.2,  335.5,  326.7,  324.2,  323.6,  324.9,  323.7,  324.2,  350.1,  335.9,  329.2,  327.3,  326.2,  330.7,  340.8,  332.1,  328.5,  328.5,  331.2,  337.6,  346.4,  332.9,  330.6,  330.0,  338.9,  327.1,  327.4,  330.0,  2.568,  0.282,  0.155,  -0.030,  670.369,  484.450,  -25.258,  0.398,  -16.472,  8.252,  -15.061,  5.832,  1.009,  -12.118,  -3.257,  -6.168,  -7.367,  4.181,  1.841,  -5.144,  1.975,  -1.013,  -3.213,  -1.682,  -1.096,  -7.200,  4.522,  -3.484,  3.204,  -3.053,  -2.671,  5.547,  0.069,  -0.480,  0.846,  0.370,  1.040,  -0.114,  0.942,  0.040, 0.01, 0.24, 0.55, 0.00, 0.00, 1.11, 0.39, 0.06, 0.11, 0.12, 0.00, 0.10, 0.00, 0.00, 0.86, 0.72, 0.00, 0.00, 0.00, 1.00, 0.00, 0.00, 0.00, 0.00, 0.00, 0.00, 1.00, 0.00, 0.00, 0.00, 0.00, 1.00, 0.00, 0.00, 1.00
73,  0,  2.402,  0.98,  1,  0.046289,  0.325403,  -0.944442,  -0.200511,  0.264911,  -0.943195,  -0.082,  0.303,  581.0,  585.8,  596.6,  607.2,  611.3,  607.2,  595.7,  585.1,  566.7,  574.4,  583.2,  593.7,  604.3,  612.7,  618.6,  611.9,  602.3,  591.5,  581.8,  573.3,  590.8,  595.7,  600.7,  602.9,  601.0,  596.1,  591.1,  588.9,  727.6,  732.1,  743.0,  753.9,  758.4,  753.8,  742.9,  731.2,  717.4,  724.9,  734.6,  746.1,  756.7,  765.2,  771.6,  765.7,  757.5,  747.5,  736.2,  725.5,  737.9,  742.6,  747.3,  749.3,  747.3,  742.6,  737.9,  736.0,  380.5,  370.1,  366.2,  371.2,  382.2,  393.6,  396.5,  391.5,  381.9,  378.3,  376.5,  375.6,  376.3,  378.5,  382.1,  386.5,  387.9,  388.5,  387.6,  385.6,  386.5,  388.8,  387.1,  382.2,  377.2,  374.9,  376.7,  381.5,  379.8,  368.9,  364.7,  369.8,  381.1,  392.0,  396.1,  392.0,  383.3,  379.4,  376.7,  375.6,  377.1,  379.7,  383.7,  386.6,  387.8,  388.1,  387.5,  386.6,  385.6,  387.7,  386.0,  381.2,  376.4,  374.2,  376.0,  380.7,  -24.8,  -22.8,  -18.3,  -13.8,  -12.1,  -13.8,  -18.6,  -23.0,  -31.0,  -27.6,  -23.8,  -19.4,  -14.9,  -11.5,  -9.0,  -11.8,  -15.7,  -20.2,  -24.3,  -28.1,  -20.7,  -18.6,  -16.5,  -15.6,  -16.5,  -18.5,  -20.6,  -21.5,  34.7,  36.7,  41.1,  45.5,  47.2,  45.2,  40.8,  36.1,  30.8,  33.6,  37.4,  42.0,  46.4,  50.2,  53.2,  50.3,  46.6,  42.4,  38.0,  33.8,  39.0,  40.8,  42.8,  43.6,  42.9,  41.0,  39.1,  38.2,  8.6,  4.2,  2.6,  4.7,  9.3,  14.1,  15.3,  13.2,  9.3,  7.7,  6.9,  6.5,  6.8,  7.8,  9.3,  11.1,  11.6,  11.9,  11.6,  10.8,  11.2,  12.1,  11.4,  9.4,  7.3,  6.3,  7.0,  9.1,  7.9,  3.5,  1.9,  3.9,  8.4,  12.7,  14.3,  12.7,  9.2,  7.7,  6.6,  6.2,  6.8,  7.9,  9.6,  10.6,  11.0,  11.1,  10.9,  10.5,  10.2,  11.0,  10.3,  8.5,  6.5,  5.7,  6.4,  8.2,  367.3,  368.5,  369.3,  369.3,  368.5,  367.6,  366.4,  366.4,  370.2,  368.1,  366.6,  366.1,  366.8,  368.3,  369.9,  367.6,  365.4,  364.7,  365.9,  367.9,  368.1,  368.1,  368.5,  369.0,  369.4,  369.4,  369.0,  368.5,  347.2,  348.4,  349.4,  349.7,  349.0,  347.8,  346.7,  346.6,  347.8,  346.7,  345.9,  346.2,  348.0,  350.7,  353.8,  350.4,  347.4,  345.5,  345.1,  346.2,  348.2,  348.3,  348.8,  349.3,  349.6,  349.5,  349.0,  348.5,  10.7,  47.5,  336.4,  0.105,  0.186,  -0.023,  506.8,  507.5,  514.0,  524.8,  540.7,  564.8,  590.7,  623.1,  667.1,  715.5,  761.3,  800.7,  829.4,  847.4,  857.3,  863.8,  868.7,  530.2,  547.6,  573.3,  601.3,  627.3,  699.1,  732.3,  762.2,  792.5,  815.8,  663.5,  660.7,  657.7,  655.0,  624.2,  640.4,  659.1,  680.5,  699.8,  564.4,  582.6,  603.1,  620.9,  601.8,  581.4,  715.2,  734.6,  755.6,  774.1,  755.9,  735.3,  602.6,  623.2,  646.2,  661.6,  679.6,  705.5,  732.8,  705.1,  679.8,  660.4,  643.5,  621.5,  612.4,  646.6,  662.3,  680.9,  721.9,  678.4,  659.9,  644.2,  366.8,  416.6,  467.2,  517.1,  566.6,  612.2,  651.7,  682.7,  692.1,  682.8,  651.4,  609.8,  564.6,  516.3,  467.3,  418.2,  367.3,  342.4,  326.1,  321.6,  327.1,  336.7,  335.9,  326.5,  321.9,  326.6,  342.6,  377.8,  413.7,  449.7,  486.6,  499.5,  508.9,  516.4,  509.4,  501.6,  380.8,  375.0,  375.2,  383.1,  388.1,  388.5,  382.6,  376.0,  377.3,  383.3,  389.9,  389.0,  564.1,  556.1,  551.7,  557.1,  553.0,  557.7,  565.0,  589.6,  598.9,  601.0,  598.4,  588.9,  566.7,  568.4,  570.8,  569.3,  568.0,  571.8,  573.9,  571.4,  -58.2,  -58.7,  -56.6,  -52.3,  -44.9,  -33.6,  -21.5,  -7.1,  11.2,  31.3,  51.2,  68.6,  80.8,  87.5,  90.1,  91.1,  92.5,  -43.7,  -35.8,  -25.3,  -14.4,  -4.6,  21.2,  33.3,  44.3,  55.7,  64.7,  8.5,  7.4,  6.3,  5.2,  -5.9,  0.1,  7.0,  14.8,  21.9,  -29.4,  -22.0,  -14.0,  -7.2,  -14.5,  -22.4,  27.9,  34.8,  42.4,  49.4,  42.5,  35.0,  -14.9,  -6.4,  2.3,  8.0,  14.6,  24.5,  35.8,  24.5,  14.8,  7.6,  1.3,  -7.1,  -10.9,  2.5,  8.4,  15.3,  31.4,  14.2,  7.4,  1.6,  3.0,  25.1,  48.2,  71.3,  93.4,  112.7,  127.0,  135.7,  137.3,  133.8,  123.0,  106.6,  87.3,  66.0,  44.5,  23.7,  2.9,  -7.0,  -13.1,  -14.5,  -12.2,  -8.5,  -8.7,  -12.1,  -13.8,  -12.2,  -6.4,  6.5,  19.3,  31.8,  44.3,  52.0,  54.7,  57.0,  54.6,  52.0,  8.1,  5.7,  5.8,  8.7,  10.7,  10.9,  8.4,  5.9,  6.3,  8.6,  11.0,  10.6,  81.5,  74.9,  71.6,  73.1,  71.3,  74.1,  79.1,  86.4,  89.0,  89.9,  89.7,  88.0,  81.6,  78.8,  79.1,  78.3,  79.9,  78.6,  79.5,  79.3,  382.6,  387.5,  393.5,  397.5,  395.5,  390.9,  381.0,  368.0,  361.9,  362.7,  369.3,  373.4,  373.2,  369.2,  362.9,  356.3,  354.1,  348.4,  339.2,  331.3,  325.4,  319.5,  314.0,  315.6,  317.3,  319.3,  322.2,  317.7,  314.0,  309.9,  306.5,  326.0,  321.6,  318.6,  319.6,  321.1,  340.9,  335.7,  332.9,  331.0,  332.3,  335.1,  324.7,  321.6,  320.6,  322.1,  320.8,  321.6,  349.3,  334.4,  326.8,  324.7,  323.3,  327.7,  337.8,  329.4,  326.0,  326.4,  329.4,  336.3,  345.4,  330.8,  328.2,  327.4,  336.1,  324.7,  325.3,  328.1,  2.582,  0.270,  0.192,  -0.025,  669.107,  483.118,  -23.608,  0.605,  -15.628,  9.679,  -13.516,  5.217,  2.337,  -13.232,  -3.131,  -3.970,  -5.761,  5.908,  2.053,  -4.663,  3.661,  -0.275,  -0.950,  -0.395,  0.764,  -6.027,  4.061,  -4.561,  2.450,  -2.404,  -1.548,  4.974,  0.418,  -0.181,  0.588,  0.835,  0.978,  0.173,  0.971,  -0.067, 0.01, 0.37, 0.44, 0.00, 0.00, 0.97, 0.25, 0.02, 0.05, 0.04, 0.00, 0.09, 0.00, 0.00, 0.92, 0.78, 0.00, 0.00, 0.00, 1.00, 0.00, 0.00, 0.00, 0.00, 0.00, 0.00, 0.00, 0.00, 0.00, 0.00, 0.00, 1.00, 0.00, 0.00, 0.00
74,  0,  2.436,  0.98,  1,  0.025825,  0.226633,  -0.973638,  -0.222227,  0.196720,  -0.954943,  -0.101,  0.216,  581.5,  585.7,  596.2,  606.8,  611.3,  607.9,  596.7,  586.0,  567.5,  573.5,  582.2,  593.0,  604.4,  613.4,  619.8,  612.7,  602.6,  591.7,  581.8,  573.4,  591.9,  596.6,  601.4,  603.2,  601.2,  596.4,  591.7,  589.8,  727.3,  731.5,  743.0,  755.0,  760.6,  756.5,  745.0,  732.0,  717.5,  724.8,  734.8,  746.9,  757.8,  766.2,  772.7,  766.6,  758.6,  748.8,  737.7,  726.6,  738.5,  743.8,  748.9,  750.8,  748.3,  742.9,  737.9,  736.0,  376.2,  365.4,  360.7,  365.0,  375.6,  387.2,  391.1,  386.8,  378.4,  374.3,  371.9,  370.6,  372.0,  375.2,  379.9,  384.3,  386.2,  387.0,  386.0,  383.3,  380.9,  382.8,  380.7,  375.9,  371.1,  369.1,  371.2,  376.1,  379.3,  366.8,  361.5,  366.7,  379.1,  391.7,  396.9,  392.8,  386.9,  379.1,  374.2,  372.5,  374.1,  377.3,  382.4,  388.4,  392.2,  394.2,  393.6,  391.5,  385.3,  387.6,  385.3,  379.7,  374.2,  371.9,  374.3,  379.8,  -23.7,  -22.0,  -17.7,  -13.4,  -11.6,  -13.0,  -17.5,  -21.9,  -29.8,  -27.1,  -23.4,  -18.9,  -14.3,  -10.8,  -8.2,  -11.1,  -15.1,  -19.5,  -23.6,  -27.2,  -19.5,  -17.6,  -15.7,  -14.9,  -15.7,  -17.7,  -19.6,  -20.4,  31.3,  33.0,  37.3,  41.7,  43.7,  42.1,  37.7,  33.0,  27.8,  30.3,  33.9,  38.2,  42.4,  45.8,  48.6,  45.9,  42.6,  38.8,  34.8,  30.9,  35.5,  37.5,  39.4,  40.1,  39.3,  37.3,  35.4,  34.6,  6.6,  2.2,  0.3,  2.0,  6.3,  11.0,  12.6,  10.9,  7.6,  5.8,  4.8,  4.3,  4.8,  6.2,  8.1,  9.8,  10.6,  10.9,  10.5,  9.5,  8.5,  9.3,  8.4,  6.4,  4.5,  3.7,  4.6,  6.5,  6.9,  2.5,  0.6,  2.4,  6.9,  11.4,  13.3,  11.8,  9.6,  6.8,  5.1,  4.5,  5.1,  6.3,  8.2,  10.3,  11.6,  12.2,  12.0,  11.3,  9.1,  10.0,  9.1,  7.1,  5.1,  4.3,  5.2,  7.1,  354.5,  354.4,  354.2,  354.0,  353.9,  354.2,  354.1,  354.4,  359.5,  356.5,  353.8,  352.4,  352.6,  353.8,  355.4,  354.2,  353.0,  353.1,  354.5,  357.0,  355.1,  355.0,  354.9,  354.9,  354.9,  355.0,  355.1,  355.2,  314.1,  315.3,  316.7,  317.5,  317.1,  315.9,  314.5,  313.9,  313.5,  312.8,  312.5,  313.0,  314.8,  317.5,  320.3,  317.4,  314.4,  312.3,  311.9,  312.6,  315.6,  315.9,  316.6,  317.1,  317.2,  316.9,  316.3,  315.7,  9.8,  47.6,  337.9,  0.119,  0.207,  0.010,  508.5,  507.6,  513.6,  523.7,  538.4,  560.5,  583.9,  614.0,  655.0,  700.4,  746.8,  788.7,  821.9,  844.7,  858.6,  868.4,  876.9,  529.7,  548.9,  575.2,  603.3,  628.8,  697.8,  731.8,  763.2,  795.1,  820.4,  661.3,  658.2,  654.6,  651.0,  623.0,  638.1,  655.3,  676.0,  695.3,  563.9,  582.3,  604.4,  622.2,  602.6,  580.7,  715.4,  734.0,  756.7,  776.0,  758.1,  736.0,  600.8,  620.6,  642.7,  657.6,  675.8,  702.1,  729.7,  701.2,  675.4,  655.9,  639.2,  618.4,  611.0,  642.3,  657.9,  676.3,  718.5,  673.8,  655.3,  639.6,  355.1,  406.1,  457.9,  508.0,  558.1,  604.2,  644.3,  677.5,  689.7,  686.0,  660.6,  623.1,  579.7,  530.7,  478.5,  425.8,  370.7,  339.0,  322.7,  320.3,  326.1,  335.6,  336.1,  326.1,  321.9,  327.2,  344.7,  376.2,  411.3,  446.5,  482.7,  498.1,  507.2,  514.4,  508.4,  502.0,  377.4,  369.9,  371.1,  382.3,  387.5,  387.0,  384.3,  374.3,  375.5,  384.2,  392.2,  391.4,  562.7,  554.4,  549.8,  555.6,  552.5,  558.7,  567.9,  591.3,  599.6,  600.5,  597.2,  587.0,  566.0,  566.8,  569.8,  569.1,  570.4,  573.2,  574.1,  570.8,  -57.4,  -58.3,  -56.4,  -52.3,  -45.5,  -35.3,  -24.5,  -11.0,  6.3,  25.1,  45.1,  63.4,  77.4,  86.2,  90.8,  93.2,  95.8,  -44.1,  -35.5,  -24.6,  -13.7,  -4.1,  20.7,  32.9,  44.3,  56.1,  65.9,  7.8,  6.6,  5.2,  3.9,  -6.4,  -0.7,  5.6,  13.3,  20.4,  -29.9,  -22.3,  -13.6,  -6.8,  -14.3,  -22.9,  27.9,  34.4,  42.5,  49.8,  43.2,  35.2,  -15.8,  -7.5,  1.0,  6.6,  13.3,  23.4,  34.6,  23.2,  13.3,  6.0,  -0.3,  -8.4,  -11.5,  0.9,  6.8,  13.7,  30.2,  12.6,  5.7,  -0.1,  -2.1,  20.3,  43.7,  66.6,  88.7,  108.4,  124.1,  134.6,  137.3,  135.6,  126.9,  112.2,  93.5,  71.9,  49.2,  26.8,  4.3,  -8.4,  -14.5,  -15.1,  -12.6,  -8.9,  -8.6,  -12.1,  -13.7,  -11.9,  -5.6,  5.9,  18.5,  30.9,  43.5,  52.0,  54.6,  56.8,  54.6,  52.5,  6.8,  3.8,  4.2,  8.5,  10.5,  10.4,  9.0,  5.2,  5.6,  8.9,  11.8,  11.5,  81.6,  75.0,  71.6,  73.3,  71.6,  74.8,  80.3,  87.5,  89.8,  90.6,  90.3,  88.1,  81.9,  78.9,  79.4,  78.7,  80.9,  79.6,  80.3,  79.8,  381.8,  385.4,  390.3,  393.8,  392.0,  388.5,  382.0,  370.9,  364.3,  363.9,  369.5,  373.2,  372.3,  368.5,  363.3,  356.8,  353.9,  349.8,  340.4,  332.2,  326.0,  320.3,  313.0,  313.1,  314.5,  316.5,  319.6,  318.6,  315.8,  312.8,  310.2,  329.2,  324.6,  321.5,  322.0,  323.3,  343.9,  338.0,  334.9,  332.8,  334.9,  338.2,  324.2,  320.5,  319.0,  320.3,  319.6,  321.0,  352.2,  337.3,  330.1,  327.7,  325.6,  329.3,  338.0,  330.8,  328.2,  329.6,  332.9,  339.8,  348.0,  333.8,  331.0,  329.3,  336.6,  326.7,  328.1,  331.2,  2.575,  0.275,  0.213,  0.009,  666.839,  482.602,  -32.631,  -12.951,  -16.786,  9.680,  -8.402,  5.497,  4.724,  -10.918,  -0.198,  -7.597,  -10.800,  6.581,  -2.985,  -1.276,  1.963,  0.676,  -0.092,  0.843,  1.723,  -6.301,  4.170,  -4.046,  2.578,  -0.802,  0.521,  3.592,  1.080,  0.083,  0.102,  0.904,  0.506,  -0.237,  0.502,  0.177, 0.01, 0.45, 0.38, 0.04, 0.00, 0.68, 0.11, 0.00, 0.03, 0.00, 0.00, 0.18, 0.00, 0.02, 1.14, 0.98, 0.00, 0.00, 0.00, 0.00, 0.00, 0.00, 0.00, 0.00, 0.00, 0.00, 0.00, 0.00, 0.00, 0.00, 0.00, 1.00, 1.00, 0.00, 0.00
75,  0,  2.469,  0.98,  1,  0.049401,  0.159504,  -0.985961,  -0.235869,  0.196253,  -0.951762,  -0.096,  0.182,  585.8,  590.1,  600.9,  611.7,  616.4,  612.8,  601.2,  590.4,  571.2,  575.5,  583.8,  595.8,  608.5,  617.8,  623.9,  616.5,  606.3,  595.2,  585.3,  577.0,  596.6,  601.3,  606.0,  607.8,  605.8,  601.1,  596.5,  594.6,  730.2,  734.3,  746.3,  759.2,  765.4,  761.3,  749.3,  735.5,  720.8,  728.3,  738.5,  751.0,  762.0,  770.6,  777.2,  771.0,  763.0,  753.2,  741.9,  730.4,  742.0,  747.8,  753.2,  755.0,  752.2,  746.4,  741.1,  739.2,  372.5,  362.2,  358.1,  362.5,  373.0,  383.7,  387.4,  382.9,  375.8,  371.5,  369.8,  368.6,  369.9,  373.6,  379.8,  383.4,  385.9,  386.7,  384.8,  381.0,  376.5,  378.4,  376.6,  372.1,  367.6,  365.7,  367.5,  371.9,  379.9,  366.7,  361.1,  366.5,  379.7,  392.9,  398.4,  394.1,  387.7,  378.5,  373.1,  371.4,  373.4,  377.2,  383.1,  389.0,  392.8,  394.9,  394.3,  392.2,  386.4,  388.8,  386.4,  380.4,  374.5,  372.1,  374.6,  380.5,  -20.7,  -18.9,  -14.8,  -10.7,  -9.0,  -10.4,  -14.8,  -19.0,  -26.7,  -24.8,  -21.4,  -16.7,  -11.9,  -8.4,  -6.1,  -9.0,  -12.9,  -17.1,  -21.0,  -24.3,  -16.6,  -14.8,  -13.0,  -12.3,  -13.0,  -14.8,  -16.6,  -17.3,  30.9,  32.5,  36.8,  41.4,  43.5,  41.8,  37.5,  32.7,  27.6,  30.1,  33.6,  37.9,  42.0,  45.3,  48.0,  45.4,  42.2,  38.5,  34.6,  30.8,  35.1,  37.2,  39.1,  39.9,  38.9,  36.9,  34.9,  34.2,  4.7,  0.8,  -0.7,  1.0,  4.9,  9.1,  10.5,  8.8,  6.1,  4.4,  3.7,  3.3,  3.7,  5.2,  7.6,  9.0,  9.9,  10.2,  9.5,  8.1,  6.3,  7.0,  6.3,  4.6,  2.9,  2.2,  2.8,  4.6,  6.8,  2.3,  0.4,  2.3,  6.8,  11.3,  13.2,  11.7,  9.5,  6.3,  4.5,  3.9,  4.6,  6.0,  8.1,  10.1,  11.2,  11.9,  11.6,  11.0,  9.1,  9.9,  9.1,  7.1,  5.0,  4.2,  5.0,  7.1,  333.4,  331.8,  330.9,  331.3,  332.6,  334.6,  335.1,  334.8,  339.7,  336.0,  332.6,  330.4,  330.7,  332.4,  334.9,  334.4,  333.9,  334.4,  336.0,  338.1,  334.5,  334.7,  334.3,  333.6,  333.0,  332.9,  333.2,  333.9,  299.9,  301.4,  303.1,  304.0,  303.4,  301.9,  300.2,  299.4,  298.7,  298.4,  298.5,  299.2,  300.9,  303.5,  306.0,  303.1,  300.0,  297.7,  297.3,  297.9,  301.4,  301.8,  302.5,  303.2,  303.5,  303.1,  302.4,  301.6,  10.7,  47.7,  337.3,  0.113,  0.215,  0.024,  513.6,  511.7,  517.1,  526.6,  540.3,  561.5,  584.4,  614.4,  654.4,  698.5,  744.5,  787.1,  822.3,  847.2,  862.5,  873.0,  881.9,  533.5,  552.8,  579.1,  607.0,  632.3,  701.2,  734.9,  766.1,  798.2,  824.0,  664.2,  660.9,  656.9,  653.0,  625.3,  640.2,  657.2,  678.0,  697.5,  567.1,  585.5,  608.2,  626.2,  606.3,  583.8,  718.8,  737.7,  761.0,  780.5,  762.7,  739.9,  602.8,  622.3,  644.3,  659.5,  677.9,  704.4,  731.9,  703.4,  677.4,  657.6,  640.7,  620.2,  613.2,  643.7,  659.4,  678.1,  720.6,  675.8,  657.0,  641.1,  352.6,  403.4,  455.1,  505.1,  555.3,  602.0,  642.8,  677.0,  690.3,  688.3,  665.4,  629.4,  586.7,  537.3,  483.3,  428.5,  371.3,  337.8,  321.5,  319.9,  325.9,  335.3,  336.6,  326.8,  323.0,  328.6,  346.8,  375.7,  410.9,  446.4,  482.8,  498.1,  507.4,  514.6,  508.8,  502.9,  375.5,  367.3,  369.1,  381.9,  386.8,  385.8,  384.8,  373.6,  374.9,  384.6,  393.0,  392.1,  563.0,  554.6,  549.7,  555.8,  552.8,  559.7,  569.8,  593.0,  601.0,  601.5,  598.0,  587.5,  566.5,  566.9,  570.1,  569.7,  572.1,  574.3,  574.8,  571.0,  -54.9,  -56.2,  -54.5,  -50.8,  -44.5,  -34.8,  -24.2,  -10.8,  6.0,  24.3,  44.0,  62.8,  77.7,  87.5,  92.6,  95.0,  97.6,  -42.5,  -33.9,  -23.1,  -12.3,  -2.8,  21.9,  33.9,  45.2,  56.9,  66.8,  8.8,  7.5,  6.0,  4.6,  -5.5,  0.1,  6.3,  14.0,  21.2,  -28.6,  -21.0,  -12.1,  -5.2,  -12.9,  -21.7,  29.1,  35.7,  44.0,  51.3,  44.7,  36.5,  -15.0,  -6.8,  1.6,  7.3,  14.0,  24.2,  35.4,  23.9,  14.0,  6.6,  0.3,  -7.7,  -10.6,  1.4,  7.3,  14.3,  30.9,  13.3,  6.4,  0.4,  -3.2,  19.0,  42.2,  65.0,  87.1,  107.1,  123.3,  134.2,  137.3,  136.3,  128.7,  114.9,  96.6,  74.8,  51.3,  27.9,  4.6,  -8.8,  -14.9,  -15.2,  -12.7,  -9.1,  -8.4,  -11.8,  -13.3,  -11.3,  -4.8,  5.7,  18.4,  30.8,  43.5,  51.9,  54.6,  56.7,  54.7,  52.7,  6.1,  2.8,  3.5,  8.3,  10.2,  10.0,  9.2,  5.0,  5.4,  9.0,  12.0,  11.8,  81.6,  74.8,  71.4,  73.1,  71.5,  74.9,  80.7,  87.8,  90.1,  90.7,  90.3,  88.1,  81.9,  78.8,  79.3,  78.6,  81.3,  79.8,  80.4,  79.7,  379.7,  383.1,  387.9,  391.6,  390.4,  387.4,  381.4,  370.3,  363.6,  363.1,  368.8,  373.1,  372.7,  369.3,  364.0,  356.8,  353.1,  349.3,  340.0,  332.0,  325.9,  320.4,  312.9,  312.5,  313.5,  314.9,  317.5,  318.3,  315.4,  312.4,  309.7,  328.9,  324.1,  320.9,  321.4,  322.7,  343.9,  337.8,  334.6,  332.4,  334.7,  338.2,  323.4,  319.5,  317.9,  319.2,  318.6,  320.1,  351.5,  336.4,  329.3,  326.8,  324.6,  328.3,  336.7,  329.7,  327.0,  328.7,  332.1,  339.1,  347.2,  333.1,  330.0,  328.2,  335.3,  325.7,  327.3,  330.5,  2.581,  0.271,  0.215,  0.023,  669.299,  483.024,  -33.190,  -18.199,  -16.934,  11.351,  -9.948,  6.293,  5.653,  -8.791,  0.407,  -9.466,  -11.301,  7.022,  -2.620,  -0.588,  0.780,  0.873,  0.513,  0.949,  2.143,  -5.913,  3.429,  -3.905,  1.663,  -0.537,  0.699,  3.164,  1.135,  0.017,  0.087,  1.025,  0.378,  -0.401,  0.414,  0.187, 0.01, 0.35, 0.47, 0.10, 0.00, 0.45, 0.00, 0.00, 0.00, 0.00, 0.05, 0.11, 0.00, 0.02, 1.42, 1.31, 0.00, 0.00, 0.00, 0.00, 0.00, 0.00, 0.00, 0.00, 0.00, 0.00, 0.00, 0.00, 0.00, 0.00, 0.00, 1.00, 1.00, 0.00, 0.00
76,  0,  2.503,  0.98,  1,  0.040354,  0.158309,  -0.986565,  -0.240214,  0.203176,  -0.949219,  -0.103,  0.185,  591.4,  595.9,  606.7,  617.6,  622.3,  618.7,  607.0,  596.1,  577.1,  581.0,  589.1,  601.1,  614.0,  623.6,  630.1,  622.6,  612.3,  601.1,  591.2,  582.9,  602.4,  607.1,  611.9,  613.8,  611.8,  607.0,  602.3,  600.4,  736.1,  740.2,  752.3,  765.4,  771.8,  767.7,  755.6,  741.5,  726.5,  734.0,  744.3,  757.1,  768.6,  777.2,  783.9,  777.6,  769.7,  759.9,  748.3,  736.4,  747.9,  754.0,  759.7,  761.6,  758.6,  752.5,  746.8,  744.9,  372.4,  362.2,  358.2,  362.9,  373.5,  384.2,  387.7,  383.0,  375.8,  371.3,  369.3,  368.1,  369.6,  373.8,  380.5,  384.0,  386.3,  387.1,  385.1,  381.2,  376.6,  378.6,  376.9,  372.5,  367.9,  365.8,  367.6,  372.0,  381.4,  367.9,  362.2,  367.5,  380.9,  394.3,  400.1,  395.8,  388.1,  379.0,  373.7,  372.2,  374.4,  378.2,  384.6,  390.7,  394.6,  396.6,  395.7,  393.2,  388.1,  390.6,  388.0,  381.7,  375.5,  373.0,  375.6,  381.9,  -18.2,  -16.5,  -12.4,  -8.3,  -6.6,  -8.0,  -12.4,  -16.6,  -24.1,  -22.3,  -19.0,  -14.5,  -9.7,  -6.1,  -3.7,  -6.5,  -10.4,  -14.6,  -18.5,  -21.8,  -14.2,  -12.4,  -10.6,  -9.8,  -10.6,  -12.4,  -14.1,  -14.9,  32.2,  33.8,  38.1,  42.6,  44.7,  43.1,  38.8,  34.0,  28.9,  31.4,  34.8,  39.2,  43.3,  46.6,  49.3,  46.7,  43.5,  40.0,  36.0,  32.1,  36.4,  38.5,  40.5,  41.2,  40.3,  38.1,  36.1,  35.4,  4.7,  0.8,  -0.7,  1.1,  5.0,  9.1,  10.4,  8.7,  6.1,  4.3,  3.5,  3.0,  3.6,  5.1,  7.7,  9.0,  9.9,  10.2,  9.5,  8.1,  6.3,  7.0,  6.4,  4.7,  3.0,  2.2,  2.8,  4.5,  7.2,  2.7,  0.7,  2.6,  7.1,  11.6,  13.5,  12.0,  9.4,  6.3,  4.6,  4.1,  4.8,  6.2,  8.4,  10.4,  11.6,  12.2,  11.9,  11.1,  9.5,  10.3,  9.5,  7.4,  5.2,  4.4,  5.3,  7.4,  328.3,  326.6,  325.6,  325.8,  327.2,  329.3,  330.0,  329.7,  334.9,  331.2,  327.7,  325.2,  325.3,  326.9,  329.4,  329.1,  328.6,  329.3,  331.0,  333.2,  329.4,  329.5,  329.0,  328.3,  327.7,  327.6,  328.0,  328.7,  293.4,  294.9,  296.6,  297.5,  297.0,  295.5,  293.8,  293.0,  292.3,  292.0,  292.0,  292.7,  294.6,  297.2,  299.7,  296.8,  293.8,  291.5,  290.9,  291.5,  294.9,  295.3,  296.1,  296.8,  297.1,  296.7,  295.9,  295.1,  13.3,  48.1,  336.6,  0.115,  0.213,  0.021,  520.3,  518.2,  523.6,  532.9,  546.8,  568.7,  593.1,  625.2,  665.3,  708.2,  751.9,  793.0,  827.7,  852.4,  866.8,  875.9,  882.7,  540.0,  559.4,  585.7,  613.0,  637.9,  709.4,  742.3,  772.1,  803.0,  828.1,  671.4,  668.2,  664.5,  660.9,  631.7,  647.1,  664.7,  685.8,  705.5,  572.9,  591.2,  614.2,  632.4,  612.2,  589.4,  724.9,  744.2,  767.5,  786.9,  769.3,  746.3,  609.6,  629.4,  651.8,  667.2,  685.4,  711.7,  738.9,  711.1,  685.4,  665.6,  648.6,  627.6,  620.2,  651.3,  667.2,  685.7,  727.2,  683.7,  665.2,  649.1,  351.3,  402.4,  454.6,  505.8,  557.2,  605.5,  647.8,  681.6,  693.6,  690.4,  667.5,  631.8,  589.6,  540.1,  485.4,  429.4,  371.2,  337.5,  321.1,  319.5,  325.7,  334.9,  337.5,  328.5,  325.2,  330.9,  349.4,  376.7,  412.9,  449.2,  486.4,  500.0,  509.6,  517.1,  510.9,  504.6,  375.5,  367.0,  369.1,  382.6,  387.3,  386.1,  386.0,  374.5,  375.8,  385.7,  394.2,  393.3,  565.0,  556.3,  551.1,  557.1,  553.9,  560.8,  571.1,  595.4,  603.6,  604.3,  600.9,  590.6,  568.4,  568.4,  571.5,  570.9,  573.6,  576.2,  576.8,  573.1,  -51.5,  -53.1,  -51.5,  -48.0,  -41.6,  -31.6,  -20.4,  -6.2,  10.5,  28.3,  47.2,  65.5,  80.3,  89.9,  94.3,  95.6,  96.9,  -39.5,  -31.1,  -20.5,  -10.0,  -0.8,  24.8,  36.5,  47.2,  58.4,  67.8,  11.4,  10.1,  8.7,  7.4,  -3.1,  2.6,  9.0,  16.8,  24.1,  -26.2,  -18.7,  -9.8,  -2.9,  -10.6,  -19.4,  31.3,  37.9,  46.2,  53.5,  47.0,  38.8,  -12.2,  -4.1,  4.4,  10.1,  16.8,  26.9,  38.0,  26.7,  16.9,  9.6,  3.3,  -4.8,  -7.8,  4.3,  10.2,  17.1,  33.4,  16.2,  9.4,  3.4,  -3.7,  18.5,  41.9,  65.3,  88.1,  108.8,  125.2,  135.6,  138.2,  137.1,  129.7,  116.3,  98.3,  76.3,  52.1,  28.1,  4.5,  -8.9,  -15.0,  -15.3,  -12.7,  -9.2,  -8.1,  -11.2,  -12.4,  -10.4,  -3.8,  6.1,  19.0,  31.8,  44.6,  52.4,  55.2,  57.4,  55.3,  53.2,  6.1,  2.7,  3.4,  8.5,  10.4,  10.0,  9.6,  5.3,  5.7,  9.4,  12.4,  12.2,  82.0,  75.1,  71.6,  73.3,  71.7,  75.2,  81.2,  88.5,  90.8,  91.4,  91.0,  88.9,  82.4,  79.0,  79.5,  78.8,  81.7,  80.3,  80.9,  80.2,  376.4,  381.2,  387.3,  391.9,  391.1,  387.8,  380.7,  369.1,  362.5,  363.0,  369.1,  374.3,  374.4,  370.6,  363.6,  354.6,  349.2,  345.9,  337.2,  330.0,  324.8,  320.0,  312.6,  312.3,  312.8,  313.5,  315.6,  317.5,  314.6,  311.6,  309.0,  327.8,  323.1,  319.9,  320.6,  321.9,  341.3,  335.6,  332.5,  330.4,  332.8,  336.2,  322.2,  318.5,  317.2,  318.6,  317.9,  319.1,  350.1,  334.7,  327.9,  325.6,  323.6,  327.6,  336.4,  329.1,  326.0,  327.3,  330.5,  337.4,  346.0,  331.7,  328.8,  327.1,  334.6,  325.0,  326.4,  329.4,  2.589,  0.280,  0.207,  0.021,  676.131,  484.542,  -34.544,  -14.609,  -17.829,  12.806,  -14.372,  8.223,  6.725,  -5.194,  -0.934,  -12.576,  -10.887,  6.648,  -0.058,  -1.733,  0.596,  2.226,  0.123,  0.237,  2.500,  -4.451,  2.052,  -3.767,  -0.047,  -1.105,  -0.524,  2.993,  1.076,  -0.128,  -0.103,  0.783,  0.357,  -0.425,  0.345,  0.204, 0.04, 0.34, 0.44, 0.13, 0.00, 0.45, 0.00, 0.00, 0.00, 0.00, 0.11, 0.11, 0.05, 0.04, 1.63, 1.59, 0.00, 0.00, 0.00, 0.00, 0.00, 0.00, 0.00, 0.00, 0.00, 0.00, 0.00, 0.00, 0.00, 0.00, 0.00, 1.00, 1.00, 0.00, 0.00
77,  0,  2.536,  0.98,  1,  0.034335,  0.168546,  -0.985096,  -0.245839,  0.214018,  -0.945389,  -0.109,  0.196,  598.8,  603.3,  614.2,  625.1,  629.6,  625.9,  614.2,  603.2,  584.3,  588.5,  596.8,  608.8,  621.8,  631.3,  637.7,  630.1,  619.7,  608.4,  598.4,  590.0,  609.7,  614.4,  619.1,  621.0,  619.1,  614.4,  609.7,  607.8,  743.6,  747.8,  760.1,  773.2,  779.5,  775.3,  763.0,  748.8,  733.9,  741.8,  752.4,  765.3,  776.6,  785.2,  791.9,  785.4,  777.4,  767.6,  755.9,  744.0,  755.3,  761.5,  767.3,  769.3,  766.3,  760.1,  754.3,  752.3,  373.0,  362.6,  358.7,  363.6,  374.3,  385.1,  388.5,  383.7,  376.1,  371.3,  369.3,  368.2,  369.9,  374.3,  381.3,  384.7,  386.8,  387.4,  385.4,  381.5,  377.2,  379.3,  377.6,  373.2,  368.6,  366.6,  368.2,  372.7,  382.8,  369.1,  363.3,  368.7,  382.3,  396.0,  401.8,  397.5,  388.7,  379.6,  374.6,  373.3,  375.5,  379.4,  385.8,  392.1,  396.0,  398.1,  397.0,  394.2,  389.7,  392.2,  389.5,  383.0,  376.6,  374.1,  376.8,  383.3,  -15.5,  -13.7,  -9.6,  -5.5,  -3.9,  -5.3,  -9.7,  -13.8,  -21.3,  -19.5,  -16.2,  -11.6,  -6.8,  -3.3,  -0.9,  -3.7,  -7.6,  -11.9,  -15.7,  -19.0,  -11.4,  -9.6,  -7.9,  -7.1,  -7.8,  -9.6,  -11.3,  -12.1,  34.5,  36.0,  40.4,  44.9,  47.0,  45.4,  41.0,  36.2,  31.1,  33.7,  37.2,  41.6,  45.6,  48.9,  51.6,  49.0,  45.8,  42.2,  38.3,  34.4,  38.6,  40.7,  42.8,  43.5,  42.6,  40.4,  38.4,  37.6,  4.9,  1.0,  -0.5,  1.3,  5.3,  9.4,  10.7,  8.9,  6.1,  4.3,  3.5,  3.0,  3.7,  5.3,  8.0,  9.3,  10.1,  10.3,  9.6,  8.2,  6.5,  7.3,  6.6,  5.0,  3.2,  2.5,  3.1,  4.8,  7.6,  3.0,  1.1,  2.9,  7.5,  12.1,  13.9,  12.5,  9.5,  6.5,  4.8,  4.4,  5.2,  6.5,  8.8,  10.8,  12.0,  12.6,  12.2,  11.3,  9.9,  10.8,  9.9,  7.7,  5.6,  4.7,  5.6,  7.8,  328.0,  326.3,  325.4,  325.6,  326.9,  328.8,  329.5,  329.3,  334.5,  330.7,  327.2,  324.9,  325.0,  326.6,  329.1,  328.7,  328.2,  328.8,  330.5,  332.7,  329.0,  329.1,  328.7,  328.0,  327.4,  327.3,  327.7,  328.4,  291.1,  292.5,  294.1,  295.1,  294.8,  293.4,  291.8,  290.9,  290.1,  289.7,  289.7,  290.4,  292.3,  294.9,  297.6,  294.7,  291.7,  289.4,  288.8,  289.4,  292.7,  293.2,  293.9,  294.6,  294.8,  294.3,  293.5,  292.9,  16.2,  48.5,  336.0,  0.122,  0.206,  0.023,  526.4,  524.1,  529.2,  538.3,  552.5,  575.0,  600.2,  633.0,  673.2,  715.8,  758.6,  798.7,  832.8,  857.4,  872.3,  881.7,  888.6,  547.2,  567.1,  593.7,  621.2,  646.2,  717.7,  750.6,  780.5,  811.2,  836.0,  679.6,  676.3,  672.6,  668.8,  639.0,  654.6,  672.3,  693.5,  713.3,  580.1,  598.7,  621.8,  640.1,  619.8,  596.7,  732.5,  752.0,  775.5,  794.8,  777.1,  754.1,  616.4,  636.9,  659.7,  675.3,  693.7,  719.9,  746.6,  719.5,  694.0,  674.1,  656.9,  635.2,  627.2,  659.3,  675.3,  694.1,  735.0,  692.3,  673.7,  657.5,  349.6,  401.2,  454.3,  506.5,  558.8,  607.5,  649.8,  683.0,  694.4,  690.5,  667.1,  631.6,  589.8,  540.8,  486.7,  431.2,  373.3,  337.3,  321.6,  320.3,  326.7,  336.1,  339.1,  330.5,  327.3,  333.1,  351.2,  378.0,  414.1,  450.4,  487.6,  501.3,  510.9,  518.4,  512.2,  505.8,  375.8,  367.1,  369.3,  383.3,  387.8,  386.5,  387.2,  375.4,  376.8,  386.9,  395.4,  394.5,  566.3,  558.0,  552.8,  558.8,  555.5,  562.2,  572.1,  597.1,  605.9,  606.9,  603.6,  593.0,  569.6,  569.9,  572.9,  572.1,  574.7,  578.7,  579.5,  575.9,  -48.6,  -50.3,  -48.9,  -45.5,  -39.0,  -28.8,  -17.3,  -3.0,  13.8,  31.5,  50.1,  68.0,  82.6,  92.2,  96.6,  98.0,  99.3,  -36.4,  -27.9,  -17.3,  -7.0,  2.3,  27.7,  39.4,  50.2,  61.4,  70.8,  14.3,  13.0,  11.5,  10.1,  -0.4,  5.4,  11.8,  19.5,  26.9,  -23.2,  -15.7,  -6.9,  0.0,  -7.6,  -16.5,  34.0,  40.7,  49.1,  56.4,  49.8,  41.5,  -9.4,  -1.2,  7.4,  13.1,  19.8,  29.9,  41.0,  29.9,  20.1,  12.8,  6.4,  -1.8,  -5.1,  7.3,  13.3,  20.2,  36.4,  19.4,  12.6,  6.6,  -4.4,  17.9,  41.7,  65.5,  88.7,  109.5,  125.9,  136.1,  138.5,  137.2,  129.6,  116.3,  98.4,  76.6,  52.7,  28.9,  5.3,  -8.9,  -14.7,  -14.9,  -12.3,  -8.7,  -7.5,  -10.5,  -11.7,  -9.6,  -3.2,  6.5,  19.4,  32.0,  44.8,  52.7,  55.5,  57.7,  55.6,  53.5,  6.1,  2.7,  3.5,  8.8,  10.5,  10.1,  10.0,  5.6,  6.1,  9.8,  12.8,  12.6,  82.3,  75.6,  72.1,  73.8,  72.2,  75.7,  81.6,  89.3,  91.7,  92.4,  92.0,  89.7,  82.7,  79.4,  79.8,  79.2,  82.2,  81.3,  81.9,  81.2,  374.7,  380.0,  386.6,  391.3,  390.5,  387.2,  380.0,  368.6,  362.4,  363.2,  369.4,  374.6,  374.7,  370.9,  363.8,  354.9,  349.6,  343.5,  334.8,  327.9,  322.8,  318.3,  311.8,  312.0,  312.8,  313.8,  316.2,  316.3,  313.3,  310.1,  307.4,  326.4,  321.8,  318.8,  319.6,  321.1,  339.1,  333.5,  330.6,  328.9,  331.0,  334.2,  321.6,  318.0,  317.0,  318.7,  317.7,  318.7,  349.2,  333.8,  327.2,  325.0,  323.2,  327.6,  336.7,  329.4,  326.2,  327.3,  330.3,  336.9,  345.3,  330.9,  328.2,  326.8,  334.9,  325.1,  326.3,  329.1,  2.594,  0.288,  0.192,  0.025,  683.610,  485.725,  -34.582,  -11.278,  -16.434,  13.977,  -13.787,  8.248,  7.942,  -4.456,  -0.211,  -12.143,  -10.461,  7.130,  0.137,  -2.103,  0.222,  2.755,  -0.412,  -0.017,  2.686,  -4.424,  2.501,  -3.761,  -1.129,  -1.046,  -0.494,  3.069,  1.065,  -0.315,  -0.042,  0.589,  0.422,  -0.423,  0.372,  0.370, 0.04, 0.34, 0.44, 0.09, 0.00, 0.38, 0.00, 0.00, 0.00, 0.00, 0.23, 0.03, 0.13, 0.09, 1.72, 1.81, 0.00, 0.00, 0.00, 0.00, 0.00, 0.00, 0.00, 0.00, 0.00, 0.00, 0.00, 0.00, 0.00, 0.00, 0.00, 1.00, 1.00, 0.00, 0.00
78,  0,  2.569,  0.98,  1,  0.030142,  0.175342,  -0.984046,  -0.247305,  0.235085,  -0.939987,  -0.112,  0.210,  606.8,  611.5,  622.4,  633.3,  637.7,  633.8,  622.0,  611.2,  592.2,  596.5,  604.9,  617.2,  630.3,  639.7,  645.9,  638.1,  627.6,  616.3,  606.3,  598.0,  617.7,  622.4,  627.1,  629.1,  627.2,  622.5,  617.9,  615.9,  752.2,  756.6,  768.8,  781.7,  787.7,  783.3,  771.1,  757.1,  742.0,  750.0,  760.6,  773.8,  785.7,  794.2,  800.2,  793.8,  785.9,  776.0,  763.8,  751.7,  763.4,  769.8,  775.8,  778.0,  775.0,  768.7,  762.7,  760.5,  372.9,  362.6,  358.8,  363.8,  374.6,  385.4,  388.7,  383.7,  376.0,  371.2,  369.3,  368.3,  370.1,  374.8,  382.0,  385.1,  387.1,  387.5,  385.4,  381.4,  377.3,  379.4,  377.8,  373.4,  368.8,  366.7,  368.3,  372.7,  384.1,  370.3,  364.2,  369.4,  382.7,  396.5,  402.6,  398.5,  387.6,  379.6,  375.2,  374.3,  376.9,  380.7,  387.0,  392.0,  395.1,  396.6,  395.3,  392.6,  390.6,  393.2,  390.2,  383.4,  376.8,  374.3,  377.3,  384.0,  -12.4,  -10.6,  -6.5,  -2.5,  -0.9,  -2.3,  -6.7,  -10.8,  -18.2,  -16.4,  -13.0,  -8.4,  -3.6,  -0.1,  2.2,  -0.7,  -4.6,  -8.9,  -12.7,  -15.9,  -8.3,  -6.6,  -4.8,  -4.1,  -4.8,  -6.5,  -8.3,  -9.0,  37.7,  39.3,  43.6,  48.2,  50.2,  48.6,  44.2,  39.4,  34.2,  36.8,  40.4,  44.9,  49.2,  52.6,  55.1,  52.4,  49.3,  45.5,  41.4,  37.4,  41.7,  44.0,  46.1,  46.9,  45.9,  43.7,  41.5,  40.7,  4.8,  1.0,  -0.4,  1.4,  5.4,  9.5,  10.7,  8.9,  6.1,  4.2,  3.4,  3.0,  3.7,  5.5,  8.2,  9.4,  10.1,  10.3,  9.5,  8.1,  6.5,  7.3,  6.7,  5.0,  3.3,  2.5,  3.1,  4.8,  8.1,  3.5,  1.4,  3.2,  7.7,  12.4,  14.4,  12.9,  9.3,  6.6,  5.1,  4.8,  5.7,  7.0,  9.3,  10.9,  11.9,  12.3,  11.8,  10.9,  10.3,  11.2,  10.2,  8.0,  5.7,  4.8,  5.8,  8.1,  326.6,  324.9,  324.0,  324.2,  325.5,  327.5,  328.2,  327.9,  333.0,  329.2,  325.7,  323.3,  323.5,  325.2,  327.7,  327.3,  326.7,  327.3,  329.0,  331.1,  327.6,  327.7,  327.3,  326.6,  326.0,  325.9,  326.3,  327.0,  294.0,  294.9,  296.3,  297.4,  297.6,  296.7,  295.3,  294.3,  293.6,  293.0,  292.9,  293.6,  295.6,  298.3,  301.1,  298.3,  295.4,  293.1,  292.3,  292.9,  295.8,  296.3,  297.0,  297.5,  297.4,  296.9,  296.2,  295.7,  19.2,  48.4,  335.4,  0.123,  0.197,  0.029,  533.2,  530.8,  535.5,  544.0,  558.0,  580.1,  604.9,  637.2,  678.0,  721.9,  765.7,  806.5,  840.4,  864.3,  879.0,  888.4,  895.2,  555.3,  575.5,  602.3,  629.7,  654.9,  727.0,  760.0,  789.7,  820.1,  844.1,  688.9,  685.4,  681.6,  677.8,  646.9,  662.8,  680.8,  702.1,  721.9,  588.3,  606.9,  629.9,  648.2,  627.8,  604.8,  741.1,  760.7,  783.9,  803.0,  785.2,  762.4,  623.2,  644.8,  668.1,  683.7,  702.2,  728.3,  755.0,  727.5,  701.9,  681.9,  664.8,  642.8,  633.9,  667.6,  683.6,  702.5,  743.4,  700.5,  681.8,  665.7,  347.6,  399.0,  452.2,  504.4,  556.9,  605.7,  647.9,  681.7,  693.9,  690.2,  666.0,  629.8,  587.7,  539.2,  486.1,  431.9,  375.1,  336.8,  321.9,  320.6,  327.1,  336.9,  339.8,  331.5,  328.7,  334.7,  352.7,  378.8,  415.0,  451.3,  488.5,  501.6,  511.5,  519.2,  513.1,  506.5,  375.8,  367.3,  369.6,  383.2,  387.7,  386.4,  387.1,  375.7,  377.4,  387.3,  395.4,  394.3,  566.1,  558.5,  553.7,  559.6,  556.3,  562.3,  571.5,  596.0,  604.9,  606.0,  602.7,  592.3,  569.5,  570.6,  573.5,  572.5,  574.3,  578.3,  579.2,  575.6,  -45.7,  -47.4,  -46.1,  -42.9,  -36.6,  -26.5,  -15.2,  -1.2,  15.7,  34.0,  53.1,  71.5,  86.1,  95.4,  99.7,  101.2,  102.6,  -33.1,  -24.6,  -14.1,  -3.8,  5.4,  31.0,  42.9,  53.7,  64.8,  74.1,  17.6,  16.2,  14.7,  13.2,  2.6,  8.3,  14.8,  22.6,  30.0,  -19.9,  -12.6,  -3.8,  3.1,  -4.6,  -13.4,  37.2,  43.9,  52.2,  59.5,  52.8,  44.6,  -6.7,  1.8,  10.5,  16.2,  23.0,  33.1,  44.4,  32.9,  23.0,  15.6,  9.3,  1.1,  -2.4,  10.4,  16.3,  23.3,  39.7,  22.4,  15.5,  9.6,  -5.3,  16.9,  40.7,  64.5,  87.8,  108.6,  124.9,  135.4,  138.1,  137.0,  129.4,  115.8,  97.9,  76.2,  52.6,  29.3,  6.1,  -9.1,  -14.5,  -14.7,  -12.1,  -8.4,  -7.2,  -10.2,  -11.2,  -9.1,  -2.6,  6.8,  19.6,  32.2,  45.0,  52.7,  55.5,  57.8,  55.8,  53.7,  6.1,  2.8,  3.6,  8.7,  10.4,  10.0,  10.0,  5.7,  6.3,  10.0,  12.9,  12.5,  82.1,  75.6,  72.3,  74.0,  72.4,  75.8,  81.6,  88.8,  91.0,  91.6,  91.2,  89.1,  82.5,  79.5,  79.9,  79.3,  82.2,  80.8,  81.4,  80.7,  374.2,  379.7,  386.2,  391.0,  390.3,  387.0,  379.7,  368.2,  361.9,  363.0,  369.8,  375.7,  376.1,  372.2,  365.2,  356.5,  351.6,  341.8,  333.1,  326.4,  321.6,  317.2,  311.8,  312.6,  313.8,  315.0,  317.7,  315.7,  312.5,  309.0,  306.1,  325.4,  320.8,  317.8,  318.7,  320.5,  337.4,  331.8,  329.2,  327.8,  329.6,  332.5,  321.9,  318.5,  317.7,  319.6,  318.4,  319.1,  348.5,  333.1,  326.5,  324.5,  322.9,  327.8,  337.6,  329.2,  325.1,  325.9,  328.8,  335.6,  344.7,  330.2,  327.6,  326.5,  335.6,  324.0,  325.0,  327.7,  2.596,  0.289,  0.173,  0.032,  691.397,  485.616,  -30.388,  -8.582,  -16.078,  13.692,  -15.188,  9.416,  7.279,  -4.007,  0.103,  -10.534,  -10.713,  8.846,  -0.078,  -2.695,  0.493,  2.463,  0.061,  -0.934,  2.860,  -4.837,  3.083,  -3.305,  -0.611,  -1.020,  -0.345,  3.181,  1.468,  -0.537,  0.321,  0.507,  0.585,  -0.342,  0.527,  0.280, 0.05, 0.21, 0.32, 0.11, 0.00, 0.42, 0.00, 0.00, 0.01, 0.03, 0.23, 0.04, 0.18, 0.09, 1.52, 1.55, 0.00, 0.00, 0.00, 0.00, 0.00, 0.00, 0.00, 0.00, 0.00, 0.00, 0.00, 0.00, 0.00, 0.00, 0.00, 1.00, 1.00, 0.00, 0.00
79,  0,  2.603,  0.98,  1,  0.032989,  0.166519,  -0.985486,  -0.254615,  0.224016,  -0.940738,  -0.115,  0.200,  614.6,  619.5,  630.6,  641.5,  645.8,  641.8,  629.8,  618.9,  600.2,  604.5,  613.0,  625.6,  639.0,  647.9,  653.4,  645.5,  634.8,  623.4,  613.8,  605.7,  625.5,  630.3,  635.1,  637.2,  635.3,  630.6,  625.8,  623.7,  759.6,  764.2,  776.6,  789.6,  795.5,  791.0,  778.5,  764.5,  749.7,  757.7,  768.4,  781.7,  793.7,  802.4,  808.4,  802.1,  793.9,  783.3,  770.9,  759.0,  770.8,  777.4,  783.8,  786.1,  783.1,  776.4,  770.1,  767.8,  372.1,  361.9,  358.3,  363.4,  374.2,  384.9,  388.0,  382.9,  374.8,  370.1,  368.7,  368.1,  370.1,  374.6,  381.8,  385.0,  387.1,  387.1,  384.5,  380.2,  376.6,  378.8,  377.3,  372.9,  368.2,  366.0,  367.5,  371.9,  383.4,  370.2,  364.7,  370.1,  383.2,  396.4,  401.9,  397.6,  388.1,  380.1,  375.5,  374.5,  377.5,  382.2,  389.1,  391.8,  393.1,  393.4,  392.4,  391.1,  390.6,  393.3,  390.6,  383.9,  377.2,  374.5,  377.2,  383.9,  -9.4,  -7.6,  -3.5,  0.6,  2.1,  0.7,  -3.8,  -7.9,  -15.1,  -13.3,  -10.0,  -5.3,  -0.4,  2.9,  5.0,  2.0,  -1.9,  -6.2,  -9.8,  -12.9,  -5.4,  -3.6,  -1.8,  -1.0,  -1.7,  -3.5,  -5.3,  -6.1,  40.5,  42.2,  46.7,  51.3,  53.2,  51.4,  47.0,  42.1,  37.2,  39.8,  43.4,  48.1,  52.4,  55.9,  58.4,  55.7,  52.3,  48.4,  44.1,  40.2,  44.5,  46.8,  49.1,  50.0,  49.0,  46.7,  44.4,  43.5,  4.5,  0.7,  -0.6,  1.3,  5.3,  9.3,  10.5,  8.5,  5.6,  3.8,  3.2,  3.0,  3.7,  5.4,  8.1,  9.3,  10.1,  10.1,  9.2,  7.6,  6.2,  7.0,  6.4,  4.8,  3.0,  2.2,  2.8,  4.4,  7.9,  3.5,  1.6,  3.5,  7.9,  12.4,  14.2,  12.7,  9.5,  6.8,  5.2,  4.9,  6.0,  7.6,  10.1,  10.9,  11.3,  11.3,  10.9,  10.5,  10.4,  11.4,  10.4,  8.2,  5.9,  4.9,  5.9,  8.1,  325.1,  323.3,  322.3,  322.6,  324.1,  326.2,  326.9,  326.6,  331.2,  327.3,  323.9,  321.6,  321.8,  323.6,  326.2,  325.9,  325.4,  326.0,  327.7,  329.6,  326.2,  326.3,  325.9,  325.1,  324.5,  324.3,  324.8,  325.6,  296.3,  297.7,  299.2,  299.9,  299.5,  298.1,  296.7,  296.0,  296.3,  296.0,  296.0,  296.7,  298.5,  301.1,  303.5,  300.6,  297.7,  295.4,  294.8,  295.4,  297.7,  298.1,  298.8,  299.5,  299.8,  299.4,  298.6,  297.9,  22.2,  48.0,  334.5,  0.108,  0.199,  0.020,  540.1,  538.0,  542.2,  550.5,  564.9,  587.5,  613.1,  645.3,  688.0,  734.8,  780.0,  820.6,  851.9,  873.1,  886.5,  895.0,  901.1,  563.5,  583.9,  610.5,  637.9,  663.1,  735.6,  768.9,  799.0,  828.9,  851.6,  698.1,  694.0,  689.8,  685.8,  653.8,  670.1,  688.6,  710.1,  730.0,  596.5,  615.0,  637.5,  655.5,  635.3,  612.6,  749.1,  769.0,  791.7,  810.5,  792.4,  770.1,  629.3,  652.4,  676.1,  691.4,  709.6,  735.7,  763.4,  734.5,  708.4,  689.0,  672.3,  650.0,  639.4,  675.8,  691.4,  710.2,  751.9,  707.8,  689.3,  673.8,  356.0,  406.5,  458.8,  510.3,  561.4,  608.6,  649.5,  682.0,  693.0,  686.7,  658.6,  620.0,  576.7,  529.4,  479.9,  430.6,  378.8,  335.9,  322.0,  319.9,  326.8,  337.5,  340.4,  332.5,  329.6,  336.0,  353.4,  379.3,  415.5,  451.9,  488.9,  502.2,  512.0,  519.9,  513.9,  506.8,  375.2,  366.8,  369.2,  382.7,  386.9,  385.6,  386.8,  375.8,  377.5,  387.6,  395.0,  393.8,  564.6,  558.7,  554.8,  560.5,  556.9,  561.7,  568.9,  591.7,  600.2,  601.6,  598.7,  589.1,  567.9,  570.9,  573.6,  572.3,  571.8,  575.1,  576.5,  573.4,  -43.3,  -44.8,  -43.5,  -40.2,  -33.6,  -23.3,  -11.7,  2.2,  19.7,  39.1,  58.8,  77.1,  90.6,  98.7,  102.7,  104.3,  106.0,  -30.0,  -21.4,  -11.0,  -0.8,  8.4,  34.1,  46.2,  57.4,  68.6,  77.6,  20.9,  19.2,  17.4,  15.8,  5.1,  11.0,  17.5,  25.4,  32.8,  -16.8,  -9.5,  -1.0,  5.8,  -1.8,  -10.4,  40.3,  47.1,  55.3,  62.7,  55.7,  47.6,  -4.3,  4.7,  13.4,  19.0,  25.6,  35.8,  47.7,  35.4,  25.3,  18.1,  12.0,  3.8,  -0.2,  13.4,  19.2,  26.1,  43.0,  25.0,  18.2,  12.6,  -1.7,  20.4,  44.0,  67.6,  90.2,  110.2,  125.6,  135.0,  136.9,  134.7,  125.5,  111.0,  92.6,  71.7,  50.0,  28.9,  7.6,  -9.4,  -14.5,  -15.0,  -12.2,  -8.1,  -7.0,  -9.9,  -11.0,  -8.7,  -2.4,  6.9,  19.7,  32.2,  44.6,  52.6,  55.4,  57.7,  55.7,  53.5,  5.9,  2.6,  3.4,  8.5,  10.1,  9.7,  9.9,  5.8,  6.4,  10.1,  12.8,  12.3,  81.4,  75.5,  72.4,  74.1,  72.5,  75.5,  80.8,  86.9,  88.7,  89.3,  89.0,  87.3,  81.8,  79.2,  79.7,  79.0,  81.4,  79.2,  79.9,  79.3,  379.4,  384.3,  389.6,  393.2,  391.8,  387.9,  379.7,  366.8,  359.8,  360.7,  367.9,  373.5,  374.1,  370.5,  364.5,  357.8,  355.1,  342.5,  333.4,  326.3,  320.8,  316.2,  311.6,  313.5,  315.6,  317.8,  321.1,  315.0,  311.0,  306.6,  302.8,  323.5,  318.8,  315.7,  316.8,  318.8,  337.2,  331.5,  328.8,  327.8,  329.1,  331.9,  322.8,  319.6,  319.0,  321.5,  319.5,  320.0,  348.0,  332.3,  325.1,  323.4,  322.1,  327.6,  338.4,  328.2,  323.0,  323.4,  326.1,  333.6,  344.3,  328.7,  326.3,  325.7,  336.2,  322.3,  322.7,  325.3,  2.599,  0.274,  0.171,  0.023,  699.446,  485.046,  -21.172,  0.784,  -13.984,  11.704,  -12.535,  10.291,  3.810,  -8.187,  -1.572,  -4.328,  -6.709,  9.996,  -0.817,  -5.281,  2.643,  0.458,  0.976,  -1.024,  3.844,  -4.869,  3.453,  -3.027,  -0.647,  -1.964,  -0.556,  3.175,  1.289,  0.083,  0.410,  0.402,  0.818,  -0.291,  0.706,  0.094, 0.05, 0.21, 0.23, 0.07, 0.00, 0.26, 0.00, 0.00, 0.07, 0.10, 0.17, 0.16, 0.16, 0.14, 1.05, 0.91, 0.00, 0.00, 0.00, 0.00, 0.00, 0.00, 0.00, 0.00, 0.00, 0.00, 1.00, 0.00, 0.00, 0.00, 0.00, 1.00, 0.00, 0.00, 0.00
80,  0,  2.636,  0.98,  1,  0.027770,  0.162926,  -0.986247,  -0.256424,  0.216507,  -0.942004,  -0.118,  0.194,  621.3,  626.3,  637.4,  648.2,  652.3,  648.1,  636.2,  625.4,  606.8,  611.2,  619.7,  632.4,  645.7,  654.5,  659.8,  651.9,  641.2,  629.8,  620.2,  612.2,  632.0,  636.8,  641.7,  643.8,  642.0,  637.3,  632.4,  630.2,  766.4,  770.9,  783.2,  796.1,  802.1,  797.6,  785.3,  771.3,  756.4,  764.2,  774.7,  788.2,  800.3,  808.7,  814.4,  808.2,  800.3,  790.1,  777.7,  765.8,  777.3,  784.1,  790.4,  792.8,  789.7,  783.0,  776.6,  774.3,  371.4,  361.3,  357.9,  363.1,  373.9,  384.5,  387.4,  382.2,  374.0,  369.3,  367.9,  367.5,  369.7,  374.4,  381.7,  384.8,  386.6,  386.5,  383.8,  379.5,  376.1,  378.4,  376.9,  372.5,  367.7,  365.4,  366.9,  371.4,  384.4,  371.0,  365.2,  370.5,  383.7,  397.1,  402.9,  398.7,  388.9,  380.7,  376.2,  375.2,  378.1,  382.6,  389.6,  392.7,  394.3,  394.9,  393.8,  392.2,  391.5,  394.2,  391.3,  384.3,  377.5,  374.7,  377.7,  384.6,  -7.0,  -5.1,  -0.9,  3.0,  4.6,  3.0,  -1.4,  -5.5,  -12.6,  -10.8,  -7.5,  -2.8,  2.1,  5.4,  7.4,  4.4,  0.5,  -3.8,  -7.4,  -10.5,  -3.0,  -1.2,  0.6,  1.4,  0.8,  -1.0,  -2.8,  -3.6,  42.6,  44.3,  48.7,  53.3,  55.3,  53.6,  49.2,  44.3,  39.3,  41.8,  45.4,  50.1,  54.5,  57.9,  60.4,  57.7,  54.4,  50.6,  46.3,  42.3,  46.6,  49.0,  51.3,  52.2,  51.1,  48.8,  46.5,  45.6,  4.2,  0.5,  -0.8,  1.1,  5.2,  9.2,  10.3,  8.3,  5.3,  3.5,  2.9,  2.7,  3.6,  5.3,  8.1,  9.2,  9.9,  9.9,  8.9,  7.4,  6.0,  6.9,  6.3,  4.6,  2.9,  2.0,  2.6,  4.2,  8.2,  3.7,  1.8,  3.6,  8.1,  12.6,  14.5,  13.1,  9.8,  7.0,  5.4,  5.1,  6.2,  7.8,  10.3,  11.2,  11.6,  11.7,  11.4,  10.8,  10.7,  11.6,  10.7,  8.3,  6.0,  5.0,  6.0,  8.4,  325.8,  324.0,  323.0,  323.3,  324.8,  326.8,  327.5,  327.2,  332.0,  328.2,  324.7,  322.4,  322.7,  324.5,  327.1,  326.7,  326.2,  326.8,  328.5,  330.4,  326.9,  327.0,  326.6,  325.8,  325.2,  325.0,  325.5,  326.2,  295.3,  296.4,  297.8,  298.8,  298.8,  297.7,  296.2,  295.4,  295.3,  294.8,  294.8,  295.6,  297.5,  300.2,  302.8,  300.0,  297.2,  294.8,  294.0,  294.5,  296.9,  297.4,  298.2,  298.8,  298.8,  298.3,  297.5,  297.0,  24.5,  47.8,  335.6,  0.110,  0.206,  0.021,  547.1,  544.9,  548.4,  555.8,  569.9,  592.3,  617.9,  649.3,  692.2,  740.1,  786.5,  827.7,  858.4,  878.9,  892.1,  900.6,  907.1,  569.7,  590.7,  617.6,  645.0,  670.5,  742.5,  776.0,  806.2,  836.0,  858.1,  705.3,  700.6,  695.8,  691.4,  659.1,  675.4,  694.0,  715.7,  735.7,  603.2,  621.7,  644.1,  661.9,  641.6,  618.9,  755.7,  775.6,  798.2,  816.9,  798.7,  776.5,  632.8,  657.4,  681.5,  696.9,  715.9,  741.8,  770.3,  740.3,  713.9,  693.9,  677.1,  654.3,  642.5,  681.1,  696.9,  716.4,  759.0,  713.9,  694.7,  679.0,  355.7,  407.2,  460.5,  512.4,  563.3,  609.3,  648.2,  679.2,  689.8,  683.3,  654.7,  616.1,  572.9,  526.0,  478.0,  430.6,  380.5,  334.7,  321.3,  319.2,  326.3,  337.6,  340.8,  333.5,  330.8,  337.1,  354.2,  379.3,  415.5,  451.7,  488.7,  502.1,  512.1,  520.2,  514.3,  507.1,  374.4,  366.1,  368.7,  382.7,  386.6,  385.1,  387.7,  376.4,  378.1,  388.7,  395.9,  394.6,  561.7,  558.0,  555.5,  561.1,  557.7,  561.3,  566.6,  587.6,  595.9,  597.5,  594.6,  585.5,  565.3,  570.3,  573.2,  571.7,  569.7,  572.8,  574.5,  571.4,  -40.6,  -42.1,  -41.0,  -38.0,  -31.6,  -21.3,  -9.6,  3.9,  21.5,  41.3,  61.6,  80.1,  93.3,  101.1,  105.1,  106.9,  109.1,  -27.7,  -18.9,  -8.4,  1.9,  11.0,  36.6,  48.8,  60.2,  71.5,  80.5,  23.6,  21.6,  19.6,  17.8,  7.1,  12.9,  19.5,  27.5,  34.9,  -14.2,  -6.9,  1.6,  8.2,  0.6,  -8.0,  42.9,  49.7,  57.9,  65.3,  58.2,  50.1,  -2.9,  6.6,  15.5,  21.2,  28.1,  38.4,  50.7,  37.8,  27.4,  20.0,  13.9,  5.5,  1.0,  15.5,  21.3,  28.6,  46.0,  27.3,  20.2,  14.6,  -1.9,  20.9,  45.0,  68.8,  91.4,  111.0,  125.5,  134.1,  135.6,  133.3,  123.9,  109.3,  90.9,  70.2,  49.2,  29.0,  8.4,  -9.9,  -14.8,  -15.3,  -12.4,  -8.1,  -6.9,  -9.5,  -10.6,  -8.4,  -2.2,  7.0,  19.8,  32.2,  44.5,  52.7,  55.5,  57.9,  56.0,  53.7,  5.6,  2.3,  3.3,  8.5,  10.0,  9.5,  10.3,  6.0,  6.6,  10.6,  13.2,  12.7,  80.6,  75.6,  73.0,  74.7,  73.2,  75.8,  80.4,  85.7,  87.3,  88.0,  87.7,  86.3,  81.2,  79.3,  79.8,  79.2,  81.0,  78.7,  79.4,  78.8,  382.3,  387.0,  391.9,  395.2,  393.6,  389.5,  381.1,  367.6,  359.9,  360.7,  367.9,  373.4,  373.7,  370.1,  364.8,  359.1,  357.5,  344.4,  334.8,  327.3,  321.3,  316.4,  312.2,  314.4,  316.8,  319.3,  323.1,  315.9,  311.6,  307.0,  302.9,  324.4,  319.4,  316.2,  317.2,  319.3,  338.2,  332.2,  329.4,  328.8,  329.8,  332.6,  324.1,  320.8,  320.2,  322.9,  320.6,  321.1,  349.7,  334.3,  326.9,  325.2,  324.1,  329.6,  340.4,  329.6,  323.9,  324.1,  326.9,  334.8,  346.2,  330.0,  327.7,  327.3,  338.1,  323.5,  323.7,  326.3,  2.590,  0.272,  0.175,  0.025,  705.402,  484.282,  -19.380,  3.932,  -12.633,  9.076,  -9.682,  12.542,  1.596,  -10.817,  -2.204,  -0.951,  -5.879,  11.212,  -1.643,  -5.171,  2.931,  0.074,  0.717,  -1.522,  3.327,  -4.618,  4.502,  -2.738,  -1.608,  -1.985,  0.097,  2.524,  0.777,  0.465,  0.157,  0.495,  0.951,  -0.320,  0.619,  0.036, 0.05, 0.14, 0.14, 0.07, 0.00, 0.27, 0.00, 0.00, 0.16, 0.23, 0.08, 0.32, 0.17, 0.29, 0.58, 0.28, 0.00, 0.00, 0.00, 0.00, 0.00, 0.00, 0.00, 0.00, 0.00, 0.00, 1.00, 0.00, 0.00, 0.00, 1.00, 0.00, 0.00, 0.00, 0.00
81,  0,  2.669,  0.98,  1,  0.015897,  0.174800,  -0.984476,  -0.263372,  0.211076,  -0.941320,  -0.128,  0.198,  626.9,  632.0,  643.1,  653.8,  657.7,  653.4,  641.4,  630.8,  612.5,  617.0,  625.6,  638.0,  651.1,  659.9,  665.2,  657.4,  646.7,  635.3,  625.7,  617.7,  637.6,  642.1,  646.9,  649.0,  647.4,  642.9,  638.1,  636.0,  771.6,  776.3,  788.8,  801.8,  807.6,  802.9,  790.4,  776.3,  761.2,  769.4,  780.3,  793.8,  805.8,  814.3,  819.9,  813.7,  805.6,  795.2,  782.7,  770.7,  782.7,  789.3,  795.7,  798.1,  795.1,  788.5,  782.1,  779.7,  371.0,  360.9,  357.6,  363.0,  373.9,  384.5,  387.3,  381.9,  373.2,  368.6,  367.3,  366.9,  369.3,  374.1,  381.3,  384.4,  386.2,  386.0,  383.2,  378.8,  375.8,  378.1,  376.6,  372.4,  367.7,  365.5,  366.9,  371.1,  385.3,  371.8,  366.1,  371.6,  385.0,  398.5,  404.2,  399.8,  389.7,  381.7,  377.1,  376.3,  379.3,  383.9,  390.8,  393.9,  395.5,  396.0,  394.8,  393.1,  392.5,  395.3,  392.4,  385.5,  378.7,  375.9,  378.8,  385.6,  -4.9,  -3.0,  1.2,  5.1,  6.6,  5.0,  0.5,  -3.5,  -10.5,  -8.7,  -5.4,  -0.7,  4.1,  7.5,  9.5,  6.5,  2.5,  -1.8,  -5.4,  -8.5,  -0.9,  0.8,  2.6,  3.4,  2.8,  1.1,  -0.7,  -1.5,  44.0,  45.7,  50.2,  54.7,  56.7,  54.9,  50.4,  45.6,  40.5,  43.2,  46.8,  51.5,  55.9,  59.3,  61.7,  59.0,  55.7,  51.8,  47.5,  43.6,  48.0,  50.3,  52.6,  53.5,  52.5,  50.1,  47.9,  47.0,  4.1,  0.3,  -0.9,  1.1,  5.2,  9.2,  10.3,  8.3,  5.0,  3.2,  2.7,  2.6,  3.5,  5.3,  8.0,  9.2,  9.8,  9.8,  8.8,  7.2,  5.9,  6.8,  6.3,  4.7,  2.9,  2.1,  2.6,  4.2,  8.5,  4.0,  2.1,  3.9,  8.5,  13.0,  14.8,  13.3,  9.9,  7.2,  5.7,  5.4,  6.5,  8.1,  10.6,  11.5,  11.9,  12.0,  11.6,  11.0,  10.9,  11.9,  10.9,  8.6,  6.3,  5.4,  6.3,  8.6,  328.9,  327.3,  326.3,  326.5,  327.9,  329.9,  330.6,  330.3,  335.0,  331.2,  327.8,  325.6,  325.9,  327.6,  330.1,  329.7,  329.2,  329.8,  331.4,  333.4,  330.0,  330.1,  329.7,  329.0,  328.4,  328.3,  328.7,  329.4,  292.5,  293.6,  295.1,  296.1,  296.1,  295.0,  293.5,  292.6,  292.6,  292.1,  292.1,  292.9,  294.9,  297.6,  300.2,  297.4,  294.5,  292.1,  291.4,  291.8,  294.2,  294.7,  295.5,  296.0,  296.1,  295.6,  294.8,  294.2,  25.9,  47.7,  335.7,  0.108,  0.207,  0.042,  552.9,  549.9,  552.6,  558.9,  572.1,  593.8,  618.3,  648.1,  689.8,  736.9,  783.9,  826.4,  859.0,  881.3,  895.8,  905.5,  913.4,  574.7,  595.9,  623.3,  651.2,  677.1,  747.6,  781.2,  811.7,  842.1,  864.6,  710.9,  705.7,  700.4,  695.4,  662.5,  678.7,  697.4,  719.5,  739.9,  608.6,  627.5,  649.9,  667.5,  647.0,  624.2,  760.8,  781.0,  803.6,  822.3,  803.9,  781.7,  634.2,  660.0,  684.6,  699.9,  719.1,  745.2,  774.9,  743.0,  716.0,  695.8,  679.2,  656.3,  643.7,  683.8,  699.5,  719.3,  763.4,  716.6,  697.1,  681.6,  347.5,  400.4,  455.3,  508.4,  560.2,  606.3,  644.7,  675.6,  687.2,  682.9,  656.8,  620.2,  578.2,  531.7,  483.2,  434.8,  383.5,  334.2,  320.4,  318.4,  325.9,  337.6,  341.5,  334.7,  332.4,  339.0,  356.8,  379.2,  415.4,  451.7,  488.7,  501.3,  511.6,  520.2,  514.6,  507.6,  373.3,  365.4,  368.4,  382.6,  386.1,  384.3,  388.7,  377.2,  379.2,  390.2,  397.1,  395.5,  558.7,  556.8,  555.3,  561.1,  558.0,  561.5,  565.8,  586.1,  593.9,  595.2,  592.1,  582.6,  562.8,  569.5,  572.7,  571.3,  569.1,  571.6,  572.9,  569.6,  -38.1,  -39.8,  -39.1,  -36.6,  -30.5,  -20.5,  -9.5,  3.4,  20.5,  39.9,  60.6,  79.8,  93.9,  102.6,  107.3,  109.7,  112.6,  -25.8,  -16.9,  -6.2,  4.1,  13.4,  38.4,  50.8,  62.3,  74.0,  83.2,  25.6,  23.4,  21.2,  19.2,  8.3,  14.1,  20.7,  28.8,  36.4,  -12.1,  -4.7,  3.7,  10.3,  2.7,  -6.0,  44.8,  51.8,  60.0,  67.4,  60.1,  52.1,  -2.3,  7.6,  16.7,  22.3,  29.3,  39.7,  52.7,  38.8,  28.1,  20.6,  14.6,  6.2,  1.5,  16.5,  22.3,  29.7,  47.9,  28.3,  21.1,  15.5,  -5.4,  17.9,  42.6,  66.9,  89.9,  109.5,  123.9,  132.5,  134.5,  133.0,  125.0,  111.4,  93.6,  73.0,  51.7,  30.9,  9.7,  -10.2,  -15.2,  -15.6,  -12.5,  -8.1,  -6.6,  -9.1,  -10.0,  -7.7,  -1.2,  6.9,  19.8,  32.2,  44.5,  52.4,  55.3,  57.8,  56.0,  53.8,  5.2,  2.1,  3.2,  8.5,  9.8,  9.2,  10.6,  6.3,  7.0,  11.1,  13.6,  13.0,  79.6,  75.4,  73.1,  74.9,  73.5,  76.1,  80.4,  85.2,  86.4,  86.9,  86.5,  85.2,  80.4,  79.1,  79.7,  79.1,  81.1,  78.1,  78.7,  78.1,  382.7,  387.0,  391.6,  394.7,  393.1,  389.1,  380.9,  367.4,  359.7,  360.5,  368.4,  374.7,  375.3,  371.9,  367.0,  361.5,  360.4,  345.3,  335.5,  327.8,  321.6,  316.2,  312.6,  314.9,  317.5,  320.2,  324.2,  316.0,  311.8,  307.0,  302.8,  324.7,  319.3,  315.8,  317.0,  319.2,  338.1,  332.1,  329.4,  328.8,  329.7,  332.3,  324.5,  321.4,  320.7,  323.4,  321.1,  321.6,  350.6,  335.2,  327.6,  325.9,  324.8,  330.5,  341.7,  329.6,  323.1,  323.3,  326.2,  334.9,  347.0,  330.4,  328.1,  327.7,  339.3,  323.1,  323.3,  326.0,  2.587,  0.267,  0.170,  0.047,  708.970,  483.865,  -16.319,  1.956,  -10.974,  8.710,  -8.996,  15.858,  1.773,  -9.762,  -1.798,  -1.163,  -8.753,  13.392,  -2.235,  -4.063,  1.319,  0.922,  0.930,  -2.002,  2.475,  -4.576,  5.286,  -2.978,  -1.059,  -1.547,  0.458,  2.454,  1.174,  0.318,  0.287,  0.517,  1.127,  -0.287,  0.662,  0.098, 0.03, 0.12, 0.07, 0.00, 0.00, 0.12, 0.00, 0.00, 0.28, 0.35, 0.04, 0.46, 0.28, 0.49, 0.26, 0.00, 0.00, 0.00, 0.00, 0.00, 0.00, 0.00, 0.00, 0.00, 0.00, 0.00, 1.00, 0.00, 1.00, 0.00, 1.00, 0.00, 0.00, 0.00, 0.00
82,  0,  2.703,  0.98,  1,  0.012543,  0.166121,  -0.986026,  -0.267846,  0.205550,  -0.941280,  -0.132,  0.191,  631.9,  637.2,  648.5,  659.1,  662.8,  658.3,  646.3,  635.7,  617.3,  622.0,  630.6,  643.2,  656.3,  665.0,  670.1,  662.2,  651.6,  640.1,  630.5,  622.6,  642.6,  647.2,  652.0,  654.3,  652.7,  648.1,  643.2,  640.9,  776.3,  781.2,  793.9,  806.8,  812.5,  807.6,  794.9,  780.9,  765.8,  774.0,  784.9,  798.5,  810.7,  819.3,  824.9,  818.6,  810.4,  799.9,  787.3,  775.3,  787.3,  794.0,  800.5,  803.0,  800.1,  793.4,  786.9,  784.4,  370.8,  360.8,  357.7,  363.2,  374.1,  384.6,  387.2,  381.7,  372.9,  368.4,  367.1,  366.9,  369.5,  374.4,  381.8,  384.8,  386.5,  386.2,  383.2,  378.6,  375.7,  378.1,  376.7,  372.4,  367.7,  365.3,  366.7,  371.0,  386.4,  373.0,  367.6,  373.3,  386.8,  400.1,  405.6,  401.0,  391.0,  382.9,  378.4,  377.6,  380.9,  385.8,  393.0,  395.7,  396.9,  397.0,  395.8,  394.2,  393.9,  396.8,  394.0,  387.2,  380.2,  377.3,  380.1,  386.9,  -3.0,  -1.0,  3.1,  7.1,  8.5,  6.9,  2.4,  -1.6,  -8.6,  -6.8,  -3.5,  1.2,  6.0,  9.3,  11.3,  8.3,  4.3,  0.1,  -3.6,  -6.6,  1.0,  2.7,  4.5,  5.3,  4.7,  3.0,  1.2,  0.4,  45.5,  47.3,  51.8,  56.3,  58.2,  56.3,  51.8,  47.0,  42.0,  44.6,  48.2,  52.9,  57.4,  60.8,  63.3,  60.5,  57.2,  53.2,  48.9,  45.0,  49.4,  51.7,  54.0,  55.0,  54.0,  51.7,  49.4,  48.4,  4.0,  0.3,  -0.9,  1.2,  5.3,  9.2,  10.2,  8.1,  4.9,  3.1,  2.7,  2.6,  3.5,  5.3,  8.2,  9.3,  9.9,  9.8,  8.7,  7.1,  5.9,  6.8,  6.3,  4.7,  2.9,  2.0,  2.5,  4.1,  8.8,  4.4,  2.5,  4.5,  9.0,  13.5,  15.2,  13.7,  10.4,  7.6,  6.1,  5.9,  7.0,  8.8,  11.3,  12.1,  12.4,  12.3,  11.9,  11.4,  11.4,  12.4,  11.5,  9.2,  6.8,  5.8,  6.7,  9.0,  327.0,  325.3,  324.3,  324.7,  326.2,  328.2,  328.8,  328.5,  333.1,  329.3,  325.9,  323.7,  324.0,  325.8,  328.4,  328.0,  327.5,  328.0,  329.6,  331.5,  328.2,  328.3,  327.9,  327.2,  326.5,  326.4,  326.8,  327.5,  291.8,  293.0,  294.4,  295.4,  295.2,  294.0,  292.6,  291.8,  291.9,  291.4,  291.4,  292.1,  294.1,  296.8,  299.3,  296.5,  293.6,  291.3,  290.5,  291.1,  293.3,  293.8,  294.6,  295.2,  295.3,  294.8,  294.1,  293.5,  27.6,  47.8,  335.9,  0.102,  0.218,  0.041,  558.5,  555.2,  557.1,  563.0,  576.0,  598.0,  623.2,  653.6,  696.0,  743.9,  791.1,  833.2,  864.9,  886.6,  900.8,  910.2,  917.7,  580.5,  601.8,  628.7,  656.0,  681.5,  753.4,  786.8,  817.2,  847.2,  869.2,  716.0,  710.4,  704.7,  699.4,  666.3,  682.6,  701.2,  723.4,  743.6,  613.7,  632.6,  654.9,  672.4,  651.8,  629.1,  765.4,  786.0,  808.5,  827.1,  808.6,  786.4,  637.5,  663.5,  688.2,  703.4,  722.7,  748.9,  779.0,  746.5,  719.2,  699.1,  682.5,  659.5,  646.7,  687.4,  703.1,  722.9,  767.6,  720.1,  700.6,  685.2,  352.5,  404.4,  458.2,  510.8,  561.8,  607.6,  646.1,  676.7,  687.5,  681.9,  654.5,  617.5,  575.4,  529.3,  481.8,  434.9,  385.2,  333.4,  320.3,  318.5,  326.1,  338.1,  342.6,  336.3,  334.3,  341.2,  358.7,  380.2,  416.3,  452.6,  489.5,  501.7,  512.1,  520.7,  515.3,  508.4,  373.2,  365.4,  368.5,  383.0,  386.3,  384.3,  389.9,  378.6,  380.8,  391.8,  398.6,  396.9,  557.0,  555.9,  555.1,  560.9,  557.9,  561.1,  564.9,  585.1,  592.8,  594.0,  590.9,  581.2,  561.0,  568.9,  572.2,  570.8,  568.2,  570.7,  572.1,  568.8,  -35.9,  -37.7,  -37.3,  -34.9,  -28.9,  -18.8,  -7.3,  5.7,  23.0,  42.8,  63.6,  82.6,  96.3,  104.7,  109.3,  111.6,  114.5,  -23.5,  -14.7,  -4.2,  5.9,  15.0,  40.5,  52.9,  64.4,  75.9,  85.1,  27.5,  25.1,  22.7,  20.5,  9.8,  15.5,  22.1,  30.2,  37.8,  -10.2,  -2.8,  5.6,  12.2,  4.5,  -4.1,  46.6,  53.7,  61.8,  69.3,  61.9,  53.8,  -1.0,  9.0,  18.0,  23.6,  30.7,  41.1,  54.3,  40.1,  29.2,  21.8,  15.8,  7.4,  2.7,  17.9,  23.6,  31.0,  49.5,  29.6,  22.4,  16.8,  -3.3,  19.7,  44.1,  68.3,  91.0,  110.5,  124.7,  133.0,  134.6,  132.6,  123.9,  110.1,  92.2,  71.8,  51.0,  30.9,  10.4,  -10.5,  -15.2,  -15.6,  -12.5,  -7.9,  -6.2,  -8.5,  -9.3,  -6.9,  -0.5,  7.3,  20.1,  32.4,  44.7,  52.5,  55.5,  58.0,  56.2,  54.1,  5.1,  2.0,  3.2,  8.7,  9.9,  9.2,  11.1,  6.9,  7.6,  11.8,  14.2,  13.6,  79.0,  75.1,  73.0,  74.8,  73.4,  75.9,  80.0,  84.8,  85.9,  86.4,  86.0,  84.6,  79.8,  78.8,  79.5,  78.9,  80.7,  77.8,  78.4,  77.8,  385.0,  389.2,  393.4,  396.3,  394.6,  390.4,  381.5,  367.4,  359.5,  360.3,  368.2,  374.0,  374.6,  371.4,  366.6,  361.5,  360.7,  346.1,  336.2,  328.5,  322.1,  316.6,  312.7,  315.3,  318.0,  320.7,  324.7,  316.2,  311.7,  306.6,  302.1,  324.3,  319.1,  315.6,  316.8,  318.9,  338.8,  332.7,  329.9,  329.3,  330.1,  332.8,  324.9,  321.8,  321.2,  323.9,  321.4,  321.9,  350.9,  335.3,  327.4,  325.7,  324.6,  330.4,  341.7,  329.6,  323.0,  323.1,  326.0,  334.8,  347.4,  330.2,  327.8,  327.6,  339.3,  323.1,  323.2,  325.9,  2.586,  0.261,  0.178,  0.046,  713.506,  484.103,  -13.623,  4.971,  -9.661,  7.120,  -8.473,  15.500,  0.417,  -11.610,  -3.349,  0.194,  -6.446,  12.704,  -1.697,  -5.426,  2.428,  -0.059,  1.044,  -1.424,  2.659,  -4.355,  4.601,  -2.934,  -1.898,  -1.839,  0.033,  2.478,  0.926,  0.345,  0.198,  0.397,  1.152,  -0.271,  0.597,  0.003, 0.00, 0.00, 0.06, 0.00, 0.00, 0.18, 0.00, 0.00, 0.40, 0.61, 0.04, 0.59, 0.34, 0.75, 0.19, 0.00, 0.00, 0.00, 0.00, 0.00, 0.00, 0.00, 0.00, 0.00, 0.00, 0.00, 1.00, 0.00, 1.00, 0.00, 1.00, 0.00, 0.00, 0.00, 0.00
83,  0,  2.736,  0.98,  1,  0.012383,  0.174220,  -0.984629,  -0.270241,  0.206941,  -0.940290,  -0.133,  0.195,  637.4,  642.8,  654.0,  664.5,  668.2,  663.5,  651.5,  641.0,  622.5,  627.3,  636.0,  648.7,  661.8,  670.4,  675.5,  667.6,  656.8,  645.3,  635.6,  627.7,  647.9,  652.5,  657.3,  659.7,  658.1,  653.5,  648.7,  646.3,  781.7,  786.7,  799.4,  812.3,  817.9,  812.8,  800.2,  786.1,  771.1,  779.5,  790.5,  804.1,  816.1,  824.5,  830.0,  823.8,  815.7,  805.2,  792.6,  780.5,  792.6,  799.2,  805.6,  808.2,  805.4,  798.8,  792.4,  789.8,  371.3,  361.3,  358.2,  363.8,  374.8,  385.3,  387.9,  382.3,  373.3,  368.8,  367.6,  367.5,  370.2,  375.1,  382.4,  385.4,  386.9,  386.4,  383.5,  379.0,  376.4,  378.8,  377.5,  373.1,  368.4,  366.0,  367.3,  371.6,  387.9,  374.4,  369.0,  374.9,  388.5,  402.0,  407.4,  402.6,  392.2,  384.2,  379.8,  379.2,  382.5,  387.4,  394.5,  397.1,  398.4,  398.5,  397.2,  395.4,  395.4,  398.4,  395.7,  388.8,  381.9,  378.9,  381.6,  388.5,  -1.0,  1.0,  5.2,  9.1,  10.5,  8.8,  4.3,  0.4,  -6.7,  -4.8,  -1.5,  3.2,  8.1,  11.3,  13.3,  10.3,  6.3,  2.0,  -1.6,  -4.7,  3.0,  4.7,  6.5,  7.4,  6.8,  5.1,  3.2,  2.4,  47.1,  48.9,  53.5,  58.0,  59.9,  57.9,  53.4,  48.6,  43.5,  46.3,  49.9,  54.6,  59.0,  62.4,  64.8,  62.1,  58.8,  54.8,  50.5,  46.6,  51.0,  53.3,  55.6,  56.6,  55.6,  53.3,  51.0,  50.1,  4.2,  0.5,  -0.7,  1.4,  5.5,  9.5,  10.5,  8.4,  5.1,  3.3,  2.8,  2.8,  3.8,  5.6,  8.4,  9.5,  10.1,  9.9,  8.9,  7.2,  6.2,  7.1,  6.6,  4.9,  3.1,  2.2,  2.7,  4.4,  9.3,  4.8,  3.0,  5.0,  9.6,  14.1,  15.8,  14.2,  10.7,  8.0,  6.6,  6.4,  7.6,  9.3,  11.8,  12.5,  12.8,  12.8,  12.3,  11.7,  11.8,  12.9,  12.0,  9.7,  7.4,  6.3,  7.2,  9.5,  327.4,  325.8,  324.9,  325.3,  326.6,  328.6,  329.1,  328.8,  333.5,  329.8,  326.5,  324.3,  324.6,  326.4,  328.9,  328.5,  327.8,  328.4,  329.9,  331.9,  328.6,  328.7,  328.3,  327.6,  327.0,  326.9,  327.3,  328.0,  290.7,  291.9,  293.4,  294.5,  294.4,  293.3,  291.7,  290.8,  290.7,  290.3,  290.4,  291.2,  293.2,  296.0,  298.6,  295.7,  292.7,  290.3,  289.5,  290.0,  292.4,  293.0,  293.8,  294.4,  294.4,  293.9,  293.1,  292.5,  29.1,  48.1,  336.8,  0.101,  0.212,  0.060,  563.3,  559.4,  560.8,  565.8,  578.2,  599.3,  623.1,  652.0,  693.2,  740.3,  787.9,  831.4,  865.2,  888.6,  904.0,  914.4,  922.9,  585.3,  606.9,  634.5,  662.3,  688.0,  758.6,  792.1,  822.6,  852.9,  875.2,  721.5,  715.7,  709.8,  704.3,  670.5,  686.7,  705.4,  727.7,  748.1,  618.8,  638.0,  660.3,  677.8,  657.1,  634.3,  770.7,  791.4,  813.8,  832.4,  813.8,  791.6,  640.6,  667.6,  692.6,  707.4,  726.3,  752.4,  782.9,  749.8,  722.4,  702.6,  686.4,  663.2,  650.0,  691.5,  706.8,  726.3,  771.5,  723.5,  704.4,  689.3,  347.4,  399.9,  454.5,  507.4,  558.7,  604.6,  642.8,  674.3,  686.8,  683.4,  658.2,  622.5,  581.2,  535.1,  486.9,  439.0,  388.3,  333.7,  320.5,  319.0,  326.9,  339.2,  344.2,  338.1,  336.5,  343.5,  361.7,  381.1,  417.4,  453.7,  490.8,  501.6,  512.5,  521.5,  516.1,  509.4,  373.2,  365.8,  369.2,  383.7,  386.6,  384.5,  391.2,  380.1,  382.4,  393.6,  400.1,  398.2,  555.1,  555.2,  555.0,  560.9,  558.1,  561.2,  564.5,  584.9,  592.5,  593.5,  590.3,  580.1,  559.6,  568.5,  571.9,  570.7,  567.9,  570.7,  571.8,  568.4,  -33.7,  -35.8,  -35.5,  -33.5,  -27.8,  -18.2,  -7.4,  5.0,  21.9,  41.5,  62.5,  82.4,  97.1,  106.3,  111.5,  114.3,  117.6,  -21.7,  -12.7,  -2.1,  8.2,  17.4,  42.6,  55.0,  66.6,  78.4,  87.7,  29.6,  27.1,  24.6,  22.3,  11.4,  17.1,  23.6,  31.8,  39.5,  -8.2,  -0.8,  7.7,  14.2,  6.5,  -2.2,  48.7,  55.9,  64.1,  71.5,  64.1,  56.0,  0.3,  10.6,  19.8,  25.2,  32.2,  42.7,  56.1,  41.5,  30.5,  23.2,  17.3,  8.9,  4.0,  19.5,  25.1,  32.4,  51.2,  30.9,  23.8,  18.4,  -5.5,  17.7,  42.4,  66.6,  89.5,  109.1,  123.5,  132.4,  134.9,  133.8,  126.1,  113.0,  95.4,  74.9,  53.6,  32.9,  11.7,  -10.4,  -15.2,  -15.4,  -12.2,  -7.5,  -5.7,  -7.9,  -8.6,  -6.1,  0.6,  7.6,  20.5,  33.0,  45.3,  52.6,  55.7,  58.4,  56.7,  54.6,  5.1,  2.2,  3.5,  8.9,  10.1,  9.3,  11.6,  7.4,  8.3,  12.5,  14.8,  14.1,  78.5,  75.1,  73.3,  75.1,  73.8,  76.3,  80.3,  85.0,  86.0,  86.4,  85.9,  84.4,  79.5,  78.9,  79.7,  79.2,  81.0,  78.0,  78.4,  77.8,  384.3,  388.3,  392.5,  395.5,  394.2,  390.4,  382.3,  368.7,  361.0,  361.8,  370.1,  376.6,  377.4,  374.2,  369.7,  364.5,  363.6,  346.8,  336.9,  329.2,  322.9,  317.4,  314.0,  316.6,  319.3,  322.2,  326.3,  317.4,  312.8,  307.8,  303.4,  325.3,  319.8,  316.3,  317.6,  319.9,  339.4,  333.3,  330.6,  330.0,  330.7,  333.3,  326.1,  323.2,  322.6,  325.2,  322.8,  323.2,  352.0,  336.5,  328.6,  327.0,  326.0,  332.0,  343.5,  330.7,  323.6,  323.7,  326.5,  335.6,  348.5,  331.3,  329.0,  328.8,  341.0,  323.8,  323.9,  326.6,  2.577,  0.261,  0.165,  0.066,  717.287,  484.525,  -12.982,  1.305,  -8.635,  7.446,  -8.888,  17.252,  0.848,  -10.295,  -2.673,  -1.429,  -8.730,  14.509,  -2.271,  -4.567,  1.913,  -0.307,  0.952,  -2.436,  2.325,  -3.821,  5.349,  -2.913,  -0.858,  -1.016,  0.325,  2.640,  1.238,  0.140,  0.361,  0.479,  1.146,  -0.196,  0.660,  -0.043, 0.00, 0.00, 0.01, 0.00, 0.00, 0.25, 0.00, 0.00, 0.55, 0.86, 0.01, 0.62, 0.36, 0.93, 0.18, 0.00, 0.00, 0.00, 0.00, 0.00, 0.00, 0.00, 0.00, 0.00, 0.00, 0.00, 1.00, 0.00, 1.00, 0.00, 1.00, 0.00, 0.00, 0.00, 0.00
84,  0,  2.769,  0.98,  1,  0.008300,  0.170869,  -0.985259,  -0.271245,  0.206656,  -0.940063,  -0.136,  0.194,  642.9,  648.3,  659.6,  670.1,  673.7,  669.1,  657.1,  646.5,  628.0,  632.9,  641.7,  654.3,  667.3,  676.1,  681.3,  673.4,  662.7,  651.2,  641.4,  633.3,  653.5,  658.0,  662.9,  665.2,  663.6,  659.1,  654.2,  651.9,  787.5,  792.5,  805.2,  818.2,  823.8,  818.8,  806.1,  792.0,  777.2,  785.5,  796.4,  810.0,  822.0,  830.4,  836.0,  829.6,  821.5,  811.0,  798.5,  786.6,  798.5,  805.2,  811.7,  814.2,  811.3,  804.7,  798.2,  795.6,  372.2,  362.2,  359.0,  364.6,  375.7,  386.4,  388.9,  383.3,  374.4,  369.8,  368.5,  368.3,  371.1,  376.1,  383.5,  386.4,  387.8,  387.4,  384.6,  380.1,  377.4,  379.8,  378.4,  374.1,  369.3,  366.9,  368.2,  372.6,  389.0,  375.6,  370.1,  375.9,  389.5,  402.9,  408.3,  403.6,  393.5,  385.5,  381.2,  380.6,  383.9,  388.7,  395.7,  398.4,  399.7,  400.0,  398.6,  396.8,  396.5,  399.5,  396.7,  389.8,  382.9,  379.9,  382.6,  389.5,  1.1,  3.1,  7.2,  11.2,  12.6,  10.9,  6.4,  2.5,  -4.6,  -2.7,  0.6,  5.3,  10.1,  13.4,  15.5,  12.5,  8.5,  4.2,  0.5,  -2.5,  5.0,  6.7,  8.6,  9.4,  8.8,  7.1,  5.3,  4.4,  49.2,  51.1,  55.6,  60.2,  62.1,  60.1,  55.6,  50.7,  45.8,  48.5,  52.1,  56.8,  61.2,  64.6,  67.1,  64.3,  60.9,  57.0,  52.7,  48.8,  53.2,  55.5,  57.9,  58.8,  57.9,  55.5,  53.2,  52.2,  4.6,  0.8,  -0.4,  1.7,  5.9,  9.9,  10.9,  8.7,  5.5,  3.7,  3.2,  3.1,  4.1,  6.0,  8.8,  9.9,  10.4,  10.3,  9.2,  7.6,  6.5,  7.4,  6.9,  5.3,  3.5,  2.6,  3.1,  4.7,  9.7,  5.2,  3.4,  5.4,  10.0,  14.4,  16.2,  14.6,  11.2,  8.5,  7.1,  6.9,  8.0,  9.7,  12.2,  13.0,  13.3,  13.3,  12.8,  12.2,  12.2,  13.3,  12.4,  10.1,  7.7,  6.7,  7.6,  9.9,  326.7,  325.1,  324.2,  324.5,  325.8,  327.7,  328.2,  328.0,  332.7,  329.0,  325.7,  323.5,  323.8,  325.5,  328.0,  327.5,  326.9,  327.4,  329.0,  331.0,  327.7,  327.9,  327.5,  326.8,  326.2,  326.1,  326.5,  327.2,  292.0,  293.1,  294.6,  295.6,  295.5,  294.4,  292.9,  292.0,  292.0,  291.5,  291.6,  292.3,  294.3,  297.0,  299.6,  296.8,  293.8,  291.5,  290.8,  291.2,  293.6,  294.1,  294.9,  295.5,  295.6,  295.1,  294.3,  293.7,  31.8,  48.5,  337.5,  0.109,  0.208,  0.050,  568.0,  564.1,  565.3,  570.4,  583.3,  605.2,  630.6,  661.0,  702.8,  749.7,  795.9,  838.2,  871.1,  894.2,  909.3,  919.2,  927.0,  591.1,  613.0,  640.5,  668.1,  693.6,  765.4,  798.9,  829.2,  858.9,  880.8,  727.7,  722.2,  716.8,  711.7,  677.3,  693.8,  712.7,  734.9,  755.1,  624.6,  643.7,  666.0,  683.4,  662.9,  640.1,  776.8,  797.4,  819.8,  838.2,  819.8,  797.7,  647.5,  675.5,  700.9,  715.5,  733.9,  759.9,  790.3,  757.7,  730.7,  711.5,  695.5,  671.5,  656.9,  700.0,  715.0,  734.0,  779.2,  731.5,  712.9,  698.1,  351.9,  403.5,  457.3,  509.7,  560.6,  606.3,  644.6,  676.1,  687.6,  682.7,  656.2,  620.1,  578.9,  533.0,  485.3,  438.5,  388.9,  334.0,  321.5,  320.1,  327.8,  340.0,  345.3,  339.5,  338.0,  345.1,  362.5,  382.7,  419.0,  455.4,  492.5,  503.2,  514.0,  522.9,  517.1,  510.0,  374.5,  366.9,  370.3,  384.7,  387.9,  385.7,  392.4,  381.3,  383.6,  394.7,  401.2,  399.4,  555.1,  556.3,  556.5,  562.0,  559.1,  561.1,  562.8,  584.4,  592.7,  594.0,  591.1,  581.1,  559.5,  569.3,  572.4,  570.8,  566.6,  571.5,  573.0,  569.8,  -31.6,  -33.7,  -33.6,  -31.5,  -25.6,  -15.6,  -4.1,  8.9,  26.0,  45.6,  66.2,  85.6,  100.0,  109.0,  114.0,  116.5,  119.4,  -19.3,  -10.4,  0.2,  10.3,  19.4,  45.0,  57.6,  69.2,  80.8,  90.1,  31.8,  29.4,  27.0,  24.9,  13.9,  19.7,  26.3,  34.5,  42.2,  -6.0,  1.4,  9.8,  16.4,  8.6,  0.0,  51.0,  58.2,  66.4,  73.9,  66.5,  58.4,  3.0,  13.7,  22.9,  28.3,  35.1,  45.7,  59.3,  44.7,  33.7,  26.5,  20.8,  12.1,  6.7,  22.8,  28.3,  35.4,  54.5,  34.0,  27.1,  21.8,  -3.6,  19.3,  43.7,  67.8,  90.5,  110.1,  124.5,  133.4,  135.6,  134.0,  125.7,  112.3,  94.7,  74.2,  53.1,  32.8,  12.0,  -10.3,  -14.8,  -15.0,  -11.9,  -7.2,  -5.3,  -7.4,  -8.0,  -5.5,  1.0,  8.2,  21.1,  33.6,  45.9,  53.2,  56.3,  59.0,  57.1,  54.9,  5.6,  2.6,  3.9,  9.3,  10.5,  9.8,  12.1,  7.9,  8.7,  12.9,  15.2,  14.6,  78.6,  75.7,  74.0,  75.8,  74.4,  76.6,  80.0,  85.2,  86.4,  86.9,  86.5,  85.0,  79.7,  79.4,  80.1,  79.5,  80.9,  78.6,  79.2,  78.6,  384.2,  388.6,  393.1,  396.2,  394.8,  391.0,  382.9,  369.3,  362.0,  363.3,  371.5,  377.7,  378.5,  375.1,  370.4,  365.3,  364.1,  346.1,  336.3,  328.7,  322.4,  317.0,  313.8,  316.9,  319.9,  322.9,  327.2,  317.4,  312.8,  307.7,  303.3,  325.2,  320.0,  316.7,  318.1,  320.5,  339.2,  333.2,  330.6,  330.2,  330.8,  333.4,  326.5,  323.8,  323.4,  326.3,  323.6,  323.9,  352.7,  337.4,  329.6,  328.1,  327.3,  333.4,  345.2,  332.3,  325.0,  324.9,  327.4,  336.4,  349.5,  332.1,  330.1,  330.0,  342.6,  325.3,  325.2,  327.6,  2.573,  0.270,  0.153,  0.059,  724.051,  485.347,  -13.696,  3.329,  -7.459,  6.609,  -7.418,  17.814,  0.498,  -10.188,  -2.921,  -0.833,  -7.763,  13.743,  -2.511,  -6.698,  2.741,  -0.985,  0.188,  -2.792,  2.703,  -3.096,  5.405,  -2.737,  -1.971,  -1.314,  -0.466,  2.454,  1.093,  0.490,  0.139,  0.251,  1.082,  -0.285,  0.568,  0.034, 0.00, 0.00, 0.05, 0.08, 0.00, 0.39, 0.00, 0.00, 0.77, 1.09, 0.00, 0.72, 0.24, 1.11, 0.18, 0.00, 0.00, 0.00, 0.00, 0.00, 0.00, 0.00, 0.00, 0.00, 0.00, 1.00, 1.00, 0.00, 1.00, 0.00, 1.00, 0.00, 0.00, 0.00, 0.00
85,  0,  2.803,  0.98,  1,  0.004270,  0.180140,  -0.983632,  -0.269976,  0.207554,  -0.940231,  -0.137,  0.199,  648.9,  654.2,  665.3,  675.9,  679.7,  675.3,  663.3,  652.7,  634.6,  639.1,  647.6,  659.9,  672.8,  681.9,  687.7,  679.8,  669.2,  657.8,  647.9,  639.9,  659.7,  664.2,  669.0,  671.2,  669.6,  665.1,  660.3,  658.1,  793.8,  798.6,  811.3,  824.2,  830.0,  825.1,  812.4,  798.4,  783.5,  791.8,  802.8,  816.3,  828.1,  836.5,  842.1,  835.9,  827.8,  817.3,  804.8,  792.9,  804.7,  811.4,  817.9,  820.5,  817.5,  810.8,  804.3,  801.8,  373.6,  363.5,  360.4,  366.0,  377.1,  387.7,  390.3,  384.7,  375.5,  371.0,  369.6,  369.3,  372.0,  377.2,  384.7,  387.5,  388.9,  388.5,  385.8,  381.3,  378.7,  381.0,  379.7,  375.4,  370.7,  368.3,  369.7,  373.9,  390.0,  376.6,  371.3,  377.0,  390.5,  403.8,  409.2,  404.5,  394.8,  386.7,  382.3,  381.7,  384.9,  389.8,  396.9,  399.7,  400.9,  401.0,  399.8,  398.0,  397.6,  400.6,  397.8,  390.9,  384.0,  381.0,  383.7,  390.6,  3.3,  5.3,  9.4,  13.3,  14.8,  13.2,  8.7,  4.8,  -2.1,  -0.3,  2.8,  7.3,  12.1,  15.6,  17.9,  14.9,  10.9,  6.7,  3.0,  -0.0,  7.4,  9.1,  10.8,  11.6,  11.0,  9.3,  7.6,  6.8,  51.3,  53.2,  57.7,  62.3,  64.2,  62.2,  57.7,  52.8,  47.9,  50.6,  54.3,  58.9,  63.3,  66.7,  69.2,  66.4,  63.1,  59.1,  54.8,  50.9,  55.2,  57.6,  59.9,  60.9,  60.0,  57.6,  55.3,  54.3,  5.1,  1.3,  0.1,  2.2,  6.4,  10.4,  11.4,  9.3,  5.9,  4.1,  3.6,  3.5,  4.4,  6.4,  9.3,  10.3,  10.8,  10.7,  9.7,  8.1,  7.0,  7.9,  7.4,  5.8,  4.0,  3.1,  3.6,  5.2,  10.0,  5.6,  3.8,  5.8,  10.3,  14.7,  16.5,  14.9,  11.6,  8.9,  7.4,  7.2,  8.4,  10.1,  12.6,  13.4,  13.7,  13.7,  13.2,  12.6,  12.6,  13.6,  12.7,  10.4,  8.1,  7.1,  8.0,  10.3,  326.9,  325.3,  324.2,  324.4,  325.7,  327.6,  328.4,  328.2,  333.2,  329.5,  326.0,  323.6,  323.8,  325.4,  327.8,  327.4,  326.9,  327.5,  329.2,  331.4,  327.9,  327.9,  327.5,  326.8,  326.2,  326.2,  326.6,  327.3,  291.9,  293.2,  294.8,  295.7,  295.5,  294.2,  292.6,  291.8,  291.9,  291.6,  291.7,  292.5,  294.4,  297.1,  299.6,  296.8,  293.8,  291.5,  290.7,  291.2,  293.5,  294.0,  294.8,  295.5,  295.6,  295.1,  294.3,  293.6,  34.5,  48.9,  337.7,  0.114,  0.198,  0.045,  572.1,  568.5,  569.8,  575.0,  588.1,  610.5,  636.7,  668.1,  710.7,  758.0,  803.8,  845.3,  877.4,  899.7,  914.3,  923.8,  931.0,  596.7,  618.9,  646.7,  674.6,  700.5,  772.0,  805.3,  835.3,  864.7,  886.2,  734.8,  729.7,  724.7,  720.1,  685.1,  701.7,  720.8,  742.7,  762.6,  630.8,  649.9,  672.1,  689.7,  669.2,  646.5,  783.2,  803.8,  826.0,  844.3,  826.0,  804.2,  654.9,  683.6,  709.3,  723.7,  741.8,  767.4,  797.1,  765.6,  739.2,  720.4,  704.6,  680.0,  664.3,  708.6,  723.3,  742.0,  786.2,  739.9,  721.7,  707.0,  354.0,  405.6,  459.2,  511.3,  562.0,  607.3,  645.4,  676.9,  688.3,  682.7,  655.3,  618.8,  577.4,  531.6,  484.4,  438.3,  389.7,  335.1,  322.7,  321.1,  329.0,  341.5,  346.8,  341.0,  339.4,  346.3,  363.2,  384.1,  420.5,  457.0,  494.1,  504.8,  515.6,  524.4,  518.4,  510.9,  375.8,  368.1,  371.5,  385.7,  389.0,  386.9,  393.5,  382.4,  384.8,  395.7,  402.2,  400.4,  556.0,  557.6,  558.0,  563.3,  560.2,  561.7,  562.6,  584.8,  593.6,  595.2,  592.5,  582.5,  560.3,  570.4,  573.4,  571.6,  566.6,  572.7,  574.4,  571.5,  -29.8,  -31.7,  -31.5,  -29.4,  -23.4,  -13.2,  -1.4,  11.8,  29.3,  49.1,  69.8,  89.0,  103.1,  111.7,  116.5,  118.9,  121.5,  -17.1,  -8.1,  2.5,  12.7,  21.9,  47.4,  59.9,  71.6,  83.2,  92.4,  34.4,  32.1,  29.8,  27.7,  16.7,  22.6,  29.2,  37.3,  44.9,  -3.6,  3.7,  12.1,  18.7,  11.0,  2.5,  53.5,  60.7,  68.9,  76.4,  69.0,  60.9,  6.0,  16.8,  26.1,  31.4,  38.1,  48.6,  62.1,  47.8,  36.9,  29.9,  24.2,  15.4,  9.7,  26.0,  31.5,  38.5,  57.3,  37.2,  30.4,  25.1,  -2.6,  20.2,  44.5,  68.5,  91.1,  110.5,  124.8,  133.7,  136.0,  134.3,  125.8,  112.2,  94.4,  73.8,  52.8,  32.8,  12.4,  -9.8,  -14.3,  -14.6,  -11.4,  -6.7,  -4.7,  -6.9,  -7.6,  -5.1,  1.2,  8.8,  21.6,  34.1,  46.4,  53.8,  56.9,  59.5,  57.6,  55.3,  6.1,  3.1,  4.3,  9.7,  10.9,  10.2,  12.5,  8.3,  9.2,  13.4,  15.7,  15.0,  78.9,  76.1,  74.6,  76.3,  75.0,  77.0,  80.1,  85.6,  87.0,  87.5,  87.1,  85.5,  79.9,  79.9,  80.5,  79.9,  81.0,  79.3,  79.8,  79.2,  383.6,  388.4,  393.0,  396.2,  394.8,  390.9,  382.7,  369.3,  362.4,  364.2,  372.7,  379.1,  379.9,  376.5,  371.8,  366.6,  365.4,  345.2,  335.3,  327.9,  321.6,  316.3,  313.9,  317.3,  320.6,  323.8,  328.4,  317.4,  312.7,  307.5,  303.0,  324.9,  319.8,  316.7,  318.1,  320.7,  338.3,  332.5,  329.9,  329.9,  330.3,  332.7,  327.1,  324.5,  324.3,  327.4,  324.6,  324.6,  352.1,  337.2,  329.7,  328.4,  327.8,  334.0,  346.0,  333.1,  325.8,  325.4,  327.7,  336.2,  349.2,  332.2,  330.3,  330.5,  343.3,  326.1,  325.7,  327.9,  2.571,  0.276,  0.135,  0.055,  730.913,  486.308,  -12.789,  5.236,  -7.354,  6.554,  -7.373,  17.711,  1.081,  -9.483,  -2.614,  -0.166,  -7.259,  13.061,  -2.358,  -7.286,  3.135,  -1.942,  -0.111,  -3.452,  2.530,  -2.668,  5.769,  -2.548,  -2.450,  -1.115,  -0.686,  2.407,  0.703,  0.660,  -0.043,  0.079,  0.969,  -0.417,  0.479,  0.127, 0.00, 0.00, 0.07, 0.13, 0.00, 0.55, 0.00, 0.00, 0.97, 1.16, 0.00, 0.73, 0.26, 1.15, 0.17, 0.00, 0.00, 0.00, 0.00, 0.00, 0.00, 0.00, 0.00, 0.00, 0.00, 1.00, 1.00, 0.00, 1.00, 0.00, 1.00, 0.00, 0.00, 0.00, 0.00
86,  0,  2.836,  0.98,  1,  -0.012824,  0.173622,  -0.984729,  -0.277164,  0.210323,  -0.937520,  -0.150,  0.197,  655.1,  660.3,  671.5,  682.1,  685.9,  681.5,  669.5,  658.9,  640.5,  645.6,  654.8,  667.9,  681.0,  689.5,  694.4,  686.5,  675.8,  664.2,  654.2,  646.0,  665.7,  670.3,  675.1,  677.3,  675.7,  671.2,  666.4,  664.1,  799.9,  804.8,  817.4,  830.3,  835.9,  831.0,  818.4,  804.4,  790.3,  798.4,  809.1,  822.5,  834.3,  842.7,  848.4,  842.0,  833.9,  823.6,  811.3,  799.6,  810.9,  817.5,  824.0,  826.5,  823.6,  817.0,  810.5,  808.0,  375.2,  365.2,  361.9,  367.3,  378.2,  388.8,  391.6,  386.2,  376.9,  372.5,  371.4,  371.4,  374.1,  379.0,  386.3,  389.0,  390.4,  389.8,  387.0,  382.5,  380.1,  382.4,  381.0,  376.7,  372.0,  369.7,  371.1,  375.4,  391.4,  378.1,  372.8,  378.5,  391.9,  405.1,  410.5,  405.8,  396.1,  388.0,  383.6,  382.9,  386.1,  391.0,  398.0,  400.8,  402.2,  402.5,  401.2,  399.4,  398.8,  401.8,  399.0,  392.3,  385.4,  382.4,  385.2,  391.9,  5.6,  7.6,  11.7,  15.6,  17.1,  15.5,  11.1,  7.1,  0.2,  2.1,  5.5,  10.3,  15.2,  18.5,  20.4,  17.4,  13.4,  9.1,  5.4,  2.3,  9.6,  11.4,  13.1,  14.0,  13.3,  11.6,  9.8,  9.0,  54.1,  56.0,  60.6,  65.1,  67.0,  65.1,  60.5,  55.6,  50.9,  53.5,  57.1,  61.8,  66.2,  69.7,  72.2,  69.4,  66.0,  62.0,  57.7,  53.8,  58.1,  60.4,  62.8,  63.8,  62.8,  60.5,  58.1,  57.2,  5.7,  1.9,  0.7,  2.7,  6.8,  10.8,  11.9,  9.8,  6.4,  4.7,  4.2,  4.2,  5.2,  7.1,  9.9,  10.9,  11.4,  11.2,  10.1,  8.5,  7.5,  8.4,  7.9,  6.2,  4.5,  3.6,  4.1,  5.8,  10.6,  6.2,  4.4,  6.3,  10.9,  15.4,  17.1,  15.5,  12.2,  9.5,  8.0,  7.8,  8.9,  10.6,  13.2,  14.0,  14.4,  14.3,  13.9,  13.3,  13.2,  14.2,  13.3,  11.0,  8.7,  7.7,  8.6,  10.9,  326.8,  325.2,  324.3,  324.6,  326.0,  328.0,  328.6,  328.2,  332.6,  328.8,  325.5,  323.5,  324.1,  326.0,  328.7,  328.0,  327.3,  327.6,  329.0,  330.9,  328.0,  328.1,  327.7,  327.0,  326.4,  326.3,  326.6,  327.4,  296.0,  297.2,  298.7,  299.5,  299.3,  298.1,  296.7,  296.0,  296.0,  295.6,  295.6,  296.3,  298.1,  300.8,  303.2,  300.5,  297.6,  295.4,  294.7,  295.2,  297.5,  298.0,  298.7,  299.3,  299.5,  299.1,  298.3,  297.7,  37.1,  49.6,  338.8,  0.116,  0.189,  0.046,  576.4,  572.8,  574.1,  579.4,  592.7,  615.1,  641.8,  674.2,  717.2,  764.1,  809.1,  850.1,  881.9,  904.0,  918.6,  928.2,  935.5,  602.7,  625.1,  653.1,  681.2,  707.3,  779.2,  812.3,  842.1,  871.2,  892.4,  741.6,  736.8,  732.2,  727.9,  692.3,  709.2,  728.3,  750.0,  769.8,  637.5,  656.6,  679.0,  696.5,  676.2,  653.3,  789.8,  810.1,  832.4,  850.4,  832.4,  810.6,  662.0,  691.2,  717.3,  731.4,  748.9,  774.2,  803.6,  773.0,  747.2,  728.9,  713.4,  688.2,  671.7,  716.6,  731.1,  749.1,  792.7,  747.5,  729.9,  715.5,  355.7,  406.9,  460.3,  512.1,  562.5,  607.8,  645.9,  677.7,  689.2,  683.6,  656.5,  620.3,  579.0,  533.4,  486.3,  440.3,  391.7,  336.7,  324.2,  322.6,  330.4,  342.8,  348.2,  342.4,  340.8,  347.8,  364.7,  385.7,  422.1,  458.5,  495.6,  506.4,  517.2,  525.9,  519.7,  512.0,  377.5,  369.6,  373.0,  387.2,  390.7,  388.6,  394.8,  383.7,  386.0,  397.0,  403.5,  401.8,  557.6,  559.2,  559.5,  564.6,  561.5,  562.7,  563.3,  586.0,  595.1,  596.8,  594.3,  584.5,  561.8,  572.0,  574.8,  572.8,  567.3,  573.9,  575.7,  572.9,  -27.8,  -29.8,  -29.6,  -27.4,  -21.4,  -11.1,  0.8,  14.4,  32.1,  51.9,  72.4,  91.5,  105.6,  114.2,  118.9,  121.3,  123.8,  -14.7,  -5.7,  4.9,  15.2,  24.4,  50.1,  62.8,  74.4,  86.0,  95.2,  37.0,  34.7,  32.5,  30.6,  19.5,  25.4,  32.1,  40.2,  47.8,  -1.0,  6.3,  14.7,  21.3,  13.7,  5.1,  56.2,  63.3,  71.6,  79.1,  71.7,  63.6,  8.8,  19.8,  29.2,  34.4,  40.9,  51.4,  65.0,  50.9,  40.1,  33.2,  27.6,  18.6,  12.7,  29.2,  34.5,  41.4,  60.2,  40.2,  33.6,  28.4,  -1.9,  20.8,  45.0,  68.8,  91.4,  110.7,  125.2,  134.3,  136.8,  135.2,  126.9,  113.3,  95.6,  75.0,  53.9,  33.8,  13.3,  -9.2,  -13.7,  -14.0,  -10.9,  -6.2,  -4.3,  -6.4,  -7.1,  -4.5,  1.8,  9.4,  22.3,  34.8,  47.2,  54.5,  57.6,  60.3,  58.3,  56.0,  6.8,  3.7,  4.9,  10.3,  11.6,  10.9,  13.1,  8.8,  9.7,  13.9,  16.2,  15.6,  79.6,  76.9,  75.4,  77.1,  75.7,  77.7,  80.8,  86.4,  87.9,  88.4,  88.1,  86.5,  80.7,  80.7,  81.4,  80.7,  81.7,  80.0,  80.6,  80.0,  382.9,  388.0,  392.7,  396.0,  394.8,  391.0,  383.0,  370.0,  363.5,  365.6,  374.4,  381.1,  382.0,  378.5,  373.6,  368.2,  366.6,  344.8,  335.1,  327.9,  322.0,  317.0,  315.0,  318.7,  322.1,  325.3,  329.9,  318.4,  313.9,  308.8,  304.4,  325.7,  320.9,  318.0,  319.6,  322.2,  338.3,  332.7,  330.3,  330.6,  330.8,  333.1,  328.3,  325.8,  325.7,  329.0,  326.1,  326.0,  352.7,  337.9,  330.7,  329.6,  329.0,  335.3,  347.6,  334.6,  327.2,  326.7,  328.9,  337.1,  350.0,  333.2,  331.6,  331.8,  344.8,  327.4,  326.9,  328.9,  2.564,  0.280,  0.119,  0.058,  737.472,  487.683,  -14.396,  4.977,  -8.046,  6.309,  -7.577,  17.686,  1.391,  -8.159,  -2.123,  -0.598,  -7.954,  12.791,  -2.602,  -7.839,  3.593,  -1.859,  -0.179,  -3.798,  3.107,  -2.193,  6.175,  -2.768,  -2.615,  -1.032,  -0.899,  2.507,  0.179,  0.426,  0.005,  0.057,  0.891,  -0.522,  0.480,  -0.002, 0.00, 0.00, 0.07, 0.24, 0.00, 0.58, 0.00, 0.00, 1.09, 1.15, 0.00, 0.73, 0.24, 1.13, 0.11, 0.00, 0.00, 0.00, 0.00, 0.00, 0.00, 0.00, 0.00, 0.00, 0.00, 1.00, 1.00, 0.00, 1.00, 0.00, 1.00, 0.00, 0.00, 0.00, 0.00
87,  0,  2.870,  0.98,  1,  -0.016789,  0.179596,  -0.983597,  -0.278918,  0.215171,  -0.935899,  -0.153,  0.203,  660.8,  666.1,  677.2,  687.7,  691.4,  686.9,  675.0,  664.5,  646.0,  651.2,  660.6,  673.8,  687.1,  695.4,  700.1,  692.2,  681.6,  669.9,  659.9,  651.5,  671.3,  675.8,  680.5,  682.8,  681.2,  676.7,  672.0,  669.8,  805.4,  810.5,  823.2,  836.0,  841.5,  836.4,  823.7,  809.7,  795.9,  804.0,  814.8,  828.2,  840.1,  848.5,  853.9,  847.6,  839.4,  829.0,  816.6,  805.0,  816.2,  822.9,  829.5,  832.2,  829.3,  822.7,  816.1,  813.4,  376.4,  366.4,  363.2,  368.5,  379.4,  389.9,  392.6,  387.3,  378.4,  373.9,  372.6,  372.5,  375.3,  380.3,  387.6,  390.2,  391.5,  390.9,  388.2,  383.9,  381.2,  383.5,  382.1,  377.9,  373.2,  370.9,  372.3,  376.6,  392.4,  379.1,  373.7,  379.3,  392.7,  406.0,  411.4,  406.8,  396.9,  388.9,  384.6,  384.1,  387.2,  391.9,  398.8,  401.8,  403.4,  403.7,  402.4,  400.3,  399.7,  402.7,  399.9,  393.0,  386.0,  383.1,  385.8,  392.7,  7.8,  9.7,  13.8,  17.7,  19.2,  17.6,  13.2,  9.2,  2.3,  4.2,  7.7,  12.5,  17.5,  20.7,  22.6,  19.6,  15.6,  11.2,  7.5,  4.4,  11.8,  13.4,  15.2,  16.0,  15.4,  13.7,  12.0,  11.2,  56.0,  57.9,  62.5,  67.1,  68.9,  67.0,  62.4,  57.5,  52.8,  55.4,  59.1,  63.8,  68.2,  71.7,  74.2,  71.4,  67.9,  63.9,  59.6,  55.8,  60.0,  62.3,  64.7,  65.8,  64.8,  62.4,  60.0,  59.0,  6.1,  2.4,  1.2,  3.2,  7.2,  11.2,  12.3,  10.2,  7.0,  5.2,  4.7,  4.6,  5.7,  7.6,  10.4,  11.4,  11.8,  11.6,  10.6,  9.1,  8.0,  8.8,  8.3,  6.7,  4.9,  4.1,  4.6,  6.2,  11.0,  6.5,  4.7,  6.6,  11.2,  15.7,  17.5,  15.8,  12.5,  9.8,  8.3,  8.2,  9.3,  11.0,  13.5,  14.4,  14.8,  14.8,  14.3,  13.6,  13.5,  14.5,  13.6,  11.3,  8.9,  7.9,  8.8,  11.1,  327.3,  325.7,  324.9,  325.3,  326.7,  328.6,  329.1,  328.7,  333.1,  329.4,  326.1,  324.1,  324.7,  326.8,  329.5,  328.8,  327.9,  328.2,  329.5,  331.4,  328.5,  328.7,  328.3,  327.6,  327.0,  326.9,  327.2,  327.9,  296.2,  297.1,  298.4,  299.3,  299.3,  298.4,  297.2,  296.4,  296.4,  295.8,  295.7,  296.4,  298.3,  301.0,  303.5,  300.9,  298.1,  295.9,  295.2,  295.7,  297.8,  298.3,  299.0,  299.5,  299.5,  299.0,  298.3,  297.8,  39.2,  50.1,  338.8,  0.125,  0.182,  0.047,  580.7,  576.8,  578.0,  583.1,  596.4,  619.1,  646.0,  678.9,  722.0,  768.6,  813.2,  853.8,  885.7,  907.9,  922.8,  932.6,  940.0,  608.2,  631.0,  659.1,  687.4,  713.6,  785.4,  818.5,  848.1,  877.1,  898.1,  747.6,  743.1,  738.7,  734.6,  698.6,  715.4,  734.5,  756.0,  775.6,  643.1,  662.4,  684.9,  702.3,  682.0,  659.1,  795.4,  815.7,  838.0,  855.9,  838.0,  816.2,  667.6,  697.2,  723.4,  737.3,  754.5,  779.4,  808.1,  778.3,  753.0,  735.1,  719.6,  694.2,  677.5,  722.7,  737.0,  754.7,  797.3,  753.2,  735.9,  721.7,  354.8,  405.9,  459.3,  511.4,  562.3,  608.0,  646.6,  678.8,  690.2,  684.4,  656.8,  620.2,  579.0,  533.4,  486.3,  440.3,  391.5,  337.3,  325.4,  324.0,  331.7,  343.9,  349.3,  343.6,  342.1,  349.1,  365.8,  386.9,  423.3,  459.6,  496.6,  507.7,  518.4,  527.0,  520.8,  513.2,  378.6,  370.9,  374.3,  388.3,  391.9,  389.9,  395.7,  384.8,  387.2,  397.9,  404.6,  402.8,  559.3,  560.9,  561.1,  566.2,  562.9,  564.3,  564.8,  588.2,  597.5,  599.3,  596.9,  586.9,  563.5,  573.8,  576.5,  574.5,  568.9,  575.8,  577.7,  574.9,  -25.8,  -27.9,  -27.8,  -25.7,  -19.6,  -9.3,  2.6,  16.5,  34.2,  53.9,  74.3,  93.3,  107.5,  116.1,  120.9,  123.2,  125.7,  -12.5,  -3.4,  7.1,  17.4,  26.6,  52.3,  65.0,  76.6,  88.2,  97.4,  39.1,  36.9,  34.8,  32.9,  21.8,  27.6,  34.3,  42.4,  50.0,  1.2,  8.5,  16.9,  23.5,  15.8,  7.2,  58.3,  65.4,  73.7,  81.2,  73.8,  65.6,  11.1,  22.1,  31.5,  36.7,  43.1,  53.5,  66.8,  53.0,  42.3,  35.6,  30.0,  20.9,  15.0,  31.5,  36.8,  43.5,  62.0,  42.4,  35.9,  30.7,  -2.2,  20.2,  44.4,  68.4,  91.1,  110.7,  125.5,  134.9,  137.5,  135.9,  127.3,  113.6,  95.8,  75.1,  54.0,  33.8,  13.2,  -8.9,  -13.2,  -13.4,  -10.4,  -5.8,  -3.8,  -6.0,  -6.6,  -4.1,  2.2,  9.8,  22.7,  35.1,  47.5,  54.9,  58.1,  60.7,  58.8,  56.5,  7.2,  4.1,  5.4,  10.7,  12.0,  11.3,  13.4,  9.2,  10.1,  14.3,  16.6,  16.0,  80.2,  77.5,  76.0,  77.7,  76.3,  78.3,  81.4,  87.4,  89.0,  89.5,  89.2,  87.4,  81.3,  81.5,  82.1,  81.4,  82.4,  80.9,  81.4,  80.8,  380.7,  386.2,  391.5,  395.2,  394.1,  390.7,  383.0,  370.4,  364.3,  366.7,  375.3,  381.9,  382.8,  379.2,  374.1,  368.4,  366.6,  343.0,  333.5,  326.5,  320.9,  316.2,  314.7,  318.6,  322.2,  325.5,  330.1,  317.9,  313.5,  308.5,  304.2,  325.3,  320.7,  318.0,  319.7,  322.4,  337.0,  331.5,  329.2,  329.7,  329.8,  331.9,  328.1,  325.5,  325.7,  329.1,  326.1,  325.9,  352.2,  337.7,  330.6,  329.6,  329.1,  335.5,  347.8,  335.2,  327.9,  327.3,  329.4,  337.2,  349.5,  333.4,  331.8,  332.1,  345.0,  327.8,  327.2,  329.1,  2.565,  0.291,  0.105,  0.061,  742.894,  488.763,  -15.609,  5.500,  -8.672,  7.413,  -8.014,  16.748,  2.081,  -8.286,  -1.461,  -0.961,  -8.030,  13.043,  -2.400,  -8.052,  3.495,  -1.543,  -0.566,  -3.991,  3.198,  -2.466,  6.309,  -2.989,  -2.760,  -0.680,  -1.143,  2.626,  0.391,  0.146,  -0.061,  -0.085,  0.810,  -0.451,  0.443,  0.040, 0.00, 0.00, 0.04, 0.24, 0.00, 0.58, 0.00, 0.00, 1.12, 1.15, 0.00, 0.72, 0.28, 1.11, 0.07, 0.00, 0.00, 0.00, 0.00, 0.00, 0.00, 0.00, 0.00, 0.00, 0.00, 1.00, 1.00, 0.00, 1.00, 0.00, 1.00, 0.00, 0.00, 0.00, 0.00
88,  0,  2.903,  0.98,  1,  -0.024406,  0.177835,  -0.983758,  -0.285926,  0.215825,  -0.933630,  -0.160,  0.202,  665.4,  670.8,  682.0,  692.5,  696.0,  691.3,  679.3,  668.9,  650.4,  655.9,  665.6,  679.0,  692.1,  700.3,  704.7,  696.8,  686.4,  674.8,  664.7,  656.1,  675.7,  680.2,  685.1,  687.5,  686.0,  681.4,  676.5,  674.2,  809.5,  814.7,  827.6,  840.5,  846.0,  840.8,  827.9,  813.9,  800.0,  808.3,  819.3,  832.8,  844.7,  853.1,  858.5,  852.2,  844.0,  833.5,  821.0,  809.3,  820.5,  827.2,  833.8,  836.4,  833.6,  827.0,  820.4,  817.7,  376.7,  366.9,  363.7,  369.2,  380.0,  390.5,  393.0,  387.6,  378.7,  374.2,  372.9,  372.9,  375.8,  380.9,  388.4,  390.8,  391.9,  391.2,  388.5,  384.2,  381.7,  384.1,  382.7,  378.4,  373.7,  371.3,  372.6,  377.0,  392.9,  379.6,  374.3,  380.1,  393.7,  407.1,  412.4,  407.5,  397.9,  389.7,  385.1,  384.5,  387.7,  392.7,  399.8,  402.6,  403.9,  404.1,  402.9,  401.1,  400.5,  403.5,  400.8,  394.0,  387.0,  383.9,  386.7,  393.5,  9.5,  11.5,  15.6,  19.5,  20.9,  19.3,  14.8,  10.9,  4.0,  6.0,  9.5,  14.4,  19.3,  22.5,  24.4,  21.4,  17.4,  13.1,  9.3,  6.1,  13.4,  15.1,  16.9,  17.8,  17.2,  15.5,  13.7,  12.8,  56.7,  58.7,  63.3,  67.9,  69.7,  67.7,  63.1,  58.2,  53.6,  56.2,  59.9,  64.6,  69.0,  72.5,  75.0,  72.2,  68.7,  64.7,  60.3,  56.5,  60.7,  63.1,  65.4,  66.5,  65.5,  63.2,  60.8,  59.8,  6.3,  2.5,  1.4,  3.4,  7.5,  11.4,  12.4,  10.4,  7.1,  5.3,  4.8,  4.8,  5.9,  7.8,  10.7,  11.6,  11.9,  11.7,  10.7,  9.2,  8.1,  9.0,  8.5,  6.9,  5.1,  4.2,  4.7,  6.4,  11.0,  6.6,  4.8,  6.8,  11.4,  15.9,  17.6,  15.9,  12.7,  9.9,  8.4,  8.2,  9.3,  11.1,  13.7,  14.5,  14.8,  14.8,  14.3,  13.7,  13.6,  14.7,  13.8,  11.5,  9.1,  8.1,  9.0,  11.3,  327.2,  325.6,  324.8,  325.3,  326.8,  328.7,  329.1,  328.6,  332.8,  329.1,  325.8,  323.9,  324.8,  327.0,  329.8,  329.0,  328.0,  328.2,  329.4,  331.2,  328.5,  328.7,  328.3,  327.6,  327.0,  326.8,  327.1,  327.8,  292.8,  293.9,  295.2,  296.1,  296.0,  295.0,  293.6,  292.9,  292.9,  292.4,  292.4,  293.1,  295.0,  297.8,  300.3,  297.6,  294.7,  292.4,  291.7,  292.2,  294.3,  294.8,  295.5,  296.1,  296.2,  295.7,  295.0,  294.4,  40.9,  50.2,  339.1,  0.125,  0.183,  0.049,  584.6,  580.6,  581.5,  586.6,  600.0,  622.6,  649.7,  682.5,  725.9,  772.9,  817.9,  858.5,  889.8,  911.6,  926.3,  936.2,  943.6,  612.8,  635.6,  663.9,  692.2,  718.4,  790.1,  823.1,  852.7,  881.5,  902.2,  752.5,  747.7,  743.1,  738.9,  702.6,  719.6,  738.7,  760.2,  779.8,  647.7,  667.2,  689.7,  707.1,  686.8,  663.8,  799.9,  820.3,  842.5,  860.4,  842.5,  820.6,  671.1,  700.7,  727.0,  741.3,  759.2,  784.0,  812.3,  782.8,  757.5,  739.0,  723.1,  697.7,  681.0,  726.2,  741.0,  759.3,  801.5,  757.9,  740.0,  725.3,  354.0,  405.2,  458.9,  511.3,  562.4,  608.1,  646.5,  678.0,  689.1,  683.1,  655.3,  618.9,  578.0,  533.1,  486.9,  441.7,  393.4,  337.9,  326.0,  324.5,  332.4,  345.0,  350.3,  344.5,  342.9,  350.0,  366.8,  387.7,  423.8,  459.9,  496.7,  508.0,  518.6,  527.1,  521.2,  513.6,  379.0,  371.2,  374.7,  389.0,  392.4,  390.3,  396.5,  385.4,  387.7,  398.6,  405.3,  403.5,  559.5,  560.9,  561.0,  566.1,  562.9,  564.3,  565.1,  587.8,  597.3,  599.2,  596.7,  586.7,  563.6,  573.8,  576.5,  574.5,  569.1,  575.8,  577.7,  574.9,  -24.2,  -26.3,  -26.2,  -24.2,  -18.1,  -7.8,  4.2,  18.0,  35.8,  55.7,  76.3,  95.4,  109.4,  117.9,  122.7,  125.1,  127.8,  -10.7,  -1.7,  8.9,  19.2,  28.4,  54.1,  66.8,  78.5,  90.1,  99.2,  40.9,  38.6,  36.4,  34.4,  23.3,  29.2,  35.9,  44.0,  51.6,  3.0,  10.3,  18.7,  25.3,  17.7,  9.0,  60.0,  67.2,  75.5,  83.1,  75.6,  67.4,  12.5,  23.4,  32.9,  38.2,  44.9,  55.3,  68.6,  54.7,  44.0,  37.0,  31.3,  22.2,  16.4,  32.9,  38.3,  45.3,  63.8,  44.2,  37.4,  32.1,  -2.6,  20.0,  44.3,  68.4,  91.3,  110.9,  125.5,  134.6,  137.0,  135.4,  126.7,  113.1,  95.5,  75.1,  54.4,  34.5,  14.1,  -8.7,  -13.0,  -13.3,  -10.1,  -5.4,  -3.5,  -5.6,  -6.3,  -3.7,  2.6,  10.1,  22.9,  35.3,  47.6,  55.1,  58.2,  60.8,  59.0,  56.7,  7.3,  4.2,  5.5,  10.9,  12.2,  11.5,  13.7,  9.5,  10.3,  14.6,  16.9,  16.2,  80.3,  77.5,  76.0,  77.7,  76.4,  78.4,  81.6,  87.3,  88.9,  89.5,  89.1,  87.4,  81.4,  81.5,  82.1,  81.5,  82.5,  80.9,  81.5,  80.9,  381.7,  387.1,  392.3,  396.0,  394.8,  391.1,  383.1,  370.4,  364.2,  366.7,  375.5,  382.3,  383.2,  379.8,  374.9,  369.6,  368.3,  343.1,  333.5,  326.6,  321.0,  316.4,  315.2,  319.0,  322.8,  326.3,  331.1,  318.3,  313.8,  308.8,  304.4,  325.6,  321.0,  318.4,  320.1,  322.9,  337.0,  331.4,  329.3,  329.9,  329.9,  331.9,  328.6,  326.0,  326.2,  329.9,  326.8,  326.4,  352.3,  337.7,  330.7,  329.7,  329.3,  335.9,  348.3,  335.5,  328.0,  327.4,  329.4,  337.3,  349.6,  333.5,  331.9,  332.3,  345.5,  327.9,  327.3,  329.2,  2.562,  0.289,  0.102,  0.064,  747.099,  488.935,  -13.703,  7.002,  -8.472,  6.531,  -7.753,  16.585,  2.170,  -8.055,  -1.793,  0.161,  -7.860,  13.139,  -2.275,  -7.282,  3.437,  -1.123,  -0.381,  -3.689,  3.372,  -2.820,  6.718,  -2.981,  -3.027,  -1.036,  -0.464,  2.460,  0.778,  0.003,  -0.058,  -0.144,  0.895,  -0.388,  0.392,  0.080, 0.00, 0.00, 0.12, 0.28, 0.00, 0.53, 0.00, 0.00, 1.14, 1.14, 0.00, 0.75, 0.29, 1.11, 0.00, 0.00, 0.00, 0.00, 0.00, 0.00, 0.00, 0.00, 0.00, 0.00, 0.00, 1.00, 1.00, 0.00, 1.00, 0.00, 1.00, 0.00, 0.00, 0.00, 0.00
89,  0,  2.936,  0.98,  1,  -0.027038,  0.180399,  -0.983222,  -0.286320,  0.217397,  -0.933145,  -0.162,  0.205,  668.8,  674.2,  685.4,  695.9,  699.5,  694.8,  682.9,  672.4,  654.0,  659.5,  669.0,  682.3,  695.5,  703.7,  708.2,  700.3,  689.8,  678.2,  668.1,  659.6,  679.2,  683.7,  688.6,  691.0,  689.4,  684.8,  679.9,  677.6,  812.9,  818.1,  830.9,  843.8,  849.2,  844.0,  831.3,  817.3,  803.2,  811.6,  822.6,  836.1,  847.9,  856.2,  861.7,  855.4,  847.2,  836.8,  824.3,  812.5,  823.9,  830.5,  837.0,  839.6,  836.9,  830.3,  823.7,  821.1,  376.7,  366.7,  363.6,  369.0,  379.9,  390.4,  393.0,  387.6,  378.5,  374.0,  372.8,  372.8,  375.7,  380.6,  388.0,  390.5,  391.7,  391.1,  388.3,  384.0,  381.6,  384.0,  382.6,  378.3,  373.5,  371.1,  372.5,  376.9,  393.1,  379.7,  374.4,  380.2,  393.9,  407.3,  412.6,  407.8,  397.9,  389.7,  385.2,  384.6,  387.9,  392.8,  399.9,  402.6,  403.9,  404.1,  402.9,  401.0,  400.6,  403.7,  400.9,  394.1,  387.1,  384.1,  386.8,  393.7,  10.8,  12.7,  16.9,  20.8,  22.2,  20.6,  16.1,  12.2,  5.3,  7.3,  10.8,  15.7,  20.6,  23.8,  25.7,  22.7,  18.7,  14.3,  10.6,  7.4,  14.7,  16.4,  18.3,  19.1,  18.5,  16.8,  14.9,  14.1,  57.8,  59.8,  64.4,  68.9,  70.8,  68.8,  64.2,  59.3,  54.6,  57.3,  61.0,  65.7,  70.1,  73.6,  76.1,  73.2,  69.8,  65.7,  61.4,  57.6,  61.8,  64.2,  66.5,  67.5,  66.6,  64.3,  61.9,  60.9,  6.2,  2.5,  1.3,  3.3,  7.4,  11.4,  12.4,  10.4,  7.0,  5.3,  4.8,  4.8,  5.8,  7.7,  10.5,  11.5,  11.9,  11.7,  10.7,  9.1,  8.1,  9.0,  8.5,  6.8,  5.1,  4.2,  4.7,  6.3,  11.1,  6.6,  4.9,  6.8,  11.5,  15.9,  17.6,  16.0,  12.7,  9.9,  8.4,  8.2,  9.4,  11.2,  13.7,  14.5,  14.8,  14.7,  14.3,  13.7,  13.7,  14.7,  13.8,  11.5,  9.2,  8.1,  9.0,  11.3,  327.4,  325.8,  325.0,  325.5,  326.9,  328.9,  329.3,  328.9,  333.0,  329.3,  326.1,  324.2,  325.0,  327.1,  329.9,  329.1,  328.2,  328.3,  329.6,  331.4,  328.7,  328.9,  328.5,  327.8,  327.2,  327.0,  327.3,  328.0,  292.6,  293.6,  295.1,  296.0,  296.0,  294.9,  293.5,  292.7,  292.6,  292.1,  292.1,  292.9,  294.9,  297.7,  300.3,  297.5,  294.6,  292.3,  291.5,  291.9,  294.2,  294.7,  295.4,  296.0,  296.0,  295.6,  294.8,  294.3,  42.2,  50.1,  339.6,  0.122,  0.185,  0.052,  588.2,  583.8,  584.5,  589.4,  602.8,  625.4,  652.2,  684.9,  728.2,  774.9,  819.7,  860.4,  892.2,  914.4,  929.4,  939.3,  946.9,  616.7,  639.5,  667.6,  695.7,  721.7,  793.6,  826.6,  856.1,  884.9,  905.5,  755.7,  750.9,  746.2,  741.9,  705.5,  722.5,  741.7,  763.3,  783.1,  651.2,  670.7,  693.2,  710.4,  690.2,  667.2,  803.1,  823.6,  845.7,  863.6,  845.7,  823.9,  674.1,  703.9,  730.3,  744.4,  762.0,  786.9,  815.6,  785.7,  760.3,  742.1,  726.5,  701.0,  683.9,  729.5,  744.0,  762.1,  804.8,  760.7,  743.1,  728.7,  353.8,  404.8,  458.3,  510.6,  561.5,  607.2,  645.7,  677.4,  688.7,  682.9,  655.4,  619.2,  578.5,  533.6,  487.2,  441.9,  393.7,  337.4,  325.7,  324.3,  332.1,  344.6,  350.2,  344.5,  343.0,  350.2,  367.1,  387.6,  423.5,  459.5,  496.1,  507.3,  517.9,  526.5,  520.5,  513.0,  378.7,  371.1,  374.6,  388.8,  392.2,  390.0,  396.5,  385.5,  387.9,  398.7,  405.3,  403.5,  558.4,  560.1,  560.3,  565.4,  562.1,  563.5,  564.1,  587.0,  596.4,  598.3,  595.8,  585.8,  562.6,  573.1,  575.8,  573.8,  568.1,  575.0,  576.8,  574.1,  -22.6,  -24.9,  -24.9,  -22.9,  -16.8,  -6.6,  5.4,  19.1,  36.8,  56.6,  77.2,  96.5,  110.7,  119.4,  124.3,  126.7,  129.5,  -9.2,  -0.2,  10.3,  20.5,  29.6,  55.5,  68.2,  79.9,  91.6,  100.7,  42.2,  39.8,  37.6,  35.5,  24.4,  30.3,  37.0,  45.2,  52.9,  4.3,  11.7,  20.1,  26.6,  19.0,  10.3,  61.4,  68.5,  76.9,  84.5,  77.0,  68.7,  13.7,  24.7,  34.1,  39.4,  45.9,  56.5,  70.1,  55.9,  45.1,  38.2,  32.6,  23.5,  17.6,  34.1,  39.5,  46.4,  65.2,  45.3,  38.6,  33.4,  -2.7,  19.8,  44.1,  68.1,  91.0,  110.6,  125.3,  134.6,  137.1,  135.5,  127.0,  113.5,  95.9,  75.5,  54.6,  34.7,  14.2,  -8.9,  -13.1,  -13.4,  -10.2,  -5.6,  -3.5,  -5.7,  -6.3,  -3.7,  2.7,  10.1,  22.8,  35.2,  47.4,  54.9,  58.0,  60.6,  58.8,  56.5,  7.2,  4.2,  5.5,  10.9,  12.1,  11.4,  13.7,  9.5,  10.4,  14.6,  16.9,  16.3,  80.0,  77.3,  75.8,  77.5,  76.1,  78.2,  81.4,  87.1,  88.6,  89.2,  88.8,  87.1,  81.1,  81.3,  81.9,  81.3,  82.3,  80.6,  81.2,  80.6,  382.1,  387.4,  392.4,  396.0,  395.0,  391.5,  383.7,  371.1,  364.9,  367.3,  376.1,  383.0,  384.0,  380.7,  375.8,  370.5,  369.2,  343.7,  334.2,  327.3,  321.8,  317.3,  315.8,  319.8,  323.6,  327.2,  331.9,  318.9,  314.4,  309.3,  304.8,  325.9,  321.4,  318.7,  320.5,  323.4,  337.8,  332.2,  330.0,  330.6,  330.6,  332.6,  329.2,  326.7,  327.0,  330.6,  327.4,  327.0,  353.0,  338.1,  331.0,  330.0,  329.6,  336.3,  349.1,  335.9,  328.1,  327.5,  329.5,  337.6,  350.3,  333.8,  332.2,  332.6,  346.2,  328.1,  327.5,  329.4,  2.558,  0.286,  0.100,  0.067,  750.199,  488.540,  -13.069,  6.124,  -7.843,  6.532,  -8.162,  16.549,  1.825,  -8.053,  -2.191,  -0.420,  -8.093,  13.742,  -2.567,  -7.925,  3.523,  -1.118,  -0.436,  -3.818,  3.691,  -2.657,  6.734,  -3.024,  -2.853,  -1.081,  -0.515,  2.598,  0.731,  0.053,  -0.068,  -0.138,  0.904,  -0.390,  0.444,  0.031, 0.00, 0.00, 0.14, 0.26, 0.00, 0.57, 0.00, 0.00, 1.21, 1.13, 0.00, 0.83, 0.26, 1.17, 0.01, 0.00, 0.00, 0.00, 0.00, 0.00, 0.00, 0.00, 0.00, 0.00, 0.00, 1.00, 1.00, 0.00, 1.00, 0.00, 1.00, 0.00, 0.00, 0.00, 0.00
90,  0,  2.970,  0.98,  1,  -0.027475,  0.175176,  -0.984154,  -0.292030,  0.207571,  -0.933613,  -0.165,  0.197,  671.4,  676.7,  687.9,  698.4,  702.0,  697.5,  685.5,  675.0,  656.4,  661.9,  671.5,  684.9,  698.1,  706.2,  710.4,  702.6,  692.1,  680.4,  670.4,  662.0,  681.8,  686.3,  691.2,  693.5,  691.9,  687.4,  682.5,  680.2,  815.2,  820.4,  833.2,  846.2,  851.8,  846.6,  833.8,  819.7,  805.8,  814.1,  825.1,  838.5,  850.3,  858.7,  864.3,  858.0,  849.8,  839.2,  826.8,  815.0,  826.4,  833.0,  839.5,  842.1,  839.3,  832.7,  826.2,  823.6,  375.7,  365.7,  362.4,  367.8,  378.6,  389.2,  391.9,  386.6,  377.6,  373.0,  371.8,  371.8,  374.6,  379.6,  387.0,  389.5,  390.6,  390.0,  387.2,  382.9,  380.6,  382.9,  381.5,  377.1,  372.4,  370.1,  371.5,  375.8,  392.0,  378.7,  373.5,  379.3,  392.8,  406.0,  411.3,  406.5,  396.5,  388.6,  384.3,  383.8,  387.1,  391.9,  399.0,  401.8,  403.1,  403.2,  401.8,  399.9,  399.5,  402.5,  399.8,  393.1,  386.2,  383.2,  385.9,  392.6,  11.8,  13.7,  17.8,  21.8,  23.2,  21.6,  17.2,  13.2,  6.3,  8.3,  11.7,  16.7,  21.6,  24.8,  26.6,  23.6,  19.6,  15.2,  11.5,  8.3,  15.7,  17.4,  19.3,  20.1,  19.5,  17.7,  15.9,  15.1,  59.0,  61.0,  65.6,  70.2,  72.0,  70.0,  65.3,  60.5,  55.8,  58.5,  62.2,  66.9,  71.3,  74.8,  77.4,  74.5,  71.0,  66.9,  62.6,  58.8,  63.0,  65.4,  67.7,  68.8,  67.8,  65.5,  63.1,  62.1,  5.9,  2.1,  0.9,  2.9,  7.0,  11.0,  12.0,  10.0,  6.7,  4.9,  4.4,  4.4,  5.4,  7.4,  10.2,  11.1,  11.5,  11.3,  10.3,  8.7,  7.7,  8.6,  8.1,  6.4,  4.6,  3.8,  4.3,  5.9,  10.8,  6.3,  4.6,  6.6,  11.1,  15.6,  17.3,  15.6,  12.3,  9.6,  8.2,  8.0,  9.2,  10.9,  13.4,  14.3,  14.6,  14.5,  14.0,  13.4,  13.4,  14.4,  13.5,  11.3,  8.9,  7.9,  8.8,  11.0,  327.9,  326.4,  325.6,  326.1,  327.5,  329.4,  329.8,  329.4,  333.5,  329.8,  326.6,  324.8,  325.6,  327.7,  330.5,  329.7,  328.7,  328.9,  330.1,  331.9,  329.2,  329.4,  329.1,  328.4,  327.8,  327.6,  327.9,  328.6,  294.5,  295.7,  297.0,  297.8,  297.6,  296.4,  295.0,  294.4,  294.6,  294.1,  294.1,  294.8,  296.6,  299.3,  301.7,  299.1,  296.2,  293.9,  293.3,  293.8,  295.9,  296.3,  297.1,  297.7,  297.8,  297.4,  296.7,  296.1,  43.2,  49.7,  340.1,  0.115,  0.190,  0.053,  591.3,  586.9,  587.5,  592.3,  605.6,  628.3,  655.4,  688.2,  731.2,  777.5,  821.9,  862.5,  894.4,  916.9,  932.0,  942.0,  949.6,  619.4,  642.1,  670.2,  698.4,  724.3,  796.0,  828.9,  858.6,  887.4,  908.2,  758.0,  753.3,  748.7,  744.4,  708.0,  725.0,  744.1,  765.7,  785.4,  653.7,  673.1,  695.5,  712.8,  692.6,  669.7,  805.6,  826.1,  848.2,  866.1,  848.2,  826.4,  676.7,  706.4,  732.6,  746.6,  764.2,  789.1,  817.9,  787.8,  762.4,  744.3,  728.7,  703.4,  686.6,  731.8,  746.2,  764.2,  807.1,  762.8,  745.3,  730.9,  354.0,  404.6,  457.7,  509.7,  560.5,  606.3,  645.0,  677.0,  688.3,  682.5,  655.4,  619.6,  579.0,  533.9,  487.2,  441.4,  392.9,  336.8,  324.6,  323.1,  330.9,  343.4,  349.0,  343.3,  342.0,  349.3,  366.4,  386.4,  422.3,  458.2,  494.8,  505.8,  516.5,  525.1,  519.1,  511.7,  377.7,  370.0,  373.5,  387.6,  391.0,  388.9,  395.5,  384.6,  387.0,  397.9,  404.3,  402.6,  556.6,  558.4,  558.7,  563.8,  560.6,  562.0,  562.7,  585.3,  594.4,  596.1,  593.6,  583.7,  560.7,  571.3,  574.0,  572.1,  566.6,  573.2,  575.0,  572.1,  -21.3,  -23.6,  -23.6,  -21.6,  -15.5,  -5.2,  6.7,  20.4,  38.0,  57.8,  78.2,  97.4,  111.7,  120.6,  125.6,  128.1,  130.8,  -8.1,  0.8,  11.3,  21.5,  30.7,  56.5,  69.2,  81.0,  92.7,  102.0,  43.1,  40.8,  38.5,  36.4,  25.4,  31.3,  38.0,  46.1,  53.8,  5.3,  12.6,  21.0,  27.6,  19.9,  11.3,  62.4,  69.7,  78.0,  85.6,  78.1,  69.8,  14.8,  25.7,  35.1,  40.3,  46.8,  57.4,  71.0,  56.8,  45.9,  39.1,  33.4,  24.5,  18.7,  35.0,  40.4,  47.3,  66.2,  46.1,  39.4,  34.3,  -2.6,  19.8,  43.9,  67.9,  90.6,  110.3,  125.1,  134.4,  136.9,  135.4,  127.0,  113.6,  96.2,  75.8,  54.7,  34.5,  13.9,  -9.2,  -13.6,  -13.8,  -10.7,  -6.1,  -4.0,  -6.1,  -6.7,  -4.0,  2.4,  9.6,  22.4,  34.8,  47.0,  54.4,  57.6,  60.2,  58.4,  56.1,  6.9,  3.8,  5.1,  10.5,  11.8,  11.0,  13.4,  9.2,  10.1,  14.3,  16.6,  15.9,  79.4,  76.7,  75.3,  77.0,  75.7,  77.7,  80.9,  86.5,  87.9,  88.4,  88.0,  86.4,  80.4,  80.7,  81.3,  80.7,  81.8,  80.0,  80.6,  80.0,  383.2,  388.3,  393.1,  396.6,  395.3,  391.8,  383.9,  371.2,  365.0,  367.5,  376.3,  383.1,  384.3,  381.1,  376.4,  371.1,  369.7,  345.0,  335.5,  328.6,  323.0,  318.4,  316.7,  320.6,  324.4,  327.9,  332.7,  319.7,  315.1,  309.9,  305.4,  326.5,  321.8,  319.1,  320.9,  323.7,  338.9,  333.4,  331.2,  331.6,  331.7,  333.7,  330.0,  327.6,  327.8,  331.2,  328.1,  327.8,  353.3,  338.5,  331.4,  330.5,  330.0,  336.6,  349.3,  336.1,  328.3,  327.7,  329.8,  337.8,  350.6,  334.1,  332.5,  332.9,  346.3,  328.5,  327.9,  329.8,  2.554,  0.279,  0.103,  0.068,  752.688,  487.431,  -12.789,  5.521,  -7.608,  6.333,  -8.170,  16.817,  1.820,  -8.081,  -2.194,  -1.097,  -8.291,  13.308,  -2.609,  -8.047,  3.577,  -1.460,  -0.958,  -3.459,  3.491,  -2.396,  5.985,  -2.852,  -2.723,  -0.998,  -0.724,  2.654,  0.595,  0.027,  -0.040,  -0.130,  0.814,  -0.416,  0.431,  0.006, 0.00, 0.00, 0.13, 0.22, 0.00, 0.68, 0.00, 0.00, 1.22, 1.12, 0.00, 0.88, 0.27, 1.19, 0.01, 0.00, 0.00, 0.00, 0.00, 0.00, 0.00, 0.00, 0.00, 0.00, 0.00, 1.00, 1.00, 0.00, 1.00, 0.00, 1.00, 0.00, 0.00, 0.00, 0.00
91,  0,  3.003,  0.98,  1,  -0.033847,  0.166798,  -0.985410,  -0.293758,  0.202636,  -0.934155,  -0.169,  0.190,  673.9,  679.3,  690.5,  701.0,  704.6,  699.9,  688.0,  677.5,  658.9,  664.5,  674.1,  687.6,  700.7,  708.8,  713.1,  705.3,  694.8,  683.2,  673.0,  664.5,  684.3,  688.9,  693.7,  696.0,  694.5,  689.9,  685.1,  682.8,  817.9,  823.1,  835.8,  848.8,  854.3,  849.1,  836.4,  822.3,  808.4,  816.6,  827.5,  841.1,  853.0,  861.4,  866.8,  860.5,  852.4,  842.0,  829.5,  817.7,  828.9,  835.6,  842.2,  844.8,  842.0,  835.3,  828.7,  826.0,  374.3,  364.4,  361.2,  366.5,  377.4,  387.9,  390.5,  385.2,  376.2,  371.5,  370.3,  370.3,  373.2,  378.2,  385.6,  388.1,  389.2,  388.6,  385.8,  381.5,  379.2,  381.5,  380.1,  375.8,  371.1,  368.8,  370.2,  374.5,  390.9,  377.5,  372.1,  377.9,  391.4,  404.8,  410.2,  405.5,  395.5,  387.3,  382.8,  382.3,  385.6,  390.5,  397.7,  400.3,  401.6,  401.8,  400.5,  398.6,  398.4,  401.4,  398.6,  391.7,  384.7,  381.7,  384.5,  391.4,  12.7,  14.7,  18.8,  22.7,  24.2,  22.6,  18.1,  14.1,  7.2,  9.2,  12.7,  17.6,  22.6,  25.8,  27.6,  24.6,  20.6,  16.2,  12.5,  9.3,  16.7,  18.4,  20.2,  21.0,  20.4,  18.7,  16.9,  16.1,  59.6,  61.6,  66.2,  70.8,  72.6,  70.6,  66.0,  61.1,  56.5,  59.1,  62.8,  67.5,  71.9,  75.5,  78.0,  75.1,  71.6,  67.6,  63.2,  59.4,  63.6,  66.0,  68.4,  69.4,  68.5,  66.1,  63.7,  62.7,  5.4,  1.6,  0.4,  2.4,  6.5,  10.5,  11.5,  9.5,  6.2,  4.3,  3.9,  3.8,  4.9,  6.8,  9.7,  10.6,  11.0,  10.7,  9.7,  8.2,  7.2,  8.1,  7.6,  5.9,  4.2,  3.3,  3.8,  5.4,  10.3,  5.9,  4.1,  6.1,  10.6,  15.1,  16.9,  15.2,  11.9,  9.1,  7.6,  7.5,  8.6,  10.4,  13.0,  13.7,  14.0,  14.0,  13.5,  12.9,  12.9,  14.0,  13.1,  10.8,  8.4,  7.4,  8.3,  10.6,  327.9,  326.3,  325.6,  326.1,  327.5,  329.4,  329.8,  329.3,  333.4,  329.7,  326.6,  324.7,  325.6,  327.8,  330.5,  329.7,  328.7,  328.8,  330.1,  331.9,  329.1,  329.4,  329.0,  328.4,  327.7,  327.5,  327.8,  328.5,  293.2,  294.3,  295.7,  296.6,  296.5,  295.5,  294.1,  293.3,  293.3,  292.8,  292.8,  293.6,  295.5,  298.2,  300.7,  298.0,  295.1,  292.8,  292.1,  292.5,  294.8,  295.3,  296.0,  296.6,  296.6,  296.2,  295.4,  294.9,  44.3,  49.0,  340.8,  0.097,  0.194,  0.056,  593.7,  589.5,  590.4,  595.3,  608.5,  631.0,  658.0,  691.5,  734.8,  781.0,  824.9,  865.0,  896.7,  919.0,  934.3,  944.5,  952.3,  622.4,  644.9,  673.0,  701.0,  726.8,  798.3,  831.2,  860.9,  890.0,  911.1,  760.5,  755.9,  751.4,  747.2,  710.1,  727.4,  746.8,  768.8,  788.8,  656.4,  675.8,  698.2,  715.5,  695.1,  672.3,  808.0,  828.7,  850.9,  868.7,  850.9,  829.0,  679.8,  709.1,  735.0,  748.9,  766.2,  791.0,  819.9,  789.6,  764.3,  746.4,  731.1,  706.3,  689.8,  734.1,  748.4,  766.1,  808.9,  764.8,  747.5,  733.3,  353.2,  403.7,  456.5,  508.2,  558.6,  604.6,  643.8,  676.0,  687.3,  681.6,  655.3,  619.8,  579.1,  534.0,  486.9,  440.8,  392.2,  336.4,  323.2,  321.5,  329.2,  341.7,  347.5,  341.8,  340.4,  347.6,  365.5,  384.7,  420.5,  456.3,  492.8,  502.8,  513.7,  522.5,  516.3,  508.8,  376.3,  368.6,  372.0,  386.3,  389.6,  387.5,  394.2,  383.2,  385.6,  396.4,  402.9,  401.2,  554.8,  555.0,  554.6,  559.7,  556.6,  558.7,  561.1,  582.3,  590.3,  591.7,  589.3,  580.4,  558.7,  567.5,  570.1,  568.4,  564.6,  569.3,  570.8,  568.1,  -20.4,  -22.5,  -22.3,  -20.3,  -14.2,  -4.0,  7.9,  21.9,  39.6,  59.2,  79.5,  98.7,  113.1,  122.0,  127.1,  129.7,  132.6,  -7.0,  1.9,  12.5,  22.7,  31.8,  57.6,  70.4,  82.3,  94.2,  103.7,  44.3,  42.0,  39.7,  37.6,  26.2,  32.3,  39.1,  47.4,  55.2,  6.4,  13.7,  22.2,  28.8,  21.0,  12.4,  63.7,  71.0,  79.4,  87.0,  79.5,  71.1,  16.1,  26.7,  36.0,  41.1,  47.6,  58.1,  71.9,  57.4,  46.5,  39.7,  34.3,  25.5,  20.0,  35.9,  41.2,  47.9,  66.9,  46.8,  40.2,  35.1,  -3.0,  19.5,  43.5,  67.2,  89.9,  109.8,  124.9,  134.2,  136.5,  135.0,  127.0,  114.0,  96.5,  76.0,  54.8,  34.4,  13.7,  -9.3,  -14.2,  -14.6,  -11.4,  -6.7,  -4.5,  -6.7,  -7.3,  -4.7,  2.1,  9.1,  21.9,  34.3,  46.6,  53.5,  56.7,  59.4,  57.5,  55.2,  6.4,  3.3,  4.6,  10.0,  11.3,  10.5,  12.9,  8.7,  9.6,  13.9,  16.2,  15.5,  78.8,  75.5,  73.7,  75.4,  74.1,  76.4,  80.4,  85.2,  86.1,  86.5,  86.2,  85.0,  79.7,  79.2,  79.8,  79.2,  81.1,  78.5,  78.9,  78.4,  385.8,  390.2,  394.2,  397.0,  396.0,  392.7,  385.1,  371.7,  365.1,  367.3,  376.4,  383.8,  385.6,  382.5,  377.9,  372.7,  371.4,  346.8,  337.6,  330.6,  325.2,  320.6,  318.2,  322.3,  325.9,  329.7,  334.6,  321.4,  316.8,  311.6,  307.1,  327.7,  323.0,  320.0,  321.8,  324.7,  341.0,  335.6,  333.4,  333.3,  333.5,  335.7,  331.5,  329.3,  329.6,  332.9,  329.7,  329.3,  353.9,  338.6,  331.5,  330.4,  329.9,  336.6,  349.9,  335.5,  327.3,  326.7,  328.9,  337.4,  351.1,  333.9,  332.3,  332.5,  346.7,  328.0,  327.5,  329.5,  2.547,  0.261,  0.104,  0.069,  755.251,  485.453,  -9.627,  4.768,  -7.818,  5.507,  -9.824,  16.297,  1.358,  -7.670,  -3.708,  -3.067,  -9.079,  13.748,  -3.533,  -7.478,  4.574,  -1.035,  -0.023,  -2.693,  3.937,  -1.599,  4.931,  -2.258,  -2.019,  -2.238,  -1.071,  3.006,  0.488,  0.418,  0.010,  -0.103,  0.858,  -0.467,  0.377,  -0.124, 0.00, 0.00, 0.03, 0.12, 0.00, 0.80, 0.00, 0.00, 1.18, 1.07, 0.00, 0.85, 0.29, 1.14, 0.05, 0.00, 0.00, 0.00, 0.00, 0.00, 0.00, 0.00, 0.00, 0.00, 0.00, 1.00, 1.00, 0.00, 1.00, 1.00, 1.00, 0.00, 0.00, 0.00, 0.00
92,  0,  3.036,  0.98,  1,  -0.040728,  0.163496,  -0.985703,  -0.292461,  0.195933,  -0.935990,  -0.172,  0.185,  677.0,  682.3,  693.5,  704.0,  707.7,  703.0,  691.1,  680.6,  661.9,  667.6,  677.4,  690.7,  703.7,  711.9,  716.4,  708.7,  698.3,  686.7,  676.4,  667.7,  687.3,  691.9,  696.7,  699.1,  697.5,  692.9,  688.1,  685.8,  821.2,  826.4,  839.2,  852.0,  857.5,  852.2,  839.5,  825.5,  811.7,  819.8,  830.5,  844.1,  856.1,  864.6,  870.0,  863.7,  855.5,  845.0,  832.6,  820.9,  832.1,  838.8,  845.4,  848.1,  845.3,  838.6,  832.0,  829.3,  372.8,  362.8,  359.5,  364.8,  375.7,  386.3,  389.0,  383.7,  374.7,  370.1,  368.8,  368.7,  371.4,  376.4,  383.7,  386.2,  387.4,  386.9,  384.3,  380.1,  377.7,  380.0,  378.5,  374.2,  369.5,  367.2,  368.6,  373.0,  388.7,  375.5,  370.2,  376.0,  389.5,  402.7,  408.0,  403.2,  393.4,  385.2,  380.8,  380.2,  383.6,  388.6,  396.0,  398.6,  399.8,  399.9,  398.5,  396.6,  396.3,  399.3,  396.6,  389.8,  382.8,  379.7,  382.4,  389.3,  13.9,  15.8,  20.0,  23.9,  25.4,  23.8,  19.3,  15.3,  8.4,  10.4,  14.0,  18.9,  23.8,  27.0,  28.9,  26.0,  21.9,  17.6,  13.7,  10.5,  17.8,  19.6,  21.4,  22.2,  21.6,  19.9,  18.1,  17.2,  61.0,  63.0,  67.6,  72.2,  74.0,  72.0,  67.3,  62.5,  57.9,  60.5,  64.1,  68.8,  73.3,  76.9,  79.4,  76.5,  73.0,  68.9,  64.6,  60.8,  65.0,  67.4,  69.8,  70.8,  69.9,  67.6,  65.1,  64.1,  4.8,  1.0,  -0.2,  1.8,  5.9,  9.9,  11.0,  8.9,  5.6,  3.8,  3.3,  3.2,  4.3,  6.2,  9.0,  9.9,  10.3,  10.1,  9.2,  7.6,  6.7,  7.5,  7.0,  5.3,  3.6,  2.7,  3.2,  4.9,  9.7,  5.2,  3.5,  5.5,  10.0,  14.5,  16.2,  14.6,  11.3,  8.5,  7.0,  6.8,  8.0,  9.8,  12.4,  13.2,  13.5,  13.4,  12.9,  12.3,  12.3,  13.3,  12.4,  10.1,  7.8,  6.7,  7.6,  9.9,  328.6,  327.1,  326.4,  326.9,  328.3,  330.1,  330.5,  330.0,  334.1,  330.5,  327.3,  325.6,  326.5,  328.7,  331.4,  330.5,  329.5,  329.5,  330.7,  332.5,  329.9,  330.1,  329.8,  329.2,  328.5,  328.3,  328.6,  329.3,  294.8,  295.8,  297.2,  298.0,  297.8,  296.8,  295.4,  294.8,  294.9,  294.4,  294.3,  295.0,  296.8,  299.5,  302.0,  299.3,  296.5,  294.2,  293.6,  294.1,  296.2,  296.7,  297.4,  297.9,  298.0,  297.6,  296.9,  296.3,  45.4,  48.1,  341.3,  0.087,  0.198,  0.059,  595.7,  591.5,  592.5,  597.5,  610.8,  633.6,  661.2,  696.0,  739.3,  784.9,  828.1,  867.7,  899.3,  921.9,  937.3,  947.6,  955.3,  625.9,  648.4,  676.2,  704.0,  729.6,  801.5,  834.1,  863.3,  892.4,  913.9,  763.5,  759.2,  754.8,  750.8,  713.2,  730.7,  750.2,  772.2,  792.2,  659.5,  679.0,  701.4,  718.7,  698.3,  675.4,  811.0,  831.8,  854.0,  871.8,  854.1,  832.2,  682.7,  711.7,  737.5,  751.6,  768.7,  793.6,  822.3,  791.9,  766.6,  748.7,  733.3,  708.7,  692.9,  736.4,  750.9,  768.5,  811.0,  767.0,  749.8,  735.5,  352.1,  401.9,  453.9,  505.4,  555.7,  602.6,  642.8,  675.2,  686.1,  680.1,  654.3,  619.3,  578.8,  533.8,  486.3,  439.4,  390.3,  335.1,  321.4,  319.5,  327.1,  339.3,  345.2,  339.4,  338.0,  345.1,  363.5,  382.7,  418.5,  454.3,  490.7,  500.1,  510.8,  519.7,  513.5,  506.3,  374.7,  366.9,  370.3,  384.6,  388.0,  385.7,  392.2,  381.4,  383.7,  394.4,  400.9,  399.2,  552.6,  551.3,  550.1,  555.2,  552.2,  555.2,  559.4,  580.2,  587.5,  588.7,  586.3,  577.7,  556.3,  563.9,  566.6,  565.0,  562.6,  565.5,  566.8,  564.1,  -19.6,  -21.7,  -21.4,  -19.3,  -13.3,  -2.9,  9.3,  23.8,  41.5,  60.9,  81.0,  100.0,  114.6,  123.6,  128.7,  131.2,  133.8,  -5.6,  3.2,  13.7,  23.9,  33.0,  59.0,  71.8,  83.4,  95.3,  104.7,  45.6,  43.4,  41.1,  39.2,  27.5,  33.6,  40.5,  48.8,  56.7,  7.6,  15.0,  23.5,  30.1,  22.3,  13.6,  64.9,  72.4,  80.8,  88.4,  80.9,  72.5,  17.3,  27.7,  36.9,  42.1,  48.5,  59.1,  72.9,  58.2,  47.3,  40.5,  35.0,  26.5,  21.3,  36.8,  42.1,  48.8,  67.7,  47.6,  41.1,  35.9,  -3.5,  18.7,  42.4,  66.0,  88.7,  109.0,  124.6,  133.9,  136.1,  134.5,  126.7,  113.9,  96.7,  76.2,  54.7,  33.9,  12.9,  -9.9,  -15.0,  -15.4,  -12.3,  -7.6,  -5.4,  -7.6,  -8.2,  -5.6,  1.3,  8.4,  21.3,  33.8,  46.2,  52.7,  55.9,  58.7,  56.7,  54.5,  5.7,  2.7,  3.9,  9.4,  10.7,  9.9,  12.2,  8.1,  8.9,  13.1,  15.4,  14.8,  78.0,  74.0,  72.0,  73.7,  72.4,  75.1,  79.7,  84.4,  85.0,  85.3,  85.0,  83.9,  78.8,  77.9,  78.5,  77.9,  80.2,  77.0,  77.4,  76.9,  386.8,  391.0,  394.9,  397.5,  396.6,  393.2,  385.3,  371.7,  365.3,  367.5,  376.8,  384.5,  386.6,  383.7,  378.8,  373.1,  371.3,  347.4,  338.8,  332.0,  327.1,  322.7,  319.8,  323.7,  326.8,  330.3,  334.6,  322.8,  318.4,  313.5,  309.3,  329.0,  324.4,  321.5,  323.3,  326.1,  342.1,  336.9,  334.7,  334.3,  334.7,  336.9,  332.4,  330.2,  330.5,  333.5,  330.5,  330.1,  354.3,  338.6,  331.5,  330.4,  329.7,  336.5,  349.8,  335.2,  326.9,  326.4,  328.6,  337.2,  351.4,  334.2,  332.4,  332.5,  346.6,  327.9,  327.4,  329.5,  2.542,  0.251,  0.105,  0.071,  758.125,  483.206,  -9.614,  3.844,  -9.292,  3.687,  -12.231,  15.535,  1.777,  -6.877,  -5.456,  -5.248,  -9.497,  13.107,  -3.015,  -6.836,  4.689,  -0.450,  0.565,  -1.475,  4.650,  -1.306,  3.553,  -2.602,  -1.479,  -2.835,  -1.706,  3.413,  0.735,  0.402,  0.192,  -0.107,  0.974,  -0.372,  0.514,  -0.233, 0.00, 0.00, 0.00, 0.04, 0.00, 0.86, 0.00, 0.08, 1.10, 0.99, 0.00, 0.79, 0.37, 1.09, 0.14, 0.00, 0.00, 0.00, 0.00, 0.00, 0.00, 0.00, 0.00, 0.00, 0.00, 1.00, 1.00, 0.00, 1.00, 1.00, 1.00, 0.00, 0.00, 0.00, 0.00
93,  0,  3.070,  0.98,  1,  -0.036459,  0.162622,  -0.986015,  -0.294260,  0.199966,  -0.934572,  -0.171,  0.187,  680.5,  685.9,  697.1,  707.6,  711.2,  706.6,  694.6,  684.1,  665.5,  671.1,  680.8,  694.2,  707.3,  715.4,  719.8,  712.1,  701.6,  690.0,  679.8,  671.2,  691.0,  695.4,  700.2,  702.5,  701.0,  696.5,  691.7,  689.4,  824.7,  829.8,  842.6,  855.5,  861.0,  855.9,  843.1,  829.2,  815.4,  823.4,  834.2,  847.7,  859.7,  868.1,  873.6,  867.2,  859.1,  848.8,  836.4,  824.6,  835.7,  842.4,  848.9,  851.6,  848.7,  842.1,  835.5,  832.9,  370.9,  360.9,  357.6,  362.9,  373.7,  384.3,  387.0,  381.7,  372.9,  368.2,  366.9,  366.6,  369.3,  374.2,  381.6,  384.2,  385.5,  385.0,  382.4,  378.2,  375.6,  377.9,  376.5,  372.2,  367.6,  365.3,  366.8,  371.0,  386.7,  373.3,  367.8,  373.5,  387.0,  400.4,  405.9,  401.2,  390.8,  382.6,  378.3,  377.7,  381.1,  385.8,  393.0,  396.0,  397.5,  397.8,  396.4,  394.3,  394.1,  397.0,  394.2,  387.3,  380.3,  377.4,  380.2,  387.1,  15.2,  17.2,  21.3,  25.3,  26.7,  25.1,  20.7,  16.7,  9.8,  11.8,  15.3,  20.2,  25.1,  28.3,  30.2,  27.2,  23.2,  18.8,  15.0,  11.9,  19.2,  20.9,  22.7,  23.5,  22.9,  21.2,  19.4,  18.6,  62.2,  64.1,  68.7,  73.3,  75.2,  73.2,  68.6,  63.7,  59.0,  61.6,  65.3,  70.0,  74.5,  78.0,  80.6,  77.7,  74.2,  70.2,  65.8,  62.0,  66.2,  68.6,  71.0,  72.0,  71.0,  68.7,  66.3,  65.3,  4.1,  0.3,  -0.9,  1.1,  5.2,  9.2,  10.2,  8.2,  4.9,  3.1,  2.6,  2.5,  3.5,  5.4,  8.2,  9.1,  9.6,  9.4,  8.5,  6.9,  5.9,  6.8,  6.2,  4.6,  2.9,  2.0,  2.5,  4.1,  9.0,  4.5,  2.6,  4.6,  9.2,  13.7,  15.5,  13.9,  10.4,  7.6,  6.1,  6.0,  7.1,  8.8,  11.4,  12.3,  12.7,  12.7,  12.2,  11.5,  11.5,  12.5,  11.6,  9.3,  6.9,  5.9,  6.8,  9.2,  328.8,  327.3,  326.6,  327.1,  328.6,  330.5,  330.8,  330.3,  334.3,  330.6,  327.5,  325.8,  326.7,  328.9,  331.6,  330.8,  329.7,  329.8,  331.0,  332.8,  330.1,  330.4,  330.1,  329.4,  328.8,  328.6,  328.9,  329.5,  294.5,  295.4,  296.8,  297.7,  297.7,  296.7,  295.4,  294.7,  294.6,  294.0,  294.0,  294.7,  296.6,  299.3,  301.8,  299.1,  296.3,  294.0,  293.3,  293.8,  296.1,  296.6,  297.3,  297.8,  297.8,  297.3,  296.6,  296.1,  46.9,  47.4,  342.3,  0.084,  0.193,  0.062,  597.9,  593.6,  594.5,  599.6,  613.1,  636.4,  664.4,  699.7,  742.6,  787.1,  829.3,  868.4,  900.5,  923.9,  939.8,  950.4,  958.2,  629.4,  652.3,  680.4,  708.2,  733.5,  805.4,  837.7,  866.6,  895.8,  917.6,  767.3,  763.2,  759.1,  755.2,  716.9,  734.6,  754.3,  776.4,  796.5,  662.8,  682.5,  705.0,  722.2,  701.7,  678.9,  814.7,  835.4,  857.6,  875.3,  857.8,  836.0,  686.2,  715.4,  741.1,  755.5,  772.8,  797.4,  825.6,  795.7,  770.7,  752.7,  737.0,  712.5,  696.6,  739.8,  754.7,  772.4,  814.4,  771.0,  753.7,  739.0,  349.4,  399.3,  451.4,  503.1,  553.7,  600.8,  641.1,  673.2,  683.9,  678.4,  653.7,  619.6,  579.7,  534.6,  486.2,  438.1,  387.8,  333.3,  319.3,  317.7,  325.3,  337.3,  343.0,  336.9,  335.4,  342.3,  360.8,  380.5,  416.3,  452.1,  488.6,  497.5,  508.3,  517.3,  511.0,  503.7,  372.8,  364.9,  368.2,  382.6,  386.0,  383.7,  389.9,  379.0,  381.1,  391.8,  398.4,  396.9,  550.7,  548.7,  547.1,  552.3,  549.3,  552.6,  557.5,  577.6,  584.4,  585.5,  583.0,  574.8,  554.4,  561.0,  563.7,  562.1,  560.6,  562.7,  563.9,  561.2,  -18.6,  -20.7,  -20.5,  -18.4,  -12.2,  -1.6,  10.7,  25.4,  42.9,  61.8,  81.6,  100.6,  115.5,  125.1,  130.4,  132.8,  135.4,  -4.2,  4.8,  15.4,  25.6,  34.7,  60.7,  73.5,  85.0,  96.9,  106.5,  47.1,  45.0,  42.9,  41.0,  29.0,  35.2,  42.2,  50.6,  58.6,  8.9,  16.4,  24.9,  31.5,  23.7,  15.0,  66.6,  74.0,  82.5,  90.0,  82.6,  74.2,  18.7,  29.2,  38.4,  43.7,  50.2,  60.8,  74.5,  59.8,  49.0,  42.1,  36.5,  28.0,  22.8,  38.2,  43.7,  50.5,  69.3,  49.3,  42.7,  37.4,  -4.7,  17.5,  41.2,  65.0,  87.8,  108.2,  123.8,  133.1,  135.3,  133.9,  126.7,  114.4,  97.4,  76.9,  54.9,  33.4,  11.8,  -10.6,  -15.8,  -16.1,  -13.0,  -8.4,  -6.3,  -8.6,  -9.2,  -6.7,  0.3,  7.6,  20.6,  33.2,  45.7,  51.9,  55.2,  58.0,  56.0,  53.8,  5.0,  1.9,  3.2,  8.7,  10.0,  9.2,  11.4,  7.2,  8.0,  12.2,  14.5,  14.0,  77.4,  73.2,  71.1,  72.9,  71.6,  74.3,  79.3,  83.6,  84.1,  84.3,  84.0,  83.0,  78.2,  77.0,  77.6,  77.0,  79.7,  76.2,  76.5,  76.0,  386.5,  390.6,  394.7,  397.4,  396.5,  393.2,  385.3,  371.8,  365.5,  367.9,  377.4,  385.6,  388.1,  385.5,  380.5,  374.4,  372.3,  347.6,  339.2,  332.9,  328.4,  324.4,  321.4,  325.2,  328.0,  331.5,  335.8,  324.1,  319.9,  315.2,  311.2,  330.3,  325.7,  322.7,  324.6,  327.5,  342.7,  337.8,  335.8,  335.2,  335.6,  337.7,  333.4,  331.3,  331.7,  334.7,  331.7,  331.2,  355.0,  339.4,  332.7,  331.5,  330.9,  337.8,  351.1,  336.2,  327.7,  327.1,  329.4,  337.9,  352.1,  335.1,  333.3,  333.5,  347.7,  328.9,  328.4,  330.5,  2.535,  0.247,  0.096,  0.075,  761.525,  481.017,  -11.769,  2.267,  -10.028,  2.701,  -12.578,  16.598,  2.574,  -5.899,  -5.559,  -6.690,  -10.094,  13.325,  -3.207,  -6.285,  4.349,  0.661,  0.281,  -1.447,  4.687,  -1.038,  2.714,  -2.400,  -1.297,  -3.198,  -1.630,  3.489,  0.840,  0.374,  0.399,  -0.056,  0.982,  -0.418,  0.516,  -0.291, 0.00, 0.00, 0.00, 0.00, 0.00, 0.83, 0.00, 0.17, 1.05, 0.89, 0.00, 0.73, 0.31, 1.06, 0.17, 0.00, 0.00, 0.00, 0.00, 0.00, 0.00, 0.00, 0.00, 0.00, 0.00, 1.00, 1.00, 0.00, 1.00, 1.00, 1.00, 0.00, 0.00, 0.00, 0.00
94,  0,  3.103,  0.98,  1,  -0.040798,  0.169547,  -0.984677,  -0.294480,  0.205975,  -0.933197,  -0.173,  0.193,  683.6,  689.0,  700.2,  710.7,  714.2,  709.5,  697.6,  687.1,  668.4,  674.2,  684.1,  697.7,  710.8,  718.8,  723.1,  715.4,  705.0,  693.3,  683.0,  674.2,  694.0,  698.4,  703.2,  705.5,  704.0,  699.6,  694.8,  692.4,  828.3,  833.5,  846.1,  858.8,  864.2,  859.0,  846.4,  832.6,  819.2,  827.0,  837.4,  851.1,  863.2,  871.5,  876.7,  870.5,  862.7,  852.6,  840.2,  828.5,  839.0,  845.6,  852.2,  854.9,  852.1,  845.5,  838.9,  836.2,  369.0,  359.1,  355.8,  361.1,  371.9,  382.4,  385.1,  379.8,  371.0,  366.2,  364.8,  364.5,  367.1,  372.0,  379.4,  382.0,  383.3,  382.9,  380.3,  376.2,  373.7,  376.0,  374.6,  370.3,  365.7,  363.5,  364.9,  369.1,  384.5,  371.0,  365.5,  371.1,  384.5,  397.9,  403.5,  398.9,  388.5,  380.2,  375.9,  375.2,  378.4,  382.8,  390.0,  393.3,  395.3,  396.0,  394.6,  392.3,  391.6,  394.6,  391.7,  384.7,  377.7,  374.8,  377.7,  384.6,  16.4,  18.3,  22.5,  26.4,  27.8,  26.2,  21.7,  17.8,  10.8,  12.9,  16.5,  21.4,  26.4,  29.6,  31.5,  28.5,  24.5,  20.1,  16.2,  13.0,  20.3,  22.0,  23.8,  24.6,  24.0,  22.3,  20.5,  19.7,  63.6,  65.5,  70.1,  74.6,  76.5,  74.6,  70.0,  65.1,  60.5,  63.0,  66.5,  71.3,  75.9,  79.4,  82.0,  79.1,  75.7,  71.7,  67.4,  63.5,  67.6,  70.0,  72.4,  73.4,  72.4,  70.0,  67.6,  66.6,  3.4,  -0.4,  -1.6,  0.4,  4.5,  8.4,  9.5,  7.5,  4.2,  2.3,  1.8,  1.7,  2.7,  4.5,  7.3,  8.3,  8.8,  8.6,  7.7,  6.2,  5.2,  6.0,  5.5,  3.9,  2.2,  1.3,  1.8,  3.4,  8.3,  3.7,  1.9,  3.8,  8.4,  12.9,  14.8,  13.2,  9.6,  6.8,  5.4,  5.1,  6.3,  7.8,  10.4,  11.4,  12.0,  12.1,  11.6,  10.9,  10.7,  11.8,  10.8,  8.4,  6.1,  5.0,  6.0,  8.4,  328.2,  326.7,  326.1,  326.7,  328.2,  330.1,  330.4,  329.8,  333.6,  330.0,  326.9,  325.2,  326.2,  328.5,  331.3,  330.4,  329.3,  329.2,  330.4,  332.1,  329.6,  329.9,  329.6,  329.0,  328.3,  328.1,  328.3,  329.0,  295.5,  296.2,  297.4,  298.5,  298.7,  298.1,  296.8,  296.0,  295.5,  294.9,  294.8,  295.5,  297.5,  300.3,  302.9,  300.3,  297.6,  295.2,  294.4,  294.9,  297.2,  297.8,  298.4,  298.8,  298.7,  298.2,  297.5,  297.1,  48.2,  46.6,  342.5,  0.086,  0.188,  0.060,  599.9,  595.6,  596.7,  601.8,  615.6,  639.0,  667.1,  703.1,  746.4,  790.9,  832.8,  871.4,  903.0,  926.1,  941.9,  952.5,  960.2,  632.5,  655.7,  683.9,  711.7,  737.1,  809.1,  841.3,  870.1,  899.1,  920.7,  771.1,  767.2,  763.4,  759.8,  720.7,  738.6,  758.5,  780.6,  800.7,  666.0,  685.7,  708.4,  725.5,  705.0,  682.1,  818.3,  838.9,  861.1,  878.7,  861.4,  839.5,  689.2,  718.9,  744.9,  759.3,  776.6,  801.3,  829.3,  799.6,  774.5,  756.5,  740.8,  716.0,  699.6,  743.6,  758.5,  776.1,  818.2,  774.8,  757.5,  742.8,  347.6,  397.5,  449.6,  501.3,  552.1,  599.5,  640.0,  672.2,  682.6,  676.8,  651.7,  617.0,  576.6,  531.4,  483.0,  434.9,  384.7,  331.4,  317.3,  315.5,  323.0,  334.8,  340.3,  334.2,  332.6,  339.4,  357.9,  378.1,  413.8,  449.6,  486.1,  495.2,  506.0,  515.0,  508.6,  501.2,  370.9,  362.8,  366.1,  380.5,  384.0,  381.8,  387.5,  376.4,  378.4,  389.3,  395.9,  394.5,  548.8,  546.5,  544.9,  550.0,  547.0,  550.2,  555.4,  575.5,  582.2,  583.2,  580.7,  572.7,  552.4,  558.8,  561.5,  559.9,  558.4,  560.6,  561.8,  559.1,  -17.7,  -19.8,  -19.5,  -17.3,  -11.1,  -0.4,  12.0,  26.8,  44.5,  63.5,  83.2,  102.0,  116.7,  126.1,  131.3,  133.8,  136.3,  -3.0,  6.1,  16.7,  26.9,  36.0,  62.2,  74.9,  86.4,  98.3,  108.0,  48.6,  46.5,  44.5,  42.7,  30.5,  36.7,  43.8,  52.2,  60.2,  10.2,  17.6,  26.2,  32.7,  24.9,  16.2,  68.0,  75.4,  84.0,  91.5,  84.1,  75.6,  20.0,  30.6,  39.9,  45.3,  51.7,  62.4,  76.1,  61.4,  50.4,  43.6,  38.0,  29.4,  24.0,  39.7,  45.2,  51.9,  71.0,  50.7,  44.1,  38.9,  -5.5,  16.7,  40.4,  64.1,  86.9,  107.5,  123.3,  132.7,  134.9,  133.3,  125.8,  113.3,  96.1,  75.5,  53.5,  32.1,  10.5,  -11.3,  -16.5,  -16.9,  -13.9,  -9.3,  -7.2,  -9.6,  -10.3,  -7.8,  -0.8,  6.7,  19.7,  32.3,  44.9,  51.1,  54.4,  57.2,  55.2,  52.9,  4.3,  1.1,  2.3,  7.8,  9.2,  8.4,  10.5,  6.2,  7.0,  11.2,  13.6,  13.1,  76.7,  72.4,  70.4,  72.1,  70.8,  73.6,  78.6,  82.9,  83.3,  83.5,  83.1,  82.2,  77.5,  76.2,  76.8,  76.3,  79.0,  75.5,  75.8,  75.2,  386.2,  390.2,  394.1,  396.7,  395.9,  392.8,  385.4,  372.1,  365.7,  368.1,  377.4,  385.7,  388.2,  385.4,  380.5,  374.5,  372.4,  346.8,  338.7,  332.5,  328.3,  324.5,  321.8,  325.7,  328.6,  332.1,  336.5,  324.3,  320.1,  315.5,  311.7,  330.5,  326.0,  323.1,  325.1,  328.0,  342.4,  337.7,  335.7,  335.2,  335.5,  337.5,  333.8,  331.8,  332.3,  335.2,  332.3,  331.6,  355.3,  339.7,  333.0,  331.9,  331.4,  338.3,  351.9,  336.7,  327.9,  327.3,  329.5,  338.1,  352.4,  335.3,  333.6,  333.8,  348.4,  329.2,  328.6,  330.7,  2.533,  0.248,  0.087,  0.074,  764.923,  478.768,  -13.689,  3.088,  -10.005,  2.395,  -12.722,  16.544,  1.985,  -6.428,  -5.692,  -6.648,  -10.381,  13.799,  -4.033,  -6.333,  4.384,  0.788,  0.551,  -1.166,  4.971,  -0.956,  2.274,  -2.316,  -1.180,  -3.554,  -1.732,  3.433,  0.768,  0.421,  0.266,  -0.118,  0.999,  -0.461,  0.458,  -0.281, 0.00, 0.00, 0.00, 0.02, 0.00, 0.67, 0.00, 0.24, 1.01, 0.83, 0.00, 0.77, 0.25, 1.10, 0.16, 0.00, 0.00, 0.00, 0.00, 0.00, 0.00, 0.00, 0.00, 0.00, 0.00, 1.00, 1.00, 0.00, 1.00, 1.00, 1.00, 0.00, 0.00, 0.00, 0.00
95,  0,  3.136,  0.98,  1,  -0.047723,  0.169654,  -0.984347,  -0.293575,  0.205297,  -0.933631,  -0.176,  0.193,  685.8,  691.2,  702.4,  712.8,  716.3,  711.6,  699.7,  689.3,  671.0,  676.8,  686.6,  700.2,  713.3,  721.2,  725.3,  717.6,  707.2,  695.6,  685.3,  676.7,  696.1,  700.6,  705.4,  707.7,  706.2,  701.7,  696.9,  694.6,  830.6,  835.8,  848.4,  861.1,  866.5,  861.4,  848.7,  834.9,  821.5,  829.3,  839.8,  853.4,  865.7,  874.0,  879.4,  872.9,  865.0,  854.8,  842.4,  830.7,  841.4,  848.0,  854.7,  857.4,  854.5,  847.9,  841.2,  838.5,  367.1,  357.2,  354.0,  359.3,  370.1,  380.5,  383.2,  377.9,  369.0,  364.1,  362.7,  362.5,  365.2,  370.3,  377.7,  380.4,  381.7,  381.2,  378.5,  374.3,  371.9,  374.2,  372.8,  368.5,  363.9,  361.6,  363.0,  367.2,  382.5,  369.1,  363.5,  368.9,  382.3,  395.7,  401.3,  396.8,  386.4,  378.1,  373.7,  373.1,  376.3,  380.9,  388.1,  391.2,  393.1,  393.8,  392.4,  390.1,  389.6,  392.5,  389.6,  382.5,  375.5,  372.6,  375.5,  382.6,  17.2,  19.2,  23.3,  27.2,  28.7,  27.1,  22.6,  18.6,  11.9,  13.9,  17.5,  22.4,  27.4,  30.6,  32.4,  29.4,  25.4,  21.0,  17.2,  14.0,  21.2,  22.9,  24.7,  25.5,  24.9,  23.2,  21.4,  20.6,  64.5,  66.4,  71.0,  75.6,  77.5,  75.6,  71.0,  66.1,  61.5,  64.0,  67.5,  72.2,  76.9,  80.5,  83.0,  80.1,  76.6,  72.6,  68.3,  64.4,  68.6,  71.0,  73.4,  74.4,  73.4,  71.0,  68.6,  67.6,  2.7,  -1.1,  -2.3,  -0.3,  3.8,  7.8,  8.8,  6.7,  3.5,  1.6,  1.0,  0.9,  2.0,  3.9,  6.7,  7.7,  8.2,  8.0,  7.0,  5.5,  4.5,  5.4,  4.8,  3.2,  1.5,  0.6,  1.1,  2.7,  7.6,  3.1,  1.2,  3.0,  7.6,  12.2,  14.0,  12.5,  8.9,  6.1,  4.6,  4.4,  5.6,  7.2,  9.7,  10.7,  11.3,  11.4,  10.9,  10.2,  10.1,  11.1,  10.1,  7.7,  5.3,  4.3,  5.3,  7.7,  329.1,  327.5,  326.8,  327.4,  328.9,  330.8,  331.1,  330.5,  334.4,  330.7,  327.6,  325.9,  326.9,  329.2,  332.1,  331.2,  330.1,  330.1,  331.2,  332.9,  330.4,  330.7,  330.4,  329.7,  329.1,  328.8,  329.1,  329.8,  296.3,  296.9,  298.0,  299.0,  299.2,  298.6,  297.5,  296.7,  296.3,  295.6,  295.5,  296.1,  298.1,  300.8,  303.4,  300.9,  298.1,  295.9,  295.1,  295.6,  297.9,  298.4,  299.0,  299.4,  299.3,  298.8,  298.2,  297.8,  49.2,  45.9,  342.8,  0.085,  0.183,  0.061,  601.2,  597.0,  598.1,  603.2,  617.1,  640.8,  669.1,  705.5,  748.7,  792.9,  834.3,  872.6,  904.3,  927.6,  943.5,  954.2,  961.9,  634.7,  657.9,  686.2,  714.2,  739.6,  811.6,  843.7,  872.5,  901.5,  923.2,  773.5,  769.9,  766.2,  762.7,  723.6,  741.5,  761.3,  783.2,  803.2,  668.4,  688.1,  710.8,  727.9,  707.5,  684.5,  820.6,  841.2,  863.5,  881.0,  863.8,  841.9,  691.7,  721.6,  747.5,  762.0,  779.4,  803.9,  831.4,  802.3,  777.5,  759.4,  743.6,  718.8,  702.3,  746.1,  761.1,  778.9,  820.3,  777.6,  760.3,  745.4,  346.6,  396.4,  448.3,  499.9,  550.5,  597.8,  638.3,  670.4,  680.9,  675.2,  650.4,  616.1,  575.7,  530.2,  481.2,  432.5,  381.6,  329.6,  315.3,  313.6,  321.1,  332.9,  338.3,  331.9,  330.4,  337.2,  355.8,  376.1,  411.8,  447.5,  483.9,  493.2,  504.0,  512.9,  506.6,  499.3,  369.1,  360.9,  364.1,  378.6,  382.2,  380.0,  385.5,  374.3,  376.3,  387.2,  393.9,  392.5,  547.1,  544.7,  543.0,  548.1,  545.1,  548.4,  553.7,  573.6,  580.2,  581.1,  578.6,  570.6,  550.7,  556.8,  559.5,  557.9,  556.6,  558.8,  559.9,  557.2,  -17.1,  -19.2,  -18.9,  -16.7,  -10.4,  0.3,  12.8,  27.8,  45.4,  64.3,  83.9,  102.7,  117.4,  127.0,  132.3,  134.8,  137.2,  -2.1,  6.9,  17.6,  27.9,  37.0,  63.2,  76.0,  87.5,  99.5,  109.1,  49.6,  47.6,  45.6,  43.8,  31.6,  37.8,  44.9,  53.3,  61.3,  11.1,  18.6,  27.2,  33.7,  25.9,  17.2,  69.0,  76.4,  85.0,  92.5,  85.2,  76.7,  21.0,  31.7,  41.0,  46.4,  52.9,  63.5,  77.0,  62.5,  51.6,  44.7,  39.0,  30.5,  25.1,  40.7,  46.2,  53.0,  71.9,  51.9,  45.2,  39.9,  -5.9,  16.2,  39.7,  63.4,  86.1,  106.6,  122.4,  131.9,  134.1,  132.6,  125.4,  113.0,  95.9,  75.2,  52.9,  31.1,  9.2,  -12.1,  -17.3,  -17.7,  -14.6,  -10.1,  -8.0,  -10.5,  -11.2,  -8.7,  -1.6,  6.0,  19.0,  31.6,  44.2,  50.4,  53.7,  56.5,  54.5,  52.3,  3.6,  0.3,  1.6,  7.1,  8.5,  7.7,  9.7,  5.4,  6.2,  10.4,  12.9,  12.3,  76.0,  71.7,  69.7,  71.5,  70.2,  73.0,  78.0,  82.3,  82.6,  82.8,  82.4,  81.4,  76.8,  75.5,  76.1,  75.6,  78.4,  74.9,  75.2,  74.6,  385.8,  389.8,  393.7,  396.3,  395.4,  392.2,  384.9,  371.7,  365.7,  368.2,  377.8,  386.1,  388.8,  386.3,  381.4,  375.3,  373.0,  346.9,  338.9,  332.8,  328.7,  325.1,  322.5,  326.4,  329.3,  332.8,  337.2,  324.8,  320.6,  316.0,  312.2,  330.7,  326.3,  323.5,  325.6,  328.5,  342.6,  337.9,  336.1,  335.6,  335.8,  337.8,  334.3,  332.4,  332.9,  336.0,  333.0,  332.2,  355.2,  339.9,  333.4,  332.4,  331.9,  338.8,  352.2,  337.1,  328.4,  327.7,  329.9,  338.3,  352.4,  335.6,  334.0,  334.2,  348.8,  329.7,  329.1,  331.2,  2.531,  0.245,  0.079,  0.074,  767.243,  476.906,  -14.697,  2.373,  -10.439,  2.352,  -12.606,  16.806,  2.199,  -6.397,  -5.309,  -6.950,  -10.546,  13.171,  -4.003,  -6.368,  4.151,  0.851,  0.415,  -1.366,  4.762,  -0.966,  1.787,  -2.232,  -1.406,  -3.485,  -1.633,  3.526,  0.704,  0.299,  0.433,  -0.113,  0.962,  -0.542,  0.445,  -0.303, 0.00, 0.00, 0.00, 0.02, 0.00, 0.67, 0.00, 0.17, 0.98, 0.87, 0.00, 0.83, 0.33, 1.12, 0.16, 0.00, 0.00, 0.00, 0.00, 0.00, 0.00, 0.00, 1.00, 0.00, 0.00, 1.00, 1.00, 0.00, 1.00, 1.00, 1.00, 0.00, 0.00, 0.00, 0.00
96,  0,  3.170,  0.98,  1,  -0.044850,  0.173161,  -0.983872,  -0.290786,  0.202592,  -0.935094,  -0.173,  0.193,  686.9,  692.4,  703.6,  714.1,  717.6,  712.8,  700.9,  690.4,  671.7,  677.7,  687.7,  701.3,  714.3,  722.3,  726.5,  718.9,  708.5,  696.9,  686.5,  677.6,  697.2,  701.7,  706.6,  708.9,  707.4,  702.9,  698.0,  695.7,  831.7,  836.9,  849.5,  862.2,  867.6,  862.5,  849.8,  836.0,  822.6,  830.3,  840.7,  854.4,  866.7,  874.9,  880.2,  873.8,  865.9,  855.9,  843.6,  831.8,  842.4,  849.1,  855.7,  858.4,  855.6,  848.9,  842.3,  839.6,  365.7,  355.7,  352.4,  357.8,  368.6,  379.2,  381.9,  376.6,  367.7,  362.8,  361.3,  361.0,  363.7,  368.7,  376.1,  378.7,  380.0,  379.6,  377.1,  373.0,  370.6,  372.9,  371.4,  367.1,  362.4,  360.1,  361.6,  365.9,  381.2,  367.7,  362.0,  367.4,  380.8,  394.3,  400.0,  395.6,  385.5,  376.9,  372.5,  371.7,  374.9,  379.2,  386.3,  390.1,  392.5,  393.6,  392.1,  389.5,  388.2,  391.1,  388.1,  381.0,  374.0,  371.1,  374.1,  381.2,  17.6,  19.6,  23.7,  27.7,  29.1,  27.5,  23.0,  19.0,  12.1,  14.2,  17.8,  22.8,  27.7,  30.9,  32.8,  29.8,  25.8,  21.4,  17.6,  14.3,  21.6,  23.3,  25.1,  25.9,  25.3,  23.6,  21.8,  20.9,  64.5,  66.3,  70.9,  75.4,  77.4,  75.5,  71.0,  66.1,  61.4,  63.8,  67.3,  72.1,  76.7,  80.2,  82.8,  79.9,  76.5,  72.6,  68.2,  64.4,  68.5,  70.9,  73.3,  74.3,  73.3,  70.9,  68.5,  67.5,  2.2,  -1.6,  -2.8,  -0.8,  3.2,  7.2,  8.3,  6.3,  2.9,  1.1,  0.5,  0.4,  1.4,  3.3,  6.1,  7.1,  7.5,  7.4,  6.5,  4.9,  4.0,  4.9,  4.3,  2.7,  0.9,  0.0,  0.6,  2.2,  7.1,  2.6,  0.7,  2.5,  7.1,  11.6,  13.5,  12.0,  8.6,  5.7,  4.2,  3.9,  5.0,  6.6,  9.1,  10.3,  11.0,  11.3,  10.8,  9.9,  9.5,  10.5,  9.5,  7.1,  4.8,  3.8,  4.8,  7.2,  328.5,  327.0,  326.4,  327.1,  328.5,  330.4,  330.6,  329.9,  333.7,  330.1,  327.1,  325.5,  326.6,  328.9,  331.8,  330.8,  329.6,  329.4,  330.5,  332.2,  329.9,  330.2,  329.9,  329.3,  328.6,  328.4,  328.6,  329.2,  294.3,  294.8,  295.9,  297.1,  297.5,  297.0,  295.9,  295.0,  294.3,  293.6,  293.4,  294.1,  296.2,  298.9,  301.6,  299.1,  296.4,  294.2,  293.3,  293.8,  296.1,  296.7,  297.3,  297.6,  297.4,  296.8,  296.2,  295.9,  49.6,  45.5,  342.7,  0.095,  0.184,  0.059,  602.2,  597.7,  598.7,  603.9,  617.7,  641.4,  669.8,  706.3,  749.6,  793.8,  835.3,  873.6,  905.1,  928.3,  944.1,  954.7,  962.4,  635.6,  658.8,  687.3,  715.4,  740.9,  812.8,  844.8,  873.7,  902.6,  923.9,  774.5,  770.8,  767.1,  763.6,  724.8,  742.5,  762.2,  784.0,  803.9,  669.5,  689.2,  711.9,  729.0,  708.6,  685.6,  821.7,  842.2,  864.5,  881.8,  864.9,  843.0,  692.8,  722.7,  748.5,  763.1,  780.6,  805.0,  832.4,  803.5,  778.8,  760.6,  744.7,  720.0,  703.3,  747.1,  762.2,  780.1,  821.4,  778.9,  761.4,  746.4,  344.5,  394.6,  446.7,  498.4,  549.3,  596.6,  637.1,  669.2,  679.6,  673.9,  649.0,  614.7,  574.2,  528.6,  479.6,  430.9,  379.9,  328.4,  313.8,  312.0,  319.6,  331.5,  337.0,  330.4,  328.8,  335.8,  354.5,  374.8,  410.4,  446.2,  482.6,  492.4,  503.2,  512.0,  505.6,  498.3,  367.8,  359.3,  362.6,  377.2,  380.9,  378.7,  384.5,  373.0,  374.9,  386.1,  392.9,  391.5,  545.9,  544.0,  542.6,  547.8,  544.9,  547.8,  552.5,  572.6,  579.3,  580.3,  577.7,  569.5,  549.5,  556.1,  558.9,  557.3,  555.5,  558.3,  559.5,  556.7,  -16.6,  -18.8,  -18.6,  -16.4,  -10.1,  0.6,  13.1,  28.2,  45.8,  64.8,  84.4,  103.1,  117.8,  127.2,  132.4,  134.7,  137.2,  -1.7,  7.3,  18.0,  28.3,  37.4,  63.5,  76.2,  87.7,  99.6,  109.2,  49.8,  47.9,  45.9,  44.1,  32.0,  38.2,  45.2,  53.6,  61.5,  11.5,  19.0,  27.6,  34.1,  26.3,  17.6,  69.3,  76.6,  85.2,  92.7,  85.4,  76.9,  21.4,  32.1,  41.4,  46.8,  53.4,  64.0,  77.5,  63.1,  52.2,  45.2,  39.5,  30.9,  25.5,  41.1,  46.7,  53.5,  72.3,  52.4,  45.7,  40.3,  -6.8,  15.4,  39.0,  62.7,  85.5,  106.0,  121.8,  131.3,  133.6,  132.2,  124.9,  112.4,  95.2,  74.4,  52.1,  30.4,  8.5,  -12.5,  -17.9,  -18.2,  -15.1,  -10.6,  -8.5,  -11.0,  -11.7,  -9.2,  -2.1,  5.5,  18.5,  31.1,  43.7,  50.0,  53.4,  56.2,  54.2,  51.9,  3.1,  -0.3,  1.0,  6.6,  8.0,  7.2,  9.3,  4.9,  5.7,  10.0,  12.5,  11.9,  75.4,  71.5,  69.7,  71.4,  70.2,  72.8,  77.5,  82.0,  82.4,  82.6,  82.2,  81.1,  76.3,  75.3,  76.0,  75.4,  77.9,  74.9,  75.2,  74.5,  385.0,  389.2,  393.3,  396.1,  395.1,  391.9,  384.6,  371.7,  365.8,  368.5,  378.0,  386.2,  388.7,  386.1,  381.0,  374.7,  372.2,  346.3,  338.2,  332.1,  328.0,  324.4,  321.8,  325.4,  328.3,  331.9,  336.5,  324.3,  320.2,  315.6,  311.9,  330.5,  326.2,  323.5,  325.5,  328.4,  341.9,  337.3,  335.5,  335.2,  335.4,  337.3,  333.7,  331.7,  332.2,  335.3,  332.4,  331.7,  355.1,  340.0,  333.7,  332.7,  332.3,  339.1,  352.2,  337.5,  329.0,  328.2,  330.3,  338.5,  352.3,  335.8,  334.2,  334.5,  348.7,  330.3,  329.6,  331.6,  2.533,  0.252,  0.079,  0.074,  768.223,  475.740,  -16.240,  2.359,  -10.684,  2.505,  -11.972,  17.406,  2.667,  -6.529,  -4.945,  -6.531,  -10.734,  12.384,  -4.063,  -6.598,  3.934,  0.731,  0.047,  -1.312,  4.459,  -0.850,  2.076,  -2.223,  -1.793,  -3.352,  -1.199,  2.922,  0.557,  0.397,  0.267,  -0.210,  0.897,  -0.556,  0.386,  -0.214, 0.00, 0.00, 0.00, 0.02, 0.00, 0.63, 0.00, 0.08, 1.00, 0.89, 0.00, 0.87, 0.51, 1.15, 0.25, 0.00, 0.00, 0.00, 0.00, 0.00, 0.00, 0.00, 1.00, 0.00, 0.00, 1.00, 1.00, 0.00, 1.00, 1.00, 1.00, 0.00, 0.00, 0.00, 0.00
97,  0,  3.203,  0.98,  1,  -0.049497,  0.177142,  -0.982940,  -0.289562,  0.210964,  -0.933621,  -0.175,  0.200,  686.9,  692.2,  703.4,  713.9,  717.5,  712.8,  700.9,  690.5,  671.9,  677.7,  687.7,  701.2,  714.2,  722.3,  726.6,  719.0,  708.7,  697.1,  686.7,  677.8,  697.3,  701.7,  706.5,  708.8,  707.3,  702.8,  698.0,  695.7,  831.7,  836.9,  849.5,  862.2,  867.5,  862.4,  849.8,  836.0,  822.6,  830.3,  840.7,  854.3,  866.5,  874.8,  880.1,  873.7,  865.8,  855.8,  843.5,  831.8,  842.3,  849.0,  855.7,  858.4,  855.6,  848.9,  842.2,  839.5,  364.5,  354.5,  351.2,  356.5,  367.3,  377.8,  380.6,  375.3,  366.5,  361.7,  360.1,  359.8,  362.5,  367.5,  375.1,  377.5,  378.7,  378.3,  375.8,  371.8,  369.3,  371.5,  370.1,  365.8,  361.2,  358.9,  360.3,  364.6,  380.1,  366.6,  360.9,  366.3,  379.7,  393.2,  398.9,  394.4,  384.1,  375.7,  371.3,  370.6,  373.7,  378.0,  385.1,  388.8,  391.2,  392.2,  390.7,  388.1,  387.1,  390.0,  387.1,  379.9,  372.9,  370.0,  373.0,  380.1,  17.6,  19.5,  23.7,  27.6,  29.1,  27.5,  23.0,  19.1,  12.2,  14.3,  17.9,  22.8,  27.7,  30.9,  32.9,  29.9,  25.9,  21.5,  17.6,  14.4,  21.6,  23.3,  25.1,  25.9,  25.3,  23.6,  21.8,  21.0,  64.7,  66.5,  71.1,  75.6,  77.6,  75.7,  71.1,  66.3,  61.6,  64.0,  67.5,  72.3,  76.9,  80.5,  83.0,  80.1,  76.7,  72.8,  68.4,  64.6,  68.7,  71.1,  73.5,  74.5,  73.5,  71.1,  68.7,  67.7,  1.7,  -2.0,  -3.3,  -1.3,  2.7,  6.7,  7.8,  5.8,  2.5,  0.6,  0.0,  -0.1,  0.9,  2.8,  5.7,  6.6,  7.1,  6.9,  6.0,  4.5,  3.5,  4.3,  3.8,  2.2,  0.4,  -0.4,  0.1,  1.7,  6.8,  2.2,  0.3,  2.2,  6.7,  11.3,  13.2,  11.6,  8.1,  5.3,  3.8,  3.6,  4.7,  6.2,  8.7,  9.9,  10.6,  10.8,  10.3,  9.5,  9.2,  10.2,  9.2,  6.8,  4.4,  3.4,  4.4,  6.8,  328.9,  327.4,  326.7,  327.3,  328.7,  330.6,  330.9,  330.3,  334.1,  330.5,  327.4,  325.8,  326.8,  329.1,  332.0,  331.0,  329.8,  329.7,  330.8,  332.6,  330.2,  330.5,  330.2,  329.5,  328.9,  328.7,  328.9,  329.6,  295.2,  295.7,  296.8,  297.9,  298.4,  297.9,  296.8,  295.9,  295.2,  294.5,  294.3,  295.0,  297.1,  299.8,  302.5,  300.0,  297.3,  295.0,  294.2,  294.6,  297.0,  297.6,  298.2,  298.5,  298.3,  297.7,  297.1,  296.8,  49.5,  45.1,  342.5,  0.100,  0.182,  0.059,  602.3,  597.7,  598.5,  603.6,  617.5,  641.2,  669.6,  705.6,  748.8,  793.0,  834.6,  873.1,  904.9,  928.3,  944.0,  954.6,  962.4,  635.7,  658.8,  687.2,  715.3,  740.8,  813.2,  845.2,  874.0,  902.7,  923.8,  774.4,  770.7,  767.0,  763.5,  725.2,  742.7,  762.1,  783.6,  803.3,  669.5,  689.2,  712.0,  729.0,  708.8,  685.7,  821.7,  842.1,  864.4,  881.8,  864.8,  842.9,  693.1,  723.0,  748.7,  763.2,  780.7,  805.0,  832.3,  803.5,  779.0,  760.8,  745.0,  720.2,  703.5,  747.3,  762.3,  780.1,  821.5,  779.0,  761.6,  746.7,  343.0,  393.0,  445.2,  497.0,  547.9,  595.1,  635.5,  667.8,  678.5,  673.0,  648.1,  613.8,  573.4,  527.6,  478.4,  429.6,  378.5,  326.9,  312.6,  310.9,  318.4,  330.2,  335.6,  329.2,  327.7,  334.9,  353.5,  373.4,  409.2,  445.0,  481.5,  491.6,  502.3,  511.0,  504.7,  497.5,  366.6,  358.1,  361.4,  375.9,  379.7,  377.5,  383.1,  371.8,  373.8,  384.9,  391.7,  390.3,  544.4,  543.2,  542.1,  547.2,  544.3,  547.0,  551.0,  571.7,  578.7,  579.8,  577.2,  568.6,  548.1,  555.5,  558.3,  556.6,  554.2,  557.6,  558.8,  555.9,  -16.5,  -18.8,  -18.6,  -16.5,  -10.2,  0.5,  13.0,  27.9,  45.5,  64.5,  84.1,  102.9,  117.7,  127.2,  132.4,  134.7,  137.0,  -1.7,  7.3,  17.9,  28.2,  37.3,  63.6,  76.2,  87.7,  99.5,  109.0,  49.8,  47.8,  45.8,  43.9,  32.1,  38.2,  45.1,  53.4,  61.2,  11.5,  19.0,  27.6,  34.1,  26.3,  17.6,  69.2,  76.5,  85.1,  92.5,  85.3,  76.9,  21.5,  32.2,  41.5,  46.8,  53.4,  63.9,  77.3,  63.1,  52.3,  45.4,  39.7,  31.0,  25.5,  41.2,  46.7,  53.6,  72.3,  52.5,  45.8,  40.4,  -7.5,  14.7,  38.3,  62.0,  84.8,  105.2,  120.9,  130.7,  133.2,  131.9,  124.6,  112.1,  94.8,  74.0,  51.6,  29.8,  7.8,  -13.1,  -18.3,  -18.6,  -15.6,  -11.0,  -9.0,  -11.5,  -12.1,  -9.5,  -2.5,  5.0,  18.0,  30.6,  43.2,  49.7,  53.0,  55.8,  53.8,  51.6,  2.6,  -0.7,  0.5,  6.1,  7.5,  6.7,  8.8,  4.5,  5.2,  9.5,  12.0,  11.5,  74.8,  71.2,  69.4,  71.2,  70.0,  72.4,  76.8,  81.6,  82.3,  82.5,  82.0,  80.7,  75.7,  75.0,  75.8,  75.2,  77.3,  74.6,  74.9,  74.3,  384.2,  388.6,  392.9,  395.8,  394.7,  391.4,  384.0,  371.5,  365.9,  368.8,  378.3,  386.4,  388.8,  386.1,  381.1,  374.6,  371.9,  346.1,  337.9,  331.9,  327.6,  324.0,  321.4,  325.0,  328.1,  331.5,  336.0,  324.0,  319.8,  315.2,  311.3,  330.1,  325.8,  323.2,  325.2,  328.2,  341.5,  336.9,  335.0,  334.9,  335.1,  336.9,  333.4,  331.3,  331.8,  334.9,  332.1,  331.4,  354.8,  339.9,  333.7,  332.7,  332.3,  339.0,  351.9,  337.5,  329.2,  328.5,  330.5,  338.5,  352.0,  335.9,  334.3,  334.6,  348.5,  330.4,  329.7,  331.6,  2.534,  0.256,  0.077,  0.075,  768.199,  474.650,  -16.766,  1.838,  -10.705,  2.943,  -11.826,  17.701,  2.957,  -6.496,  -4.429,  -6.593,  -10.846,  11.921,  -3.595,  -7.138,  3.816,  0.294,  -0.360,  -1.499,  4.243,  -1.102,  2.496,  -2.337,  -1.910,  -2.591,  -1.079,  2.840,  0.569,  0.225,  0.284,  -0.197,  0.839,  -0.594,  0.406,  -0.223, 0.00, 0.00, 0.00, 0.00, 0.00, 0.70, 0.00, 0.03, 1.07, 0.87, 0.00, 0.86, 0.57, 1.17, 0.26, 0.00, 0.00, 0.00, 0.00, 0.00, 0.00, 0.00, 1.00, 0.00, 0.00, 1.00, 1.00, 0.00, 1.00, 1.00, 1.00, 0.00, 0.00, 0.00, 0.00
98,  0,  3.237,  0.98,  1,  -0.047482,  0.182743,  -0.982013,  -0.284992,  0.220267,  -0.932878,  -0.172,  0.207,  686.3,  691.7,  703.0,  713.4,  716.9,  712.2,  700.3,  689.8,  671.3,  677.2,  687.3,  700.6,  713.5,  721.6,  725.9,  718.4,  708.2,  696.6,  686.1,  677.2,  696.6,  701.1,  705.9,  708.3,  706.7,  702.3,  697.4,  695.1,  831.2,  836.4,  848.9,  861.6,  866.9,  861.8,  849.2,  835.5,  821.9,  829.7,  840.1,  853.7,  865.9,  874.2,  879.6,  873.1,  865.0,  854.8,  842.5,  831.0,  841.8,  848.5,  855.3,  858.0,  855.2,  848.4,  841.7,  838.9,  363.5,  353.5,  350.1,  355.4,  366.3,  376.9,  379.7,  374.4,  365.5,  360.7,  359.1,  358.8,  361.6,  366.7,  374.2,  376.6,  377.7,  377.2,  374.8,  370.7,  368.3,  370.6,  369.2,  364.9,  360.2,  357.9,  359.4,  363.7,  379.2,  365.8,  360.2,  365.7,  378.9,  392.3,  397.9,  393.4,  383.1,  374.7,  370.3,  369.6,  372.9,  377.6,  384.8,  387.9,  389.7,  390.3,  388.9,  386.6,  386.3,  389.3,  386.3,  379.2,  372.1,  369.2,  372.1,  379.2,  17.5,  19.4,  23.6,  27.6,  29.0,  27.4,  22.9,  18.9,  12.0,  14.1,  17.7,  22.7,  27.6,  30.8,  32.7,  29.8,  25.8,  21.4,  17.5,  14.2,  21.4,  23.1,  25.0,  25.8,  25.2,  23.5,  21.7,  20.8,  65.1,  66.9,  71.5,  76.1,  78.0,  76.1,  71.5,  66.6,  61.9,  64.4,  67.9,  72.7,  77.3,  80.9,  83.5,  80.5,  77.0,  73.0,  68.7,  64.9,  69.0,  71.5,  73.9,  75.0,  74.0,  71.5,  69.1,  68.0,  1.3,  -2.5,  -3.7,  -1.7,  2.4,  6.4,  7.5,  5.4,  2.1,  0.3,  -0.3,  -0.4,  0.6,  2.5,  5.4,  6.3,  6.7,  6.5,  5.6,  4.1,  3.2,  4.0,  3.5,  1.8,  0.1,  -0.8,  -0.2,  1.4,  6.5,  2.0,  0.1,  1.9,  6.5,  11.1,  12.9,  11.4,  7.9,  5.0,  3.5,  3.3,  4.4,  6.1,  8.6,  9.6,  10.2,  10.3,  9.8,  9.0,  9.0,  10.0,  9.0,  6.6,  4.2,  3.1,  4.1,  6.6,  329.8,  328.4,  327.9,  328.4,  329.8,  331.6,  331.8,  331.2,  335.1,  331.6,  328.5,  327.0,  328.1,  330.3,  333.1,  332.1,  330.9,  330.7,  331.8,  333.5,  331.2,  331.4,  331.2,  330.6,  330.0,  329.8,  330.0,  330.6,  297.7,  298.3,  299.4,  300.4,  300.7,  300.1,  299.0,  298.2,  297.9,  297.1,  296.9,  297.6,  299.5,  302.2,  304.8,  302.2,  299.5,  297.3,  296.6,  297.2,  299.4,  299.9,  300.5,  300.8,  300.7,  300.2,  299.6,  299.3,  49.2,  44.6,  341.8,  0.104,  0.182,  0.059,  601.6,  597.1,  597.9,  603.1,  617.0,  640.7,  668.8,  704.2,  747.2,  791.9,  833.9,  872.9,  904.7,  928.0,  943.6,  954.1,  961.8,  634.9,  657.9,  686.4,  714.6,  740.3,  812.9,  845.0,  873.9,  902.5,  923.2,  774.2,  770.4,  766.7,  763.1,  724.9,  742.2,  761.5,  782.9,  802.4,  669.0,  688.7,  711.3,  728.4,  708.1,  685.2,  821.1,  841.6,  863.7,  881.0,  864.0,  842.2,  692.5,  722.3,  748.1,  762.3,  779.7,  804.0,  831.2,  802.3,  777.6,  759.6,  744.0,  719.3,  702.8,  746.6,  761.4,  779.1,  820.5,  777.9,  760.6,  745.9,  342.1,  392.4,  444.7,  496.5,  547.4,  594.4,  634.4,  666.9,  677.9,  672.5,  647.1,  612.1,  571.3,  525.4,  476.4,  427.9,  377.0,  326.1,  311.8,  309.9,  317.5,  329.4,  334.6,  328.2,  326.6,  333.9,  352.4,  372.5,  408.3,  444.1,  480.7,  490.7,  501.5,  510.2,  504.0,  496.8,  365.6,  357.3,  360.5,  374.8,  378.5,  376.4,  382.0,  370.9,  372.9,  383.9,  390.6,  389.1,  542.9,  542.1,  541.4,  546.6,  543.7,  546.3,  549.9,  571.2,  578.4,  579.5,  576.8,  567.7,  546.7,  554.6,  557.5,  555.8,  553.1,  557.4,  558.7,  555.7,  -16.8,  -19.0,  -18.9,  -16.7,  -10.3,  0.3,  12.6,  27.2,  44.8,  64.0,  83.8,  102.7,  117.4,  126.8,  132.0,  134.3,  136.7,  -2.0,  6.9,  17.6,  27.9,  37.0,  63.3,  75.9,  87.5,  99.3,  108.7,  49.5,  47.5,  45.4,  43.6,  31.9,  37.9,  44.7,  52.9,  60.7,  11.3,  18.7,  27.2,  33.7,  26.0,  17.4,  68.9,  76.2,  84.6,  92.1,  84.8,  76.4,  21.2,  31.9,  41.1,  46.4,  53.0,  63.4,  76.7,  62.5,  51.7,  44.9,  39.2,  30.6,  25.2,  40.8,  46.3,  53.1,  71.8,  52.0,  45.4,  40.1,  -7.8,  14.4,  38.0,  61.7,  84.5,  104.7,  120.4,  130.2,  132.9,  131.6,  124.0,  111.1,  93.7,  72.8,  50.6,  29.0,  7.2,  -13.4,  -18.6,  -19.0,  -15.9,  -11.3,  -9.3,  -11.8,  -12.5,  -9.9,  -2.9,  4.6,  17.6,  30.2,  42.8,  49.1,  52.5,  55.3,  53.3,  51.1,  2.2,  -1.0,  0.2,  5.6,  7.1,  6.3,  8.4,  4.1,  4.9,  9.1,  11.6,  11.0,  74.0,  70.6,  69.0,  70.8,  69.6,  72.0,  76.2,  81.3,  82.1,  82.3,  81.8,  80.2,  75.0,  74.5,  75.3,  74.7,  76.8,  74.4,  74.8,  74.1,  383.7,  388.1,  392.4,  395.4,  394.3,  391.1,  383.8,  371.3,  365.7,  368.5,  378.0,  385.8,  388.0,  385.2,  380.4,  374.1,  371.6,  345.5,  337.3,  331.1,  326.7,  322.9,  320.5,  324.2,  327.4,  331.0,  335.8,  323.0,  318.7,  314.0,  310.0,  329.1,  324.7,  322.1,  324.1,  327.0,  340.6,  335.9,  334.1,  334.0,  334.1,  335.9,  332.7,  330.6,  331.0,  334.2,  331.3,  330.6,  354.1,  339.4,  333.0,  332.0,  331.6,  338.3,  351.2,  337.0,  328.9,  328.2,  330.2,  338.1,  351.3,  335.2,  333.6,  334.0,  347.9,  330.0,  329.3,  331.2,  2.539,  0.259,  0.078,  0.075,  767.513,  473.735,  -16.113,  2.590,  -9.659,  3.854,  -11.211,  17.316,  3.099,  -7.631,  -4.129,  -6.060,  -10.404,  12.076,  -3.201,  -7.415,  4.145,  -0.313,  -0.286,  -1.621,  3.565,  -1.267,  2.607,  -2.319,  -1.483,  -2.165,  -0.918,  2.767,  0.533,  0.226,  0.317,  -0.243,  0.770,  -0.569,  0.502,  -0.206, 0.00, 0.00, 0.05, 0.03, 0.00, 0.53, 0.00, 0.04, 1.20, 0.88, 0.00, 0.85, 0.48, 1.15, 0.22, 0.00, 0.00, 0.00, 0.00, 0.00, 0.00, 0.00, 0.00, 0.00, 0.00, 1.00, 1.00, 0.00, 1.00, 1.00, 1.00, 0.00, 0.00, 0.00, 0.00
99,  0,  3.270,  0.98,  1,  -0.049591,  0.183158,  -0.981832,  -0.284121,  0.217244,  -0.933853,  -0.172,  0.206,  685.6,  691.1,  702.3,  712.7,  716.2,  711.5,  699.5,  689.1,  670.8,  676.7,  686.7,  700.3,  713.4,  721.2,  725.3,  717.6,  707.3,  695.6,  685.3,  676.6,  695.9,  700.4,  705.2,  707.6,  706.1,  701.6,  696.8,  694.4,  830.7,  836.1,  848.7,  861.3,  866.3,  861.0,  848.4,  834.7,  821.3,  829.1,  839.5,  853.3,  865.6,  873.7,  878.7,  872.3,  864.5,  854.5,  842.2,  830.5,  841.1,  847.8,  854.5,  857.3,  854.6,  847.9,  841.2,  838.4,  363.0,  353.1,  349.8,  355.2,  366.0,  376.5,  379.2,  373.8,  365.0,  360.1,  358.7,  358.5,  361.2,  366.3,  373.9,  376.4,  377.6,  377.1,  374.5,  370.3,  367.8,  370.1,  368.7,  364.4,  359.8,  357.5,  358.9,  363.2,  378.5,  365.1,  359.5,  364.9,  378.3,  391.7,  397.4,  392.8,  382.6,  374.2,  369.9,  369.3,  372.5,  376.8,  383.9,  387.2,  389.5,  390.4,  389.0,  386.4,  385.5,  388.5,  385.5,  378.4,  371.3,  368.3,  371.3,  378.4,  17.1,  19.1,  23.2,  27.2,  28.6,  27.0,  22.5,  18.5,  11.7,  13.8,  17.5,  22.4,  27.4,  30.6,  32.3,  29.4,  25.4,  21.0,  17.1,  13.9,  21.1,  22.8,  24.6,  25.4,  24.8,  23.1,  21.3,  20.5,  64.4,  66.2,  70.8,  75.3,  77.2,  75.3,  70.7,  65.9,  61.2,  63.7,  67.1,  71.9,  76.6,  80.1,  82.6,  79.7,  76.4,  72.4,  68.0,  64.2,  68.3,  70.7,  73.1,  74.2,  73.2,  70.7,  68.3,  67.3,  1.1,  -2.6,  -3.8,  -1.8,  2.2,  6.2,  7.2,  5.2,  1.9,  0.0,  -0.5,  -0.6,  0.5,  2.4,  5.3,  6.2,  6.6,  6.4,  5.5,  3.9,  2.9,  3.8,  3.3,  1.7,  -0.1,  -0.9,  -0.4,  1.2,  6.2,  1.7,  -0.2,  1.7,  6.2,  10.8,  12.7,  11.1,  7.6,  4.8,  3.3,  3.1,  4.2,  5.8,  8.3,  9.3,  10.0,  10.3,  9.7,  8.9,  8.7,  9.7,  8.7,  6.3,  3.8,  2.8,  3.8,  6.2,  328.7,  327.2,  326.5,  327.1,  328.6,  330.5,  330.8,  330.2,  333.9,  330.3,  327.2,  325.6,  326.7,  329.0,  331.9,  330.9,  329.8,  329.7,  330.8,  332.4,  330.1,  330.3,  330.0,  329.4,  328.8,  328.5,  328.8,  329.4,  295.2,  295.6,  296.7,  297.9,  298.5,  298.2,  297.1,  296.1,  295.3,  294.5,  294.3,  295.1,  297.2,  300.0,  302.8,  300.3,  297.6,  295.3,  294.4,  294.8,  297.2,  297.8,  298.4,  298.6,  298.3,  297.7,  297.1,  296.9,  49.1,  44.5,  342.7,  0.111,  0.180,  0.058,  600.9,  596.4,  597.2,  602.3,  616.1,  639.8,  667.9,  703.3,  746.3,  791.1,  833.3,  872.4,  904.1,  927.2,  942.7,  953.0,  960.7,  634.1,  657.4,  685.9,  714.1,  739.9,  812.8,  844.7,  873.3,  901.8,  922.5,  773.8,  770.1,  766.4,  762.9,  724.9,  742.1,  761.1,  782.4,  801.7,  668.4,  688.1,  710.8,  727.8,  707.6,  684.6,  820.6,  841.0,  863.2,  880.4,  863.5,  841.7,  691.6,  721.6,  747.7,  761.9,  779.2,  803.6,  831.1,  802.0,  777.1,  759.1,  743.5,  718.5,  702.0,  746.2,  761.0,  778.7,  820.4,  777.4,  760.1,  745.4,  341.6,  391.7,  444.1,  495.7,  546.4,  593.2,  633.0,  665.6,  676.9,  671.5,  645.9,  610.7,  569.9,  524.1,  475.5,  427.5,  377.0,  325.5,  311.4,  309.6,  317.1,  328.9,  334.2,  327.6,  326.0,  332.8,  350.9,  372.0,  407.8,  443.6,  480.1,  490.5,  501.2,  509.9,  503.7,  496.4,  365.2,  356.9,  360.1,  374.5,  378.3,  376.2,  381.6,  370.3,  372.3,  383.4,  390.2,  388.8,  541.7,  541.4,  541.0,  546.2,  543.3,  545.7,  548.9,  570.6,  578.1,  579.2,  576.5,  567.1,  545.6,  554.3,  557.2,  555.5,  552.2,  556.9,  558.3,  555.3,  -17.1,  -19.4,  -19.2,  -17.1,  -10.8,  -0.1,  12.3,  26.9,  44.6,  63.8,  83.7,  102.6,  117.2,  126.5,  131.6,  133.9,  136.2,  -2.3,  6.7,  17.4,  27.7,  36.9,  63.4,  75.9,  87.4,  99.1,  108.5,  49.5,  47.5,  45.5,  43.7,  32.0,  38.0,  44.8,  52.9,  60.6,  11.1,  18.5,  27.1,  33.6,  25.8,  17.1,  68.8,  76.1,  84.6,  92.0,  84.8,  76.4,  20.9,  31.8,  41.1,  46.4,  53.0,  63.5,  76.9,  62.6,  51.8,  44.9,  39.2,  30.4,  25.0,  40.8,  46.3,  53.1,  71.9,  52.0,  45.4,  40.0,  -8.1,  14.1,  37.7,  61.4,  84.1,  104.4,  120.0,  130.1,  132.9,  131.6,  123.7,  110.7,  93.1,  72.3,  50.2,  28.9,  7.2,  -13.6,  -18.7,  -19.1,  -16.0,  -11.5,  -9.5,  -12.0,  -12.8,  -10.3,  -3.5,  4.4,  17.4,  30.1,  42.7,  49.2,  52.6,  55.4,  53.4,  51.1,  2.0,  -1.2,  0.0,  5.5,  7.0,  6.2,  8.2,  3.9,  4.7,  9.0,  11.5,  10.9,  73.7,  70.6,  69.1,  70.9,  69.7,  72.0,  76.0,  81.4,  82.3,  82.6,  82.1,  80.3,  74.8,  74.7,  75.5,  74.9,  76.6,  74.6,  74.9,  74.2,  383.6,  388.2,  392.7,  395.8,  394.8,  391.7,  384.8,  372.5,  366.9,  369.6,  378.8,  386.3,  388.2,  385.3,  380.4,  374.2,  371.7,  345.7,  337.6,  331.5,  327.1,  323.4,  321.1,  324.6,  327.8,  331.3,  336.0,  323.6,  319.5,  315.0,  311.1,  330.2,  325.9,  323.3,  325.2,  328.1,  341.1,  336.4,  334.6,  334.5,  334.6,  336.5,  333.4,  331.2,  331.5,  334.7,  331.9,  331.3,  355.1,  340.6,  334.2,  333.2,  332.8,  339.4,  352.0,  338.3,  330.4,  329.7,  331.6,  339.4,  352.4,  336.4,  334.9,  335.3,  348.9,  331.2,  330.6,  332.4,  2.534,  0.265,  0.077,  0.075,  766.948,  473.122,  -18.676,  2.455,  -9.971,  3.150,  -10.764,  17.027,  2.556,  -7.663,  -3.997,  -5.558,  -10.419,  12.252,  -3.592,  -7.130,  4.328,  -0.474,  -0.538,  -1.346,  3.560,  -1.177,  2.810,  -2.633,  -1.418,  -1.620,  -0.825,  2.608,  0.252,  0.353,  0.262,  -0.178,  0.602,  -0.626,  0.459,  -0.193, 0.00, 0.00, 0.11, 0.08, 0.00, 0.47, 0.00, 0.04, 1.31, 0.87, 0.00, 0.81, 0.37, 1.16, 0.17, 0.00, 0.00, 0.00, 0.00, 0.00, 1.00, 0.00, 0.00, 0.00, 0.00, 1.00, 1.00, 0.00, 1.00, 1.00, 1.00, 0.00, 0.00, 0.00, 0.00
100,  0,  3.303,  0.98,  1,  -0.048951,  0.181938,  -0.982091,  -0.284558,  0.217882,  -0.933571,  -0.172,  0.206,  685.3,  690.7,  702.1,  712.6,  716.1,  711.3,  699.3,  688.8,  670.5,  676.4,  686.5,  700.1,  713.2,  721.1,  725.2,  717.6,  707.3,  695.7,  685.2,  676.4,  695.6,  700.2,  705.1,  707.5,  705.9,  701.4,  696.4,  694.0,  830.6,  835.9,  848.5,  861.0,  866.1,  860.8,  848.2,  834.6,  821.5,  829.0,  839.1,  853.0,  865.5,  873.6,  878.6,  872.1,  864.3,  854.5,  842.3,  830.7,  840.9,  847.6,  854.4,  857.2,  854.5,  847.8,  841.1,  838.2,  362.9,  353.0,  349.7,  355.1,  365.9,  376.4,  379.1,  373.7,  364.9,  360.0,  358.6,  358.3,  361.0,  366.1,  373.8,  376.2,  377.5,  377.0,  374.4,  370.2,  367.7,  370.1,  368.7,  364.3,  359.6,  357.3,  358.7,  363.0,  378.8,  365.4,  359.6,  364.7,  377.9,  391.3,  397.1,  392.8,  382.6,  374.0,  369.7,  369.1,  372.2,  376.3,  383.3,  387.2,  389.9,  391.3,  389.8,  386.9,  385.4,  388.2,  385.2,  378.0,  370.9,  368.1,  371.2,  378.3,  16.9,  18.9,  23.0,  27.0,  28.5,  26.8,  22.3,  18.3,  11.6,  13.7,  17.3,  22.3,  27.2,  30.4,  32.2,  29.2,  25.3,  20.9,  17.0,  13.8,  20.9,  22.6,  24.4,  25.3,  24.7,  22.9,  21.1,  20.3,  64.5,  66.3,  70.8,  75.3,  77.3,  75.5,  71.0,  66.1,  61.4,  63.8,  67.1,  71.9,  76.7,  80.2,  82.7,  79.8,  76.5,  72.6,  68.3,  64.5,  68.5,  70.9,  73.3,  74.3,  73.3,  70.8,  68.4,  67.4,  1.1,  -2.6,  -3.8,  -1.8,  2.2,  6.2,  7.2,  5.2,  1.9,  0.0,  -0.5,  -0.6,  0.4,  2.3,  5.2,  6.1,  6.6,  6.4,  5.4,  3.8,  2.9,  3.8,  3.3,  1.6,  -0.1,  -1.0,  -0.5,  1.1,  6.4,  1.8,  -0.2,  1.6,  6.1,  10.7,  12.7,  11.1,  7.6,  4.7,  3.3,  3.1,  4.2,  5.6,  8.1,  9.4,  10.2,  10.6,  10.1,  9.1,  8.7,  9.6,  8.6,  6.2,  3.7,  2.8,  3.8,  6.2,  327.2,  325.6,  324.9,  325.6,  327.1,  329.1,  329.4,  328.7,  332.3,  328.7,  325.7,  324.1,  325.3,  327.6,  330.6,  329.6,  328.4,  328.3,  329.3,  330.9,  328.6,  328.9,  328.6,  327.9,  327.2,  326.9,  327.2,  327.9,  296.2,  296.1,  297.0,  298.3,  299.2,  299.2,  298.3,  297.3,  296.2,  295.2,  294.8,  295.5,  297.7,  300.5,  303.4,  301.0,  298.5,  296.2,  295.3,  295.7,  298.2,  298.8,  299.3,  299.4,  298.9,  298.3,  297.8,  297.7,  49.1,  44.5,  343.5,  0.117,  0.176,  0.057,  600.1,  595.7,  596.6,  601.7,  615.4,  639.0,  667.1,  702.7,  745.8,  790.5,  832.7,  871.5,  903.1,  926.2,  941.6,  952.0,  959.9,  633.6,  656.9,  685.5,  713.9,  739.9,  812.5,  844.4,  873.0,  901.4,  922.0,  773.7,  770.1,  766.5,  763.0,  724.8,  742.1,  761.2,  782.5,  801.8,  668.2,  688.0,  710.8,  727.7,  707.5,  684.4,  820.6,  840.8,  863.1,  880.3,  863.5,  841.7,  691.2,  721.7,  747.8,  762.0,  779.3,  803.6,  831.0,  802.1,  777.3,  759.4,  743.7,  718.6,  701.6,  746.3,  761.1,  778.7,  820.4,  777.6,  760.3,  745.6,  341.1,  391.6,  444.0,  495.6,  546.2,  592.7,  632.1,  664.3,  675.3,  670.1,  644.7,  609.7,  569.0,  523.3,  474.8,  426.9,  376.5,  325.8,  311.5,  309.5,  317.0,  328.8,  334.1,  327.5,  325.9,  332.7,  350.8,  371.9,  407.7,  443.6,  480.2,  490.5,  501.2,  509.9,  503.6,  496.2,  365.2,  356.7,  360.0,  374.6,  378.4,  376.2,  381.7,  370.1,  372.1,  383.3,  390.3,  388.9,  541.4,  541.3,  541.0,  546.2,  543.3,  545.4,  548.4,  569.9,  577.4,  578.5,  575.9,  566.7,  545.4,  554.1,  556.9,  555.2,  551.8,  556.7,  558.0,  555.1,  -17.5,  -19.7,  -19.5,  -17.3,  -11.1,  -0.4,  11.9,  26.7,  44.5,  63.7,  83.6,  102.5,  117.0,  126.3,  131.4,  133.8,  136.2,  -2.5,  6.5,  17.3,  27.6,  36.9,  63.4,  75.9,  87.4,  99.1,  108.4,  49.5,  47.6,  45.6,  43.9,  32.1,  38.1,  44.9,  53.1,  60.8,  11.0,  18.5,  27.1,  33.6,  25.8,  17.1,  68.9,  76.1,  84.7,  92.1,  84.9,  76.5,  20.9,  31.9,  41.3,  46.6,  53.2,  63.7,  77.1,  62.9,  52.0,  45.1,  39.4,  30.6,  24.9,  41.0,  46.5,  53.3,  72.2,  52.2,  45.6,  40.2,  -8.3,  14.0,  37.7,  61.3,  84.1,  104.3,  119.8,  129.7,  132.4,  131.2,  123.5,  110.5,  93.0,  72.1,  50.0,  28.7,  7.0,  -13.5,  -18.7,  -19.1,  -16.1,  -11.5,  -9.5,  -12.1,  -12.8,  -10.4,  -3.5,  4.4,  17.5,  30.2,  42.9,  49.3,  52.7,  55.5,  53.5,  51.2,  2.0,  -1.3,  -0.0,  5.6,  7.1,  6.2,  8.3,  3.8,  4.6,  8.9,  11.5,  11.0,  73.8,  70.8,  69.4,  71.1,  70.0,  72.2,  76.1,  81.4,  82.3,  82.5,  82.0,  80.4,  74.9,  74.8,  75.6,  75.0,  76.7,  74.7,  75.0,  74.3,  383.8,  388.4,  392.8,  396.0,  395.0,  392.0,  385.3,  373.1,  367.5,  370.3,  379.6,  387.3,  389.2,  386.2,  381.4,  375.2,  372.7,  345.9,  337.7,  331.7,  327.2,  323.5,  321.5,  325.1,  328.2,  331.7,  336.4,  324.1,  320.1,  315.7,  312.1,  331.0,  326.7,  324.2,  326.1,  328.9,  341.3,  336.6,  334.8,  334.9,  335.0,  336.8,  333.9,  331.7,  332.0,  335.3,  332.5,  331.9,  356.0,  341.7,  335.3,  334.4,  334.0,  340.7,  353.3,  339.4,  331.3,  330.5,  332.5,  340.3,  353.4,  337.4,  336.0,  336.3,  350.1,  332.2,  331.5,  333.3,  2.529,  0.269,  0.072,  0.075,  766.709,  472.824,  -19.495,  2.139,  -10.206,  2.515,  -9.892,  17.827,  2.471,  -7.727,  -3.958,  -5.034,  -10.768,  12.320,  -3.710,  -6.949,  3.973,  -0.419,  -0.102,  -1.476,  3.549,  -0.856,  3.184,  -2.555,  -1.662,  -1.914,  -0.702,  2.361,  0.282,  0.437,  0.152,  -0.228,  0.672,  -0.644,  0.331,  -0.131, 0.00, 0.00, 0.17, 0.11, 0.00, 0.40, 0.00, 0.01, 1.37, 0.88, 0.00, 0.79, 0.35, 1.10, 0.13, 0.00, 0.00, 0.00, 0.00, 0.00, 1.00, 0.00, 0.00, 0.00, 0.00, 1.00, 1.00, 0.00, 1.00, 1.00, 1.00, 0.00, 0.00, 0.00, 0.00
101,  0,  3.337,  0.98,  1,  -0.043283,  0.179444,  -0.982816,  -0.282708,  0.219989,  -0.933639,  -0.168,  0.205,  685.2,  690.6,  701.9,  712.4,  716.0,  711.3,  699.2,  688.7,  670.6,  676.4,  686.4,  700.0,  713.1,  721.0,  725.1,  717.3,  706.9,  695.3,  685.1,  676.4,  695.5,  700.1,  705.1,  707.4,  705.9,  701.3,  696.4,  694.0,  830.3,  835.5,  848.1,  860.6,  865.8,  860.6,  848.1,  834.5,  821.4,  828.8,  839.0,  852.7,  865.2,  873.4,  878.6,  872.0,  864.2,  854.2,  842.0,  830.5,  840.8,  847.5,  854.2,  856.9,  854.2,  847.5,  840.8,  838.1,  362.9,  352.9,  349.7,  355.1,  366.0,  376.5,  379.1,  373.7,  364.9,  360.0,  358.6,  358.4,  361.2,  366.4,  374.1,  376.6,  377.9,  377.3,  374.6,  370.3,  367.8,  370.1,  368.7,  364.4,  359.6,  357.3,  358.7,  363.0,  378.6,  365.2,  359.5,  364.7,  377.9,  391.2,  397.0,  392.6,  382.5,  374.0,  369.7,  369.0,  372.2,  376.4,  383.5,  386.9,  389.2,  390.3,  388.9,  386.3,  385.3,  388.1,  385.1,  378.0,  371.0,  368.2,  371.2,  378.3,  16.9,  18.8,  23.0,  26.9,  28.4,  26.8,  22.3,  18.3,  11.6,  13.7,  17.2,  22.2,  27.1,  30.3,  32.1,  29.1,  25.1,  20.7,  16.9,  13.8,  20.8,  22.6,  24.4,  25.2,  24.6,  22.9,  21.0,  20.2,  64.9,  66.8,  71.3,  75.8,  77.8,  76.0,  71.4,  66.6,  61.9,  64.2,  67.6,  72.4,  77.2,  80.8,  83.3,  80.4,  77.0,  73.1,  68.7,  64.9,  68.9,  71.4,  73.8,  74.8,  73.7,  71.3,  68.9,  67.9,  1.1,  -2.6,  -3.8,  -1.8,  2.2,  6.2,  7.2,  5.1,  1.9,  -0.0,  -0.5,  -0.6,  0.4,  2.4,  5.3,  6.2,  6.7,  6.5,  5.5,  3.9,  2.9,  3.8,  3.3,  1.6,  -0.1,  -1.0,  -0.5,  1.1,  6.3,  1.8,  -0.2,  1.6,  6.2,  10.7,  12.7,  11.2,  7.7,  4.8,  3.3,  3.1,  4.2,  5.7,  8.2,  9.3,  10.0,  10.3,  9.8,  9.0,  8.7,  9.7,  8.7,  6.2,  3.8,  2.8,  3.8,  6.3,  326.8,  325.2,  324.5,  325.1,  326.6,  328.5,  328.9,  328.3,  332.0,  328.3,  325.2,  323.6,  324.6,  326.9,  329.8,  328.9,  327.8,  327.8,  328.9,  330.6,  328.2,  328.4,  328.1,  327.4,  326.7,  326.5,  326.8,  327.5,  298.5,  298.7,  299.6,  300.7,  301.4,  301.2,  300.3,  299.4,  298.6,  297.7,  297.4,  298.0,  300.0,  302.8,  305.5,  303.1,  300.5,  298.3,  297.6,  298.0,  300.4,  300.9,  301.5,  301.6,  301.3,  300.7,  300.2,  300.0,  49.2,  44.5,  343.8,  0.116,  0.167,  0.058,  599.2,  594.9,  595.9,  601.1,  615.0,  638.8,  667.0,  702.4,  745.5,  790.0,  831.9,  870.6,  902.2,  925.2,  940.8,  951.3,  959.0,  633.4,  657.0,  685.8,  714.2,  740.1,  812.4,  844.1,  872.6,  900.9,  921.6,  773.9,  770.4,  767.0,  763.7,  725.0,  742.5,  761.7,  782.9,  802.2,  668.0,  687.9,  710.6,  727.6,  707.4,  684.3,  820.5,  840.7,  862.9,  880.0,  863.3,  841.5,  691.3,  721.9,  748.0,  762.5,  780.1,  804.1,  830.9,  802.6,  778.3,  760.1,  744.2,  719.0,  701.8,  746.6,  761.6,  779.5,  820.3,  778.5,  760.9,  746.0,  341.1,  391.5,  443.9,  495.5,  546.1,  592.5,  631.8,  663.9,  674.8,  669.6,  644.0,  609.0,  568.3,  522.7,  474.3,  426.6,  376.4,  325.6,  311.6,  309.8,  317.1,  328.9,  334.0,  327.5,  325.9,  332.7,  350.5,  372.0,  407.8,  443.6,  480.2,  490.5,  501.2,  509.8,  503.6,  496.2,  365.3,  356.9,  360.1,  374.6,  378.5,  376.3,  381.5,  370.0,  372.0,  383.1,  390.0,  388.6,  542.0,  541.4,  540.8,  546.0,  543.0,  545.2,  548.4,  569.6,  577.2,  578.4,  575.8,  566.8,  545.9,  554.1,  556.9,  555.2,  551.8,  556.2,  557.6,  554.7,  -17.9,  -20.0,  -19.8,  -17.6,  -11.3,  -0.5,  11.9,  26.6,  44.4,  63.6,  83.4,  102.3,  116.9,  126.2,  131.5,  133.9,  136.4,  -2.6,  6.5,  17.3,  27.8,  37.1,  63.5,  76.1,  87.5,  99.3,  108.6,  49.7,  47.8,  45.9,  44.2,  32.2,  38.3,  45.2,  53.4,  61.1,  10.9,  18.4,  27.0,  33.5,  25.8,  17.1,  69.0,  76.3,  84.8,  92.3,  85.1,  76.6,  20.9,  32.0,  41.4,  46.9,  53.5,  64.0,  77.2,  63.2,  52.4,  45.4,  39.6,  30.7,  24.9,  41.1,  46.7,  53.7,  72.2,  52.6,  45.9,  40.4,  -8.3,  14.0,  37.7,  61.3,  84.0,  104.2,  119.7,  129.6,  132.4,  131.2,  123.4,  110.4,  92.9,  72.0,  50.0,  28.7,  7.0,  -13.6,  -18.7,  -19.0,  -16.0,  -11.5,  -9.6,  -12.1,  -12.8,  -10.4,  -3.7,  4.4,  17.5,  30.2,  42.9,  49.4,  52.8,  55.6,  53.6,  51.3,  2.1,  -1.2,  0.0,  5.6,  7.1,  6.3,  8.2,  3.8,  4.6,  8.9,  11.4,  10.9,  74.0,  70.8,  69.3,  71.2,  70.0,  72.2,  76.2,  81.4,  82.3,  82.6,  82.1,  80.5,  75.1,  74.9,  75.7,  75.1,  76.8,  74.6,  74.9,  74.2,  383.7,  388.4,  392.9,  396.1,  395.2,  392.1,  385.3,  373.2,  367.9,  370.8,  380.2,  388.0,  390.0,  387.2,  382.4,  376.4,  374.1,  345.8,  337.7,  331.8,  327.5,  323.9,  322.4,  326.1,  329.3,  332.9,  337.6,  324.7,  320.7,  316.3,  312.6,  331.4,  327.1,  324.7,  326.6,  329.5,  341.3,  336.6,  334.9,  335.1,  335.1,  336.8,  334.7,  332.5,  333.0,  336.3,  333.4,  332.8,  355.9,  341.7,  335.6,  334.7,  334.4,  341.1,  353.8,  339.9,  331.7,  330.9,  332.8,  340.4,  353.3,  337.8,  336.4,  336.8,  350.5,  332.6,  331.8,  333.5,  2.525,  0.269,  0.063,  0.075,  766.693,  472.715,  -19.079,  2.552,  -10.684,  2.647,  -10.105,  17.611,  2.608,  -7.316,  -3.854,  -4.957,  -10.703,  12.722,  -3.550,  -6.362,  3.913,  -0.529,  -0.425,  -1.940,  3.866,  -1.378,  3.217,  -2.454,  -1.708,  -1.849,  -0.752,  2.596,  0.380,  0.397,  0.233,  -0.228,  0.648,  -0.701,  0.370,  -0.155, 0.00, 0.00, 0.14, 0.11, 0.00, 0.29, 0.00, 0.00, 1.40, 0.82, 0.04, 0.75, 0.31, 1.10, 0.08, 0.05, 0.00, 0.00, 0.00, 0.00, 1.00, 0.00, 0.00, 0.00, 0.00, 1.00, 1.00, 0.00, 1.00, 1.00, 1.00, 0.00, 0.00, 0.00, 0.00
102,  0,  3.370,  0.98,  1,  -0.042409,  0.170865,  -0.984381,  -0.269998,  0.221540,  -0.937028,  -0.161,  0.201,  684.7,  690.2,  701.5,  712.2,  715.8,  711.1,  698.9,  688.3,  670.6,  676.4,  686.0,  699.9,  713.3,  721.0,  724.8,  716.7,  706.0,  694.3,  684.5,  676.2,  695.2,  699.9,  704.8,  707.2,  705.6,  701.0,  696.0,  693.7,  830.7,  835.9,  848.3,  860.6,  865.6,  860.4,  848.0,  834.7,  821.0,  828.5,  838.6,  852.4,  864.9,  873.2,  878.2,  871.8,  864.0,  853.9,  841.7,  830.2,  840.9,  847.4,  854.0,  856.8,  854.1,  847.6,  841.0,  838.2,  363.2,  353.4,  350.3,  355.8,  366.7,  377.1,  379.7,  374.1,  365.1,  360.2,  359.1,  359.1,  361.9,  366.9,  374.9,  378.1,  380.0,  379.5,  376.1,  371.1,  368.1,  370.5,  369.2,  364.9,  360.2,  357.8,  359.1,  363.4,  378.9,  365.7,  360.2,  365.5,  378.5,  391.7,  397.2,  392.8,  383.3,  374.8,  370.3,  369.4,  372.6,  377.0,  384.1,  387.1,  389.1,  390.0,  388.8,  386.6,  385.7,  388.6,  385.6,  378.6,  371.6,  368.8,  371.7,  378.7,  16.5,  18.4,  22.5,  26.4,  27.9,  26.4,  21.9,  17.9,  11.5,  13.5,  16.9,  21.8,  26.8,  29.8,  31.5,  28.4,  24.4,  20.1,  16.5,  13.5,  20.5,  22.2,  24.0,  24.8,  24.2,  22.5,  20.7,  19.8,  65.4,  67.2,  71.7,  76.2,  78.1,  76.2,  71.7,  66.9,  62.1,  64.5,  67.8,  72.7,  77.5,  81.1,  83.7,  80.7,  77.3,  73.3,  68.9,  65.1,  69.3,  71.7,  74.1,  75.1,  74.1,  71.7,  69.3,  68.3,  1.2,  -2.4,  -3.6,  -1.5,  2.5,  6.3,  7.3,  5.2,  1.9,  0.1,  -0.3,  -0.3,  0.7,  2.6,  5.5,  6.7,  7.4,  7.2,  6.0,  4.2,  3.0,  3.9,  3.4,  1.8,  0.1,  -0.8,  -0.3,  1.3,  6.5,  2.0,  0.1,  1.9,  6.4,  11.0,  12.8,  11.3,  8.0,  5.1,  3.5,  3.2,  4.3,  5.9,  8.5,  9.4,  10.0,  10.3,  9.8,  9.1,  8.9,  9.9,  8.9,  6.5,  4.0,  3.0,  4.0,  6.4,  322.8,  321.0,  320.0,  320.6,  322.3,  324.5,  325.0,  324.5,  327.6,  323.8,  320.7,  319.0,  320.0,  322.2,  325.1,  324.6,  323.7,  323.9,  325.0,  326.5,  324.1,  324.4,  324.0,  323.2,  322.4,  322.2,  322.6,  323.4,  299.9,  300.1,  301.1,  302.3,  302.9,  302.7,  301.7,  300.8,  300.0,  299.2,  298.8,  299.5,  301.6,  304.5,  307.3,  304.7,  302.0,  299.8,  299.0,  299.4,  301.8,  302.4,  302.9,  303.1,  302.8,  302.2,  301.6,  301.4,  49.2,  44.9,  344.5,  0.120,  0.161,  0.058,  598.8,  594.3,  595.2,  600.1,  614.2,  638.1,  666.4,  702.2,  745.0,  789.1,  830.7,  869.3,  901.1,  924.4,  940.1,  950.6,  958.3,  633.0,  656.8,  685.7,  714.2,  740.2,  812.1,  844.1,  872.6,  901.0,  921.5,  773.8,  770.4,  767.0,  763.8,  724.9,  742.5,  761.7,  783.0,  802.2,  667.7,  687.6,  710.5,  727.3,  707.1,  683.9,  820.3,  840.3,  862.6,  879.7,  863.0,  841.2,  691.0,  722.0,  748.3,  762.7,  780.1,  804.1,  830.8,  802.7,  778.5,  760.5,  744.6,  719.2,  701.5,  746.9,  761.8,  779.5,  820.3,  778.5,  761.2,  746.3,  340.8,  391.0,  443.5,  495.1,  545.9,  592.5,  632.0,  664.3,  675.4,  669.9,  644.3,  609.3,  568.8,  523.3,  474.8,  426.9,  376.6,  326.4,  312.4,  310.5,  317.8,  329.5,  334.6,  328.1,  326.6,  333.6,  351.7,  372.9,  408.6,  444.4,  480.8,  491.4,  502.0,  510.6,  504.3,  496.9,  366.1,  357.5,  360.9,  375.5,  379.5,  377.3,  382.1,  370.4,  372.2,  383.5,  390.6,  389.3,  542.9,  542.5,  541.8,  546.9,  543.8,  545.8,  548.7,  570.2,  578.1,  579.4,  576.9,  567.9,  546.8,  555.2,  557.9,  556.0,  552.2,  557.1,  558.5,  555.7,  -18.0,  -20.2,  -20.1,  -18.0,  -11.7,  -0.8,  11.6,  26.6,  44.3,  63.3,  83.0,  101.8,  116.6,  126.0,  131.3,  133.8,  136.1,  -2.8,  6.5,  17.3,  27.8,  37.2,  63.6,  76.2,  87.7,  99.5,  108.8,  49.7,  47.9,  46.0,  44.4,  32.2,  38.4,  45.3,  53.5,  61.3,  10.8,  18.3,  27.0,  33.4,  25.7,  16.9,  69.1,  76.2,  84.9,  92.3,  85.2,  76.7,  20.8,  32.1,  41.6,  47.1,  53.7,  64.2,  77.4,  63.4,  52.6,  45.7,  39.9,  30.9,  24.9,  41.4,  47.0,  53.9,  72.4,  52.8,  46.1,  40.6,  -8.4,  13.8,  37.5,  61.2,  84.0,  104.2,  119.9,  130.1,  132.9,  131.6,  123.7,  110.7,  93.2,  72.4,  50.2,  28.8,  7.1,  -13.3,  -18.4,  -18.7,  -15.8,  -11.3,  -9.4,  -11.9,  -12.6,  -10.1,  -3.2,  4.8,  17.8,  30.6,  43.3,  49.9,  53.2,  56.0,  54.0,  51.7,  2.4,  -0.9,  0.3,  6.0,  7.5,  6.7,  8.5,  3.9,  4.7,  9.1,  11.7,  11.2,  74.5,  71.4,  69.9,  71.7,  70.5,  72.7,  76.5,  81.9,  82.9,  83.2,  82.7,  81.1,  75.6,  75.6,  76.3,  75.7,  77.3,  75.1,  75.5,  74.8,  382.9,  387.9,  392.7,  396.2,  395.3,  392.3,  385.9,  374.1,  368.7,  371.6,  380.7,  388.6,  390.6,  387.7,  383.0,  376.8,  374.2,  345.5,  337.4,  331.6,  327.6,  324.4,  323.0,  326.8,  330.0,  333.5,  338.2,  325.3,  321.4,  317.1,  313.6,  332.1,  327.9,  325.6,  327.6,  330.5,  341.3,  336.6,  335.0,  335.4,  335.3,  337.0,  335.2,  333.1,  333.6,  337.0,  334.1,  333.4,  356.6,  342.5,  336.5,  335.7,  335.4,  342.2,  355.0,  341.0,  332.6,  331.7,  333.6,  341.2,  354.1,  338.7,  337.4,  337.8,  351.7,  333.3,  332.5,  334.2,  2.521,  0.274,  0.057,  0.076,  766.474,  473.337,  -20.990,  2.487,  -11.163,  2.401,  -10.202,  17.634,  2.249,  -7.123,  -3.283,  -5.019,  -11.319,  13.430,  -3.981,  -6.317,  3.830,  0.056,  -0.788,  -2.399,  4.566,  -1.063,  3.048,  -2.577,  -1.882,  -1.660,  -0.850,  2.797,  0.663,  0.185,  0.254,  -0.124,  0.459,  -0.766,  0.360,  -0.192, 0.00, 0.00, 0.12, 0.06, 0.00, 0.23, 0.00, 0.00, 1.41, 0.70, 0.04, 0.68, 0.26, 1.05, 0.02, 0.05, 0.00, 0.00, 0.00, 0.00, 1.00, 0.00, 0.00, 0.00, 0.00, 1.00, 1.00, 0.00, 1.00, 1.00, 1.00, 0.00, 0.00, 0.00, 0.00
103,  0,  3.403,  0.98,  1,  -0.046491,  0.186573,  -0.981340,  -0.268631,  0.231921,  -0.934906,  -0.163,  0.215,  684.7,  690.1,  701.4,  711.8,  715.3,  710.5,  698.5,  688.1,  669.7,  675.9,  686.2,  699.9,  712.8,  720.7,  724.7,  717.3,  707.1,  695.4,  684.8,  675.7,  694.9,  699.4,  704.3,  706.6,  705.1,  700.6,  695.7,  693.4,  830.2,  835.2,  847.6,  860.0,  865.3,  860.2,  847.9,  834.4,  820.7,  828.2,  838.3,  852.1,  864.5,  872.7,  877.7,  871.3,  863.6,  853.8,  841.5,  829.9,  840.4,  847.1,  853.8,  856.6,  853.7,  847.0,  840.4,  837.6,  364.2,  354.2,  350.9,  356.2,  367.1,  377.6,  380.4,  375.1,  366.5,  361.5,  359.9,  359.6,  362.4,  367.5,  375.0,  377.4,  378.5,  378.1,  375.7,  371.7,  369.1,  371.4,  370.0,  365.6,  360.9,  358.6,  360.0,  364.4,  380.3,  366.9,  361.1,  366.2,  379.2,  392.5,  398.4,  394.2,  383.5,  375.4,  371.3,  370.6,  373.8,  377.9,  384.8,  388.2,  390.5,  391.6,  390.1,  387.5,  386.9,  389.7,  386.6,  379.5,  372.4,  369.6,  372.7,  379.9,  16.8,  18.8,  22.9,  26.9,  28.3,  26.6,  22.1,  18.2,  11.3,  13.6,  17.3,  22.3,  27.3,  30.4,  32.2,  29.3,  25.3,  20.9,  16.9,  13.6,  20.7,  22.4,  24.3,  25.1,  24.5,  22.8,  21.0,  20.1,  65.0,  66.8,  71.3,  75.8,  77.8,  76.1,  71.6,  66.7,  61.8,  64.2,  67.6,  72.4,  77.2,  80.8,  83.3,  80.4,  77.0,  73.1,  68.7,  64.9,  69.0,  71.5,  73.9,  74.9,  73.8,  71.3,  68.9,  67.9,  1.6,  -2.2,  -3.4,  -1.4,  2.7,  6.7,  7.7,  5.7,  2.5,  0.6,  -0.0,  -0.2,  0.9,  2.8,  5.7,  6.6,  7.0,  6.8,  5.9,  4.4,  3.4,  4.3,  3.8,  2.1,  0.3,  -0.5,  0.0,  1.7,  6.9,  2.4,  0.4,  2.1,  6.6,  11.2,  13.2,  11.7,  8.0,  5.3,  3.8,  3.6,  4.7,  6.2,  8.7,  9.8,  10.5,  10.8,  10.3,  9.4,  9.3,  10.2,  9.2,  6.7,  4.3,  3.3,  4.4,  6.8,  328.8,  327.5,  327.0,  327.6,  329.0,  330.7,  330.9,  330.3,  333.9,  330.5,  327.6,  326.2,  327.4,  329.8,  332.6,  331.5,  330.1,  329.8,  330.8,  332.4,  330.3,  330.5,  330.3,  329.7,  329.1,  328.8,  329.1,  329.7,  299.2,  299.4,  300.4,  301.6,  302.4,  302.2,  301.2,  300.2,  299.4,  298.4,  298.1,  298.8,  301.0,  303.7,  306.6,  304.1,  301.4,  299.2,  298.3,  298.8,  301.2,  301.8,  302.4,  302.5,  302.1,  301.5,  300.9,  300.8,  48.9,  45.1,  343.6,  0.124,  0.156,  0.059,  597.8,  593.2,  594.1,  599.3,  613.5,  637.3,  665.4,  700.9,  743.7,  787.8,  829.2,  867.7,  899.5,  923.0,  938.8,  949.6,  957.4,  632.9,  656.5,  685.5,  714.2,  740.3,  811.8,  843.6,  872.1,  900.4,  920.8,  773.6,  770.3,  767.0,  763.9,  724.8,  742.4,  761.7,  782.9,  802.0,  667.6,  687.5,  710.3,  727.2,  707.2,  684.1,  819.9,  840.1,  862.3,  879.3,  862.6,  841.0,  690.7,  721.8,  748.1,  762.5,  779.9,  803.8,  830.1,  802.4,  778.4,  760.4,  744.5,  719.0,  701.3,  746.6,  761.5,  779.3,  819.7,  778.4,  761.1,  746.2,  341.5,  391.8,  444.1,  495.6,  546.5,  593.2,  632.9,  665.4,  676.6,  671.2,  645.2,  609.8,  569.0,  523.2,  474.8,  427.3,  377.3,  327.2,  313.3,  311.3,  318.7,  330.5,  335.6,  329.2,  327.6,  334.7,  352.6,  373.4,  409.4,  445.5,  482.2,  492.3,  503.0,  511.7,  505.2,  497.8,  366.5,  358.2,  361.4,  375.7,  379.6,  377.4,  382.7,  371.4,  373.5,  384.4,  391.2,  389.8,  543.5,  543.4,  542.7,  547.9,  544.9,  546.9,  549.6,  571.4,  579.3,  580.6,  578.0,  568.9,  547.6,  556.1,  558.9,  557.1,  553.2,  558.0,  559.5,  556.6,  -18.4,  -20.7,  -20.5,  -18.4,  -12.0,  -1.2,  11.2,  26.0,  43.7,  62.8,  82.4,  101.2,  116.0,  125.5,  130.9,  133.4,  135.8,  -2.8,  6.3,  17.2,  27.7,  37.0,  63.2,  75.8,  87.3,  99.0,  108.3,  49.5,  47.7,  45.8,  44.2,  32.1,  38.2,  45.1,  53.3,  61.0,  10.7,  18.2,  26.8,  33.3,  25.7,  16.9,  68.7,  76.0,  84.5,  91.9,  84.8,  76.4,  20.6,  31.9,  41.5,  46.9,  53.5,  63.9,  77.0,  63.2,  52.5,  45.5,  39.8,  30.7,  24.7,  41.2,  46.7,  53.7,  72.0,  52.6,  45.9,  40.5,  -8.1,  14.0,  37.7,  61.3,  84.0,  104.3,  120.0,  130.3,  133.3,  132.2,  124.3,  111.1,  93.4,  72.4,  50.3,  29.0,  7.4,  -12.9,  -18.0,  -18.4,  -15.4,  -10.9,  -9.0,  -11.5,  -12.2,  -9.6,  -2.9,  5.0,  18.1,  30.8,  43.6,  50.0,  53.4,  56.2,  54.2,  51.9,  2.5,  -0.7,  0.5,  6.0,  7.5,  6.7,  8.7,  4.3,  5.1,  9.4,  11.9,  11.3,  74.6,  71.6,  70.1,  71.9,  70.7,  72.9,  76.7,  82.2,  83.2,  83.5,  82.9,  81.2,  75.7,  75.7,  76.5,  75.9,  77.5,  75.3,  75.6,  74.9,  381.8,  386.8,  391.7,  395.2,  394.2,  391.3,  384.9,  373.4,  368.5,  371.8,  381.3,  389.1,  391.1,  388.2,  383.3,  377.0,  374.3,  344.6,  336.4,  330.5,  326.4,  323.0,  321.8,  325.6,  329.1,  332.8,  337.6,  324.1,  320.1,  315.7,  312.0,  330.8,  326.7,  324.3,  326.4,  329.4,  340.1,  335.5,  333.9,  334.3,  334.2,  335.8,  334.2,  332.1,  332.7,  336.1,  333.2,  332.4,  355.5,  341.5,  335.5,  334.7,  334.5,  341.3,  354.2,  340.3,  332.0,  331.0,  332.8,  340.2,  353.0,  337.8,  336.6,  337.0,  350.9,  332.6,  331.7,  333.4,  2.527,  0.278,  0.050,  0.078,  766.024,  474.153,  -19.149,  2.251,  -10.390,  3.829,  -10.417,  18.182,  3.196,  -7.220,  -3.449,  -5.392,  -11.018,  12.470,  -3.412,  -6.792,  3.622,  -0.881,  -0.710,  -2.353,  4.429,  -1.591,  3.616,  -2.768,  -1.518,  -1.740,  -0.904,  2.499,  0.521,  0.667,  0.196,  -0.352,  0.785,  -0.671,  0.451,  -0.133, 0.00, 0.00, 0.10, 0.03, 0.00, 0.13, 0.00, 0.00, 1.40, 0.59, 0.04, 0.63, 0.13, 1.02, 0.01, 0.10, 0.00, 0.00, 0.00, 0.00, 1.00, 0.00, 0.00, 0.00, 0.00, 1.00, 1.00, 0.00, 1.00, 1.00, 1.00, 0.00, 0.00, 0.00, 0.00
104,  0,  3.437,  0.98,  1,  -0.046270,  0.188060,  -0.981067,  -0.278448,  0.226443,  -0.933376,  -0.168,  0.213,  684.1,  689.6,  700.8,  711.2,  714.7,  710.0,  698.1,  687.7,  669.3,  675.5,  685.8,  699.4,  712.2,  720.1,  724.2,  716.9,  706.7,  695.2,  684.5,  675.4,  694.3,  698.9,  703.8,  706.2,  704.6,  700.1,  695.2,  692.8,  828.8,  833.9,  846.5,  859.2,  864.5,  859.4,  846.8,  833.1,  820.2,  827.6,  837.8,  851.5,  863.8,  871.9,  877.0,  870.6,  862.8,  853.0,  840.8,  829.4,  839.4,  846.1,  852.9,  855.6,  852.8,  846.0,  839.3,  836.5,  365.3,  355.3,  352.0,  357.2,  368.0,  378.6,  381.4,  376.1,  367.5,  362.8,  361.3,  361.0,  363.7,  368.7,  376.0,  378.4,  379.5,  379.1,  376.7,  372.7,  370.1,  372.4,  371.0,  366.6,  361.9,  359.6,  361.1,  365.4,  381.4,  367.9,  362.1,  367.3,  380.5,  394.0,  399.8,  395.5,  385.5,  377.1,  372.8,  372.3,  375.5,  379.6,  386.5,  389.7,  391.9,  393.0,  391.6,  389.1,  388.2,  391.1,  388.0,  380.8,  373.7,  370.9,  373.9,  381.1,  16.6,  18.6,  22.8,  26.7,  28.2,  26.5,  22.0,  18.0,  11.2,  13.4,  17.2,  22.2,  27.1,  30.3,  32.1,  29.2,  25.3,  20.9,  16.9,  13.5,  20.6,  22.3,  24.2,  25.0,  24.4,  22.6,  20.8,  20.0,  64.5,  66.3,  70.9,  75.5,  77.5,  75.7,  71.1,  66.2,  61.6,  64.0,  67.3,  72.2,  76.9,  80.4,  82.9,  80.0,  76.7,  72.8,  68.4,  64.6,  68.6,  71.0,  73.5,  74.5,  73.4,  70.9,  68.5,  67.5,  2.0,  -1.8,  -3.0,  -1.0,  3.0,  7.0,  8.1,  6.1,  2.9,  1.1,  0.5,  0.4,  1.4,  3.3,  6.1,  7.0,  7.4,  7.2,  6.3,  4.8,  3.8,  4.7,  4.1,  2.5,  0.7,  -0.2,  0.4,  2.0,  7.3,  2.7,  0.7,  2.5,  7.1,  11.7,  13.7,  12.2,  8.7,  5.8,  4.4,  4.2,  5.3,  6.8,  9.3,  10.3,  11.0,  11.3,  10.8,  9.9,  9.7,  10.7,  9.7,  7.2,  4.7,  3.7,  4.8,  7.3,  329.8,  328.4,  327.9,  328.5,  329.9,  331.7,  331.9,  331.3,  334.9,  331.5,  328.6,  327.2,  328.4,  330.8,  333.7,  332.6,  331.2,  330.9,  331.8,  333.4,  331.2,  331.5,  331.3,  330.7,  330.1,  329.8,  330.0,  330.6,  299.1,  299.3,  300.3,  301.4,  302.0,  301.8,  300.8,  299.9,  299.1,  298.2,  298.0,  298.6,  300.6,  303.3,  306.0,  303.7,  301.2,  298.9,  298.1,  298.6,  300.9,  301.5,  302.0,  302.2,  301.9,  301.4,  300.8,  300.6,  48.6,  45.5,  343.6,  0.130,  0.152,  0.061,  596.9,  592.2,  592.9,  597.9,  611.9,  635.7,  663.7,  699.3,  742.3,  786.6,  828.1,  866.4,  898.2,  921.6,  937.6,  948.4,  956.4,  632.5,  656.1,  685.3,  714.2,  740.5,  811.2,  843.2,  871.9,  900.2,  920.4,  773.2,  769.8,  766.6,  763.5,  724.1,  741.7,  761.0,  782.1,  801.2,  667.2,  687.1,  709.8,  726.7,  706.7,  683.8,  819.4,  839.6,  861.6,  878.5,  861.8,  840.3,  689.6,  720.7,  747.0,  761.5,  779.2,  802.9,  828.8,  801.4,  777.6,  759.4,  743.3,  717.9,  700.2,  745.4,  760.5,  778.5,  818.4,  777.7,  760.1,  745.1,  342.5,  392.3,  444.1,  495.2,  546.1,  592.9,  633.0,  666.1,  677.3,  671.7,  645.1,  609.4,  568.5,  522.9,  474.9,  427.9,  378.3,  327.8,  314.1,  312.3,  319.8,  332.0,  337.2,  330.6,  329.0,  336.2,  354.1,  375.1,  410.9,  446.8,  483.4,  493.4,  504.2,  512.9,  506.6,  499.1,  367.6,  359.5,  362.7,  376.8,  380.7,  378.5,  384.1,  373.2,  375.2,  386.0,  392.8,  391.3,  544.7,  544.7,  544.2,  549.4,  546.5,  548.5,  551.1,  572.8,  580.7,  582.1,  579.3,  570.1,  548.8,  557.6,  560.5,  558.8,  554.7,  559.4,  560.9,  557.8,  -18.8,  -21.1,  -21.1,  -19.0,  -12.7,  -1.9,  10.4,  25.3,  43.2,  62.4,  82.1,  100.8,  115.5,  125.0,  130.5,  133.0,  135.4,  -2.9,  6.2,  17.1,  27.6,  37.0,  62.9,  75.5,  87.2,  99.0,  108.3,  49.3,  47.5,  45.6,  44.0,  31.8,  38.0,  44.9,  53.0,  60.7,  10.6,  18.1,  26.6,  33.1,  25.5,  16.8,  68.5,  75.7,  84.3,  91.6,  84.5,  76.1,  20.1,  31.5,  41.0,  46.5,  53.2,  63.6,  76.5,  62.9,  52.3,  45.2,  39.3,  30.3,  24.3,  40.7,  46.4,  53.4,  71.6,  52.4,  45.6,  40.1,  -7.6,  14.2,  37.6,  61.1,  83.8,  104.2,  120.1,  130.7,  133.8,  132.6,  124.4,  111.0,  93.3,  72.4,  50.4,  29.3,  7.9,  -12.7,  -17.6,  -18.0,  -14.9,  -10.3,  -8.4,  -10.9,  -11.6,  -9.1,  -2.3,  5.6,  18.6,  31.3,  44.0,  50.4,  53.9,  56.7,  54.7,  52.4,  2.9,  -0.2,  1.0,  6.4,  7.9,  7.1,  9.2,  5.0,  5.8,  10.0,  12.5,  11.9,  75.0,  72.1,  70.6,  72.5,  71.3,  73.6,  77.4,  82.8,  83.9,  84.1,  83.5,  81.7,  76.1,  76.3,  77.2,  76.6,  78.1,  75.9,  76.2,  75.4,  381.3,  386.4,  391.5,  395.1,  394.2,  391.3,  385.0,  373.7,  369.0,  372.4,  381.8,  389.5,  391.4,  388.5,  383.6,  377.3,  374.5,  344.2,  335.8,  329.9,  325.7,  322.4,  321.4,  325.2,  328.9,  332.8,  338.0,  323.7,  319.8,  315.5,  311.9,  330.8,  326.7,  324.5,  326.6,  329.6,  339.8,  335.2,  333.6,  334.1,  333.9,  335.5,  334.1,  332.1,  332.7,  336.2,  333.2,  332.4,  355.4,  341.4,  335.6,  334.9,  334.7,  341.5,  354.4,  340.7,  332.5,  331.5,  333.2,  340.4,  352.8,  338.0,  336.8,  337.3,  351.1,  332.9,  332.0,  333.6,  2.527,  0.285,  0.046,  0.081,  765.180,  475.214,  -18.813,  2.616,  -10.645,  4.170,  -10.115,  17.638,  3.031,  -7.625,  -3.244,  -4.601,  -10.784,  11.806,  -3.644,  -6.680,  3.766,  -0.939,  -1.122,  -2.426,  4.445,  -1.998,  3.500,  -2.878,  -1.493,  -1.901,  -0.945,  2.476,  0.623,  0.747,  0.167,  -0.429,  0.781,  -0.685,  0.465,  -0.131, 0.00, 0.00, 0.16, 0.00, 0.00, 0.25, 0.00, 0.00, 1.37, 0.57, 0.00, 0.66, 0.10, 0.93, 0.00, 0.05, 0.00, 0.00, 0.00, 0.00, 1.00, 0.00, 0.00, 0.00, 0.00, 1.00, 1.00, 0.00, 1.00, 1.00, 1.00, 0.00, 0.00, 0.00, 0.00
105,  0,  3.470,  0.98,  1,  -0.051854,  0.252305,  -0.966257,  -0.286246,  0.250600,  -0.924804,  -0.177,  0.260,  682.7,  688.2,  699.5,  709.8,  713.2,  708.2,  696.4,  686.0,  668.3,  676.9,  686.8,  698.6,  709.6,  717.2,  722.3,  714.7,  704.6,  693.7,  683.8,  674.9,  692.4,  697.0,  702.0,  704.5,  703.0,  698.4,  693.4,  691.0,  828.6,  833.5,  845.4,  857.3,  862.2,  857.3,  845.4,  832.5,  820.2,  827.6,  837.6,  850.2,  861.5,  869.5,  875.0,  869.3,  861.8,  852.4,  840.5,  829.0,  839.2,  844.9,  850.6,  852.9,  850.5,  844.8,  839.2,  836.8,  370.0,  359.7,  356.4,  362.1,  373.5,  384.9,  387.1,  381.4,  370.6,  366.6,  365.1,  365.3,  368.5,  373.2,  379.3,  383.6,  384.1,  383.4,  380.7,  376.7,  376.7,  379.2,  377.8,  373.2,  368.1,  365.6,  367.1,  371.6,  383.5,  371.4,  366.7,  372.3,  384.8,  397.0,  401.7,  397.1,  386.2,  380.3,  377.3,  377.0,  379.8,  383.6,  389.6,  392.4,  393.7,  393.9,  392.4,  390.3,  390.4,  393.0,  390.8,  385.0,  379.0,  376.4,  378.6,  384.4,  16.8,  19.0,  23.5,  27.6,  28.8,  26.8,  22.1,  18.0,  11.2,  14.5,  18.3,  22.9,  27.3,  30.4,  32.5,  29.3,  25.2,  20.9,  17.1,  13.7,  20.6,  22.4,  24.4,  25.4,  24.9,  23.1,  21.1,  20.1,  68.7,  70.8,  75.5,  80.0,  81.7,  79.6,  74.9,  70.1,  65.7,  68.2,  71.8,  76.6,  81.2,  84.8,  87.5,  84.7,  81.2,  77.1,  72.7,  68.6,  72.9,  75.1,  77.3,  78.3,  77.5,  75.3,  73.1,  72.1,  3.9,  -0.1,  -1.4,  0.8,  5.3,  9.8,  10.6,  8.4,  4.2,  2.6,  2.0,  2.1,  3.3,  5.2,  7.6,  9.2,  9.4,  9.1,  8.1,  6.5,  6.6,  7.6,  7.0,  5.2,  3.2,  2.2,  2.8,  4.6,  8.6,  4.2,  2.5,  4.5,  9.1,  13.6,  15.2,  13.5,  9.6,  7.4,  6.3,  6.2,  7.3,  8.7,  11.0,  12.0,  12.3,  12.3,  11.8,  11.0,  11.1,  12.1,  11.3,  9.2,  7.0,  6.0,  6.8,  8.9,  343.7,  345.0,  345.8,  345.6,  344.5,  343.4,  342.4,  342.6,  346.2,  344.2,  342.8,  342.3,  343.0,  344.3,  345.5,  343.2,  340.9,  340.2,  341.3,  343.4,  344.2,  344.1,  344.5,  345.1,  345.6,  345.7,  345.3,  344.7,  318.9,  320.2,  321.5,  322.2,  321.8,  320.5,  319.2,  318.7,  318.8,  318.3,  318.1,  318.8,  320.7,  323.3,  325.9,  323.1,  320.2,  317.9,  317.1,  317.8,  320.3,  320.6,  321.3,  321.9,  322.1,  321.8,  321.1,  320.5,  48.6,  46.6,  346.9,  0.131,  0.146,  0.064,  595.8,  591.2,  591.5,  596.2,  610.3,  634.8,  662.7,  698.1,  740.9,  785.0,  826.6,  864.9,  896.6,  919.9,  935.5,  946.5,  954.7,  632.2,  655.9,  685.0,  713.8,  740.1,  810.9,  842.6,  870.6,  898.6,  919.1,  772.7,  769.4,  766.1,  762.9,  723.2,  740.9,  760.2,  781.4,  800.6,  666.6,  686.3,  708.2,  724.9,  705.2,  683.2,  819.2,  838.9,  860.2,  876.9,  860.1,  839.5,  687.8,  719.4,  745.8,  760.5,  778.3,  801.8,  827.5,  800.1,  776.2,  758.0,  741.7,  716.2,  698.4,  744.1,  759.4,  777.5,  817.3,  776.5,  758.9,  743.7,  342.9,  392.6,  444.3,  495.6,  547.0,  594.3,  634.5,  667.4,  678.4,  672.6,  646.1,  610.6,  570.3,  525.1,  477.2,  429.9,  380.1,  329.4,  315.9,  314.1,  321.4,  333.2,  338.3,  332.1,  330.9,  337.6,  354.8,  377.1,  412.7,  448.5,  485.0,  494.3,  505.3,  514.3,  507.9,  500.3,  371.1,  364.3,  367.2,  379.1,  383.4,  381.4,  385.9,  377.2,  379.5,  389.0,  395.1,  393.4,  545.9,  545.9,  545.8,  550.9,  547.9,  549.7,  552.2,  574.1,  582.1,  583.7,  581.0,  571.8,  550.1,  559.2,  562.1,  560.2,  555.9,  560.5,  562.2,  559.3,  -19.3,  -21.6,  -21.8,  -19.9,  -13.5,  -2.4,  10.0,  25.0,  42.8,  62.2,  82.0,  100.7,  115.3,  124.7,  129.8,  132.4,  135.0,  -3.1,  6.2,  17.1,  27.7,  37.3,  63.5,  76.3,  87.6,  99.2,  108.5,  49.6,  47.9,  46.1,  44.5,  31.8,  38.1,  45.1,  53.4,  61.2,  10.4,  17.9,  26.2,  32.7,  25.1,  16.7,  69.1,  76.3,  84.6,  91.9,  84.7,  76.6,  19.6,  31.3,  41.0,  46.7,  53.5,  63.9,  76.7,  63.0,  52.4,  45.2,  39.2,  29.9,  23.8,  40.7,  46.5,  53.7,  71.8,  52.5,  45.6,  39.9,  -7.4,  14.4,  37.9,  61.7,  84.8,  105.3,  121.3,  131.9,  135.2,  134.1,  125.7,  112.2,  94.5,  73.6,  51.5,  30.2,  8.6,  -12.1,  -17.0,  -17.5,  -14.5,  -10.0,  -8.1,  -10.5,  -11.1,  -8.6,  -2.0,  6.4,  19.5,  32.3,  45.2,  51.3,  54.9,  57.9,  55.9,  53.5,  4.4,  1.7,  2.8,  7.4,  9.0,  8.3,  10.0,  6.6,  7.5,  11.2,  13.5,  12.8,  76.1,  73.3,  72.1,  74.0,  72.8,  74.9,  78.6,  84.3,  85.4,  85.7,  85.0,  83.2,  77.3,  77.8,  78.7,  78.1,  79.4,  77.1,  77.5,  76.8,  381.9,  387.7,  393.9,  398.2,  396.9,  393.4,  386.6,  375.5,  371.6,  375.3,  384.5,  391.9,  393.2,  389.9,  384.4,  378.0,  375.2,  346.0,  338.0,  332.5,  328.9,  325.8,  325.3,  329.3,  332.5,  335.7,  340.2,  327.2,  323.6,  319.8,  316.6,  334.4,  330.5,  328.5,  330.6,  333.5,  341.7,  337.6,  336.3,  336.7,  336.4,  337.8,  337.4,  335.5,  336.1,  339.3,  336.6,  335.8,  358.2,  345.0,  339.6,  338.9,  338.9,  345.4,  357.9,  344.4,  336.4,  335.1,  336.7,  343.7,  355.8,  341.9,  340.8,  341.4,  354.7,  336.6,  335.5,  337.0,  2.505,  0.287,  0.044,  0.083,  764.066,  476.898,  -25.471,  3.990,  -13.061,  1.142,  -10.871,  17.404,  1.456,  -7.485,  -2.699,  -4.820,  -12.071,  12.121,  -3.503,  -6.143,  2.594,  -0.245,  -3.202,  -3.156,  3.629,  -2.218,  3.566,  -2.973,  -0.822,  -1.933,  -1.664,  3.933,  0.862,  -0.100,  0.412,  -0.197,  0.467,  -0.775,  0.347,  -0.248, 0.00, 0.00, 0.37, 0.00, 0.00, 0.49, 0.00, 0.00, 1.35, 0.68, 0.00, 0.71, 0.09, 0.72, 0.00, 0.05, 0.00, 0.00, 0.00, 0.00, 0.00, 0.00, 0.00, 0.00, 0.00, 1.00, 1.00, 0.00, 1.00, 0.00, 1.00, 0.00, 0.00, 0.00, 0.00
106,  0,  3.504,  0.98,  1,  0.039147,  0.401932,  -0.914832,  -0.240268,  0.328147,  -0.913560,  -0.110,  0.380,  685.9,  690.4,  700.2,  709.5,  712.8,  708.7,  698.4,  689.2,  667.6,  675.4,  685.0,  696.6,  707.4,  715.0,  720.6,  714.2,  705.0,  694.2,  684.1,  675.0,  694.6,  698.6,  702.9,  704.9,  703.4,  699.4,  695.1,  693.1,  832.2,  837.3,  847.5,  856.8,  859.7,  854.6,  844.4,  834.4,  822.9,  829.5,  838.2,  848.6,  858.7,  867.0,  873.4,  866.9,  858.4,  848.8,  838.4,  829.0,  841.1,  845.2,  849.7,  852.0,  850.7,  846.6,  842.1,  839.8,  379.1,  369.5,  365.7,  369.9,  379.7,  389.9,  393.2,  388.9,  377.2,  375.8,  375.1,  375.0,  376.2,  377.6,  379.5,  382.9,  384.0,  384.1,  383.2,  381.2,  383.2,  385.1,  383.4,  379.2,  374.9,  373.1,  374.7,  378.9,  387.9,  378.5,  375.5,  380.7,  391.1,  400.5,  403.5,  398.9,  387.3,  385.9,  385.2,  385.5,  387.6,  390.3,  393.7,  396.0,  396.4,  395.5,  393.8,  391.6,  393.6,  395.9,  394.5,  390.4,  385.8,  383.5,  384.8,  389.0,  19.9,  21.9,  26.1,  30.2,  31.8,  30.1,  25.5,  21.4,  12.1,  15.4,  19.5,  24.5,  29.2,  32.8,  35.4,  32.4,  28.2,  23.5,  19.2,  15.3,  23.8,  25.6,  27.5,  28.3,  27.7,  25.9,  24.0,  23.2,  85.4,  87.8,  92.3,  96.4,  97.6,  95.3,  90.7,  86.4,  81.7,  84.3,  87.8,  92.3,  97.1,  101.4,  105.1,  101.3,  96.9,  92.3,  87.8,  84.0,  89.5,  91.4,  93.4,  94.4,  93.9,  92.1,  90.0,  89.0,  8.3,  4.1,  2.5,  4.3,  8.6,  13.1,  14.5,  12.6,  7.6,  6.9,  6.6,  6.5,  7.0,  7.7,  8.6,  10.0,  10.4,  10.4,  10.1,  9.2,  10.1,  11.0,  10.2,  8.4,  6.5,  5.7,  6.4,  8.3,  12.4,  8.2,  6.9,  9.2,  13.8,  18.0,  19.3,  17.3,  12.2,  11.5,  11.1,  11.3,  12.3,  13.5,  15.2,  16.1,  16.1,  15.7,  14.9,  14.1,  14.9,  16.0,  15.4,  13.5,  11.5,  10.5,  11.0,  12.9,  380.1,  379.4,  379.8,  381.0,  382.2,  383.2,  382.5,  381.3,  384.8,  381.5,  379.3,  378.3,  379.5,  381.9,  384.4,  382.3,  380.1,  379.4,  380.2,  382.0,  382.0,  382.5,  382.7,  382.4,  381.9,  381.4,  381.2,  381.5,  388.8,  389.1,  389.3,  389.2,  388.9,  388.6,  388.4,  388.8,  390.9,  389.0,  387.5,  387.1,  388.4,  390.8,  393.9,  390.8,  388.3,  387.0,  387.1,  388.9,  389.6,  389.5,  389.6,  389.7,  389.9,  389.9,  389.8,  389.7,  48.5,  47.6,  349.0,  0.136,  0.141,  0.064,  594.6,  590.1,  589.7,  594.4,  609.0,  633.9,  661.1,  695.5,  738.3,  783.4,  825.9,  864.1,  895.7,  918.5,  933.2,  944.5,  953.7,  632.6,  655.3,  684.2,  713.0,  739.9,  810.8,  842.4,  869.6,  897.1,  918.1,  772.0,  768.6,  765.2,  761.9,  722.0,  739.6,  759.2,  780.9,  800.3,  666.5,  685.8,  705.5,  722.5,  703.7,  684.3,  819.9,  839.0,  858.1,  874.7,  857.3,  838.8,  687.4,  718.7,  744.8,  759.8,  777.6,  800.7,  825.5,  798.7,  775.3,  757.0,  740.6,  715.4,  697.8,  743.0,  758.6,  776.7,  815.6,  775.7,  758.1,  742.7,  343.9,  393.5,  444.7,  495.7,  547.7,  595.4,  635.8,  668.4,  679.3,  672.9,  645.9,  610.4,  570.1,  525.1,  477.7,  430.6,  381.1,  331.1,  317.9,  315.7,  323.1,  334.9,  339.4,  333.8,  332.8,  339.0,  354.5,  379.4,  415.0,  450.6,  487.0,  493.9,  505.6,  515.2,  508.2,  500.2,  376.2,  373.1,  374.5,  380.1,  385.0,  384.1,  387.3,  384.9,  387.9,  393.4,  397.2,  394.9,  546.9,  547.2,  547.6,  552.7,  549.7,  551.1,  553.0,  575.2,  583.6,  585.7,  583.0,  573.7,  551.4,  560.8,  563.6,  561.6,  557.0,  561.1,  563.0,  560.3,  -19.8,  -22.1,  -22.8,  -20.9,  -14.2,  -2.7,  9.3,  23.8,  41.9,  62.1,  82.7,  101.6,  116.1,  125.0,  129.1,  131.6,  134.5,  -3.0,  5.9,  16.9,  27.6,  37.3,  63.8,  76.7,  87.8,  99.1,  108.4,  49.6,  47.9,  46.1,  44.5,  31.5,  37.9,  45.1,  53.7,  61.6,  10.4,  17.8,  25.3,  31.9,  24.6,  17.2,  69.7,  76.8,  84.3,  91.4,  84.1,  76.8,  19.4,  31.2,  41.0,  46.8,  53.8,  63.9,  76.3,  62.9,  52.5,  45.2,  39.0,  29.8,  23.6,  40.6,  46.6,  53.8,  71.6,  52.6,  45.6,  39.8,  -7.0,  14.9,  38.3,  62.3,  85.7,  106.2,  121.5,  132.1,  136.2,  135.4,  127.2,  113.5,  95.4,  74.1,  51.8,  30.5,  9.1,  -11.5,  -16.4,  -16.9,  -14.0,  -9.4,  -7.7,  -9.9,  -10.4,  -8.1,  -2.1,  7.3,  20.5,  33.4,  46.4,  51.4,  55.4,  58.7,  56.4,  53.8,  6.4,  5.1,  5.6,  7.8,  9.6,  9.3,  10.6,  9.6,  10.8,  13.0,  14.4,  13.5,  76.7,  74.3,  73.4,  75.3,  74.1,  76.0,  79.4,  85.3,  86.8,  87.1,  86.4,  84.4,  78.0,  79.1,  80.0,  79.4,  80.3,  78.0,  78.4,  77.7,  381.3,  388.1,  396.2,  401.7,  399.6,  394.8,  385.3,  374.8,  373.2,  378.8,  389.2,  396.6,  397.2,  392.6,  385.3,  378.0,  375.1,  348.5,  340.3,  334.7,  331.2,  327.0,  327.0,  331.5,  334.6,  337.2,  341.2,  328.9,  325.8,  322.3,  319.7,  335.9,  332.6,  330.9,  333.2,  336.1,  342.8,  339.7,  338.6,  338.5,  338.0,  339.0,  339.0,  337.9,  338.4,  340.8,  338.5,  337.8,  359.0,  347.2,  342.4,  341.8,  342.0,  348.1,  359.7,  346.9,  339.7,  337.8,  339.2,  345.6,  356.7,  344.6,  343.8,  344.5,  356.6,  339.4,  338.0,  339.3,  2.491,  0.294,  0.040,  0.084,  763.003,  478.568,  -27.706,  4.746,  -15.599,  -1.199,  -12.609,  17.886,  0.549,  -7.455,  -2.630,  -5.989,  -12.955,  7.602,  -1.017,  -7.366,  0.856,  -0.615,  -6.732,  -5.025,  -0.130,  -3.900,  6.572,  -3.274,  1.765,  -3.009,  -3.091,  5.586,  1.220,  -0.561,  0.638,  -0.592,  0.908,  -0.600,  0.678,  -0.195, 0.00, 0.00, 0.57, 0.00, 0.00, 0.69, 0.00, 0.00, 1.35, 0.82, 0.00, 0.74, 0.20, 0.51, 0.00, 0.00, 0.00, 0.00, 0.00, 1.00, 0.00, 0.00, 1.00, 0.00, 0.00, 1.00, 1.00, 0.00, 1.00, 0.00, 1.00, 0.00, 0.00, 0.00, 1.00
107,  0,  3.537,  0.98,  1,  0.038317,  0.425568,  -0.904115,  -0.248191,  0.378861,  -0.891552,  -0.116,  0.421,  680.6,  685.9,  697.3,  708.2,  712.2,  707.7,  695.5,  684.6,  664.3,  671.1,  680.1,  691.2,  703.1,  713.9,  722.9,  714.6,  702.8,  690.5,  679.7,  670.7,  691.6,  696.2,  701.1,  703.3,  701.6,  697.0,  692.2,  689.9,  831.6,  837.2,  847.7,  857.0,  859.6,  854.0,  843.5,  833.4,  822.1,  829.1,  838.0,  849.0,  859.6,  867.9,  874.5,  867.3,  858.6,  848.9,  838.0,  828.2,  841.2,  844.8,  848.9,  851.1,  850.0,  846.4,  842.3,  840.1,  383.6,  372.8,  369.0,  374.6,  386.1,  397.7,  400.7,  395.2,  380.5,  380.4,  380.4,  380.6,  381.3,  382.0,  382.6,  388.2,  390.4,  391.0,  389.6,  386.4,  388.8,  391.2,  389.6,  385.0,  380.1,  377.8,  379.3,  383.9,  394.0,  384.8,  382.1,  387.5,  397.8,  407.1,  409.8,  404.8,  388.4,  389.5,  391.2,  393.0,  395.1,  396.6,  398.0,  401.8,  403.0,  402.4,  399.6,  395.1,  398.7,  400.8,  399.7,  396.1,  392.1,  390.0,  391.1,  394.7,  15.6,  17.6,  21.9,  26.1,  27.7,  26.1,  21.4,  17.2,  9.5,  12.1,  15.4,  19.6,  24.1,  28.3,  31.9,  28.6,  24.0,  19.3,  15.3,  11.9,  19.9,  21.7,  23.5,  24.4,  23.7,  21.9,  20.1,  19.2,  82.5,  84.7,  89.1,  93.3,  94.7,  92.6,  88.2,  83.7,  78.7,  81.3,  84.7,  89.3,  94.4,  98.6,  102.5,  98.6,  94.2,  89.7,  84.9,  81.0,  87.0,  88.6,  90.4,  91.2,  90.6,  89.0,  87.3,  86.4,  9.1,  4.9,  3.4,  5.6,  10.0,  14.5,  15.7,  13.6,  8.0,  7.9,  7.8,  7.8,  8.1,  8.4,  8.7,  10.8,  11.6,  11.8,  11.4,  10.2,  11.1,  12.0,  11.4,  9.6,  7.7,  6.8,  7.4,  9.2,  14.7,  10.6,  9.5,  11.8,  16.3,  20.4,  21.6,  19.4,  12.3,  12.7,  13.3,  14.1,  15.1,  15.8,  16.6,  18.2,  18.6,  18.2,  17.0,  15.1,  16.7,  17.7,  17.2,  15.6,  13.8,  12.9,  13.4,  15.0,  336.5,  335.4,  334.6,  334.7,  335.5,  336.9,  337.4,  337.3,  342.8,  338.9,  336.0,  333.9,  333.7,  334.8,  336.5,  335.2,  334.1,  334.7,  336.6,  339.4,  337.4,  337.4,  337.1,  336.6,  336.3,  336.2,  336.5,  337.0,  376.9,  375.7,  375.3,  376.0,  377.4,  378.7,  379.1,  378.7,  378.0,  375.9,  374.3,  374.1,  376.0,  378.7,  382.5,  379.6,  377.2,  375.6,  375.2,  376.6,  378.5,  378.8,  378.6,  378.1,  377.5,  377.3,  377.4,  377.9,  47.7,  47.9,  347.1,  0.119,  0.133,  0.070,  593.4,  588.6,  587.8,  592.7,  607.6,  632.9,  660.2,  694.0,  736.8,  781.9,  824.3,  862.2,  893.4,  915.9,  930.4,  942.2,  951.9,  630.6,  654.0,  682.9,  711.8,  738.9,  810.6,  841.8,  868.7,  896.1,  918.0,  771.0,  767.6,  764.2,  760.9,  720.3,  738.3,  758.3,  780.0,  799.4,  662.8,  682.7,  702.5,  720.8,  701.1,  681.5,  818.8,  839.5,  858.7,  876.1,  857.7,  838.9,  685.9,  717.6,  743.5,  758.5,  776.5,  799.3,  824.3,  797.2,  774.2,  755.7,  739.3,  714.3,  696.3,  741.6,  757.2,  775.4,  814.3,  774.7,  757.0,  741.6,  344.2,  393.9,  445.1,  496.7,  548.4,  595.8,  636.2,  668.8,  679.6,  673.2,  646.8,  611.7,  571.7,  526.7,  479.1,  431.8,  382.1,  332.6,  319.1,  316.9,  323.9,  335.2,  339.9,  334.9,  334.1,  340.1,  355.5,  381.4,  416.4,  451.6,  487.5,  495.2,  506.7,  516.3,  509.3,  501.6,  380.6,  379.1,  380.2,  384.5,  389.5,  389.0,  391.5,  390.8,  394.2,  398.3,  402.3,  399.7,  547.4,  548.1,  548.3,  553.4,  550.0,  552.1,  553.6,  575.8,  584.1,  586.5,  584.0,  574.9,  552.0,  561.8,  564.6,  562.4,  557.5,  560.9,  563.1,  560.5,  -20.3,  -22.7,  -23.5,  -21.6,  -14.8,  -3.2,  8.9,  23.1,  41.3,  61.6,  82.3,  101.0,  115.3,  124.0,  128.3,  131.4,  135.1,  -3.7,  5.4,  16.4,  27.1,  36.8,  63.4,  76.2,  87.4,  98.8,  108.6,  49.1,  47.3,  45.4,  43.7,  30.6,  37.1,  44.4,  53.0,  60.9,  8.9,  16.6,  24.2,  31.2,  23.6,  16.1,  69.3,  77.2,  84.8,  92.2,  84.4,  76.9,  18.7,  30.5,  40.1,  45.8,  52.9,  62.8,  75.3,  61.7,  51.5,  44.2,  38.0,  29.0,  22.7,  39.6,  45.6,  52.8,  70.5,  51.7,  44.7,  39.0,  -6.9,  15.0,  38.4,  62.5,  85.8,  106.2,  121.4,  132.0,  136.4,  135.9,  128.1,  114.5,  96.3,  74.9,  52.6,  31.2,  9.6,  -10.9,  -15.9,  -16.5,  -13.6,  -9.2,  -7.5,  -9.5,  -9.9,  -7.7,  -1.7,  8.0,  20.9,  33.5,  46.1,  51.5,  55.4,  58.7,  56.5,  54.1,  8.1,  7.4,  7.8,  9.5,  11.4,  11.2,  12.2,  11.9,  13.3,  15.0,  16.4,  15.4,  76.2,  73.9,  72.9,  74.8,  73.6,  75.7,  79.1,  84.7,  86.0,  86.4,  85.8,  83.9,  77.5,  78.7,  79.6,  79.0,  79.9,  77.1,  77.6,  76.9,  381.1,  387.1,  394.8,  400.1,  398.6,  394.1,  384.6,  374.0,  373.4,  379.7,  390.7,  397.9,  398.1,  393.2,  386.5,  380.5,  378.9,  348.5,  340.4,  334.3,  330.2,  325.3,  325.0,  330.4,  334.5,  337.6,  341.7,  328.1,  324.3,  320.0,  316.5,  333.3,  330.2,  328.5,  331.0,  334.2,  343.3,  339.8,  338.8,  338.0,  337.9,  338.8,  339.0,  338.6,  339.3,  341.9,  339.1,  338.2,  355.8,  343.6,  338.9,  338.4,  338.8,  345.0,  357.3,  343.5,  335.9,  333.9,  335.1,  341.7,  353.3,  341.2,  340.5,  341.4,  354.0,  335.9,  334.3,  335.6,  2.500,  0.282,  0.027,  0.088,  761.698,  480.161,  -15.999,  4.010,  -14.545,  1.277,  -13.672,  13.694,  -2.073,  -6.456,  -7.570,  -9.182,  -14.095,  7.469,  -1.302,  -7.702,  -0.497,  -2.998,  -8.704,  -4.008,  -1.993,  -4.812,  7.652,  -2.108,  2.630,  -3.321,  -3.803,  4.883,  1.615,  -1.147,  0.754,  -0.566,  0.235,  -0.228,  0.063,  -0.320, 0.00, 0.00, 0.70, 0.00, 0.00, 0.87, 0.00, 0.00, 1.32, 0.85, 0.00, 0.75, 0.17, 0.35, 0.00, 0.02, 0.00, 0.00, 0.00, 1.00, 0.00, 0.00, 1.00, 0.00, 0.00, 1.00, 1.00, 0.00, 1.00, 0.00, 1.00, 0.00, 0.00, 0.00, 1.00
108,  0,  3.570,  0.98,  1,  0.043345,  0.433573,  -0.900075,  -0.251312,  0.383061,  -0.888879,  -0.116,  0.428,  682.6,  687.3,  697.6,  707.3,  710.9,  706.7,  695.9,  686.2,  665.1,  672.6,  681.8,  693.1,  704.1,  712.6,  719.1,  712.4,  702.8,  691.8,  681.6,  672.5,  691.8,  696.2,  700.7,  702.8,  701.3,  696.9,  692.3,  690.2,  830.3,  835.4,  845.7,  855.1,  858.2,  853.0,  842.7,  832.6,  822.0,  828.0,  836.1,  846.8,  857.7,  866.8,  873.8,  866.0,  856.8,  846.8,  836.4,  827.7,  839.9,  843.9,  848.3,  850.5,  849.2,  845.2,  840.8,  838.6,  383.2,  373.7,  369.9,  374.0,  383.5,  393.5,  396.8,  392.8,  379.6,  379.6,  379.6,  379.5,  379.8,  380.0,  380.7,  385.1,  387.3,  388.0,  386.9,  384.3,  386.8,  388.7,  387.0,  382.7,  378.4,  376.6,  378.3,  382.6,  392.7,  384.0,  381.7,  387.1,  397.2,  405.9,  408.2,  403.1,  389.3,  388.9,  389.9,  391.7,  394.0,  395.7,  397.6,  400.4,  401.3,  400.7,  398.2,  394.3,  397.6,  399.9,  398.9,  395.2,  390.9,  388.6,  389.6,  393.3,  18.2,  20.2,  24.5,  28.8,  30.5,  28.8,  24.1,  19.9,  10.9,  14.0,  17.9,  22.6,  27.3,  31.1,  34.1,  31.1,  26.9,  22.1,  17.8,  14.0,  22.3,  24.2,  26.2,  27.0,  26.3,  24.4,  22.4,  21.6,  83.2,  84.9,  89.1,  93.3,  95.0,  93.3,  89.1,  84.7,  79.9,  82.0,  85.0,  89.4,  94.4,  98.9,  102.9,  98.9,  94.5,  89.9,  85.5,  82.1,  87.6,  89.4,  91.2,  92.0,  91.2,  89.4,  87.6,  86.9,  9.9,  5.8,  4.2,  6.0,  10.1,  14.5,  15.9,  14.1,  8.5,  8.4,  8.4,  8.3,  8.4,  8.6,  8.9,  10.8,  11.7,  12.0,  11.5,  10.5,  11.6,  12.4,  11.6,  9.8,  7.9,  7.1,  7.9,  9.7,  14.3,  10.4,  9.4,  11.8,  16.2,  20.1,  21.2,  18.9,  12.9,  12.6,  13.0,  13.7,  14.8,  15.6,  16.6,  17.7,  18.0,  17.7,  16.6,  15.0,  16.5,  17.5,  17.0,  15.4,  13.5,  12.5,  12.9,  14.6,  374.5,  373.0,  372.8,  374.1,  376.1,  378.0,  377.8,  376.5,  379.2,  375.8,  373.4,  372.2,  372.9,  375.0,  377.5,  375.8,  374.0,  373.6,  374.6,  376.6,  376.6,  377.2,  377.1,  376.4,  375.6,  375.0,  375.1,  375.7,  382.5,  380.4,  379.1,  379.4,  381.1,  383.2,  384.5,  384.6,  384.3,  381.6,  379.4,  378.4,  379.5,  381.8,  385.1,  382.9,  381.2,  380.3,  380.8,  382.6,  383.6,  383.7,  383.2,  382.3,  381.6,  381.5,  382.0,  382.9,  47.6,  48.3,  349.8,  0.131,  0.135,  0.069,  591.9,  587.3,  586.7,  591.4,  606.1,  631.3,  658.5,  692.5,  735.3,  780.5,  823.1,  860.8,  891.9,  914.2,  928.6,  940.5,  950.6,  630.4,  652.9,  681.8,  710.7,  738.0,  809.9,  841.0,  867.6,  894.7,  916.0,  770.2,  766.7,  763.1,  759.7,  719.8,  737.4,  757.0,  778.5,  797.8,  663.7,  683.3,  702.7,  720.2,  701.2,  682.2,  818.5,  838.1,  857.0,  873.8,  855.9,  837.7,  684.7,  716.2,  742.0,  757.1,  775.1,  798.0,  822.6,  795.9,  772.7,  754.2,  737.6,  712.7,  695.1,  740.1,  755.8,  774.0,  812.7,  773.2,  755.5,  739.8,  345.1,  394.9,  445.6,  496.6,  548.5,  596.1,  636.6,  668.8,  679.3,  672.8,  646.3,  611.3,  571.4,  526.4,  479.1,  432.0,  382.4,  332.9,  319.1,  316.6,  323.9,  335.5,  340.3,  335.2,  334.5,  340.6,  355.9,  381.0,  416.2,  451.6,  487.7,  494.8,  506.4,  516.0,  509.1,  501.3,  379.4,  377.6,  378.6,  382.6,  387.7,  387.1,  390.4,  390.0,  393.3,  397.6,  401.2,  398.5,  547.4,  548.0,  548.6,  553.8,  550.7,  552.5,  554.4,  576.3,  584.5,  586.8,  584.1,  574.8,  552.0,  561.9,  564.8,  562.8,  558.3,  561.6,  563.6,  560.9,  -21.0,  -23.4,  -24.2,  -22.3,  -15.5,  -3.9,  8.1,  22.5,  40.8,  61.2,  82.0,  100.7,  114.9,  123.5,  127.5,  130.3,  133.8,  -3.9,  5.0,  16.0,  26.8,  36.7,  63.6,  76.3,  87.3,  98.3,  107.6,  49.1,  47.3,  45.5,  43.8,  30.7,  37.1,  44.4,  52.9,  60.8,  9.3,  16.9,  24.4,  31.1,  23.7,  16.4,  69.4,  76.9,  84.3,  91.5,  83.9,  76.7,  18.3,  30.2,  40.0,  45.8,  52.9,  63.0,  75.1,  61.9,  51.6,  44.1,  37.8,  28.7,  22.4,  39.5,  45.6,  52.9,  70.4,  51.7,  44.7,  38.7,  -6.5,  15.5,  38.8,  62.8,  86.2,  106.6,  121.7,  132.2,  136.6,  136.2,  128.3,  114.6,  96.4,  74.9,  52.6,  31.2,  9.7,  -10.9,  -16.0,  -16.7,  -13.7,  -9.2,  -7.4,  -9.4,  -9.8,  -7.5,  -1.6,  7.9,  21.0,  33.8,  46.8,  51.8,  55.8,  59.2,  56.9,  54.4,  7.6,  6.8,  7.2,  8.8,  10.7,  10.6,  11.8,  11.6,  12.9,  14.7,  16.0,  14.9,  76.8,  74.6,  73.9,  75.8,  74.7,  76.7,  80.0,  85.8,  87.3,  87.6,  86.9,  84.8,  78.2,  79.6,  80.7,  80.0,  80.9,  78.3,  78.7,  78.0,  382.1,  388.6,  396.9,  402.4,  400.1,  395.0,  384.9,  374.7,  374.4,  381.0,  392.0,  399.1,  399.2,  394.0,  386.5,  379.4,  376.9,  349.9,  341.7,  335.8,  332.1,  327.4,  327.6,  332.2,  335.5,  337.7,  341.3,  329.9,  326.7,  323.1,  320.3,  336.3,  333.4,  331.9,  334.3,  337.2,  344.0,  341.1,  340.1,  339.7,  339.4,  340.2,  340.2,  339.4,  339.9,  342.3,  340.1,  339.3,  358.8,  347.4,  343.0,  342.4,  342.8,  348.6,  360.0,  347.2,  340.2,  338.1,  339.3,  345.5,  356.5,  345.1,  344.5,  345.3,  356.8,  339.9,  338.4,  339.5,  2.485,  0.292,  0.034,  0.088,  760.492,  480.051,  -25.604,  4.507,  -16.728,  -1.632,  -12.706,  16.642,  -0.992,  -7.096,  -4.757,  -7.624,  -13.950,  5.194,  -0.313,  -7.813,  -0.956,  -2.425,  -7.777,  -4.383,  -1.811,  -4.570,  7.748,  -3.193,  2.281,  -3.634,  -3.496,  5.142,  1.331,  -0.875,  0.645,  -0.624,  0.717,  -0.561,  0.421,  -0.123, 0.00, 0.00, 0.67, 0.00, 0.00, 0.95, 0.00, 0.00, 1.29, 0.84, 0.00, 0.79, 0.13, 0.32, 0.00, 0.08, 0.00, 0.00, 0.00, 1.00, 0.00, 0.00, 1.00, 0.00, 0.00, 1.00, 1.00, 0.00, 1.00, 0.00, 1.00, 0.00, 0.00, 0.00, 1.00
109,  0,  3.604,  0.98,  1,  0.032693,  0.420302,  -0.906795,  -0.291892,  0.354926,  -0.888159,  -0.143,  0.408,  681.1,  686.2,  696.7,  706.5,  709.7,  705.1,  694.0,  684.3,  664.7,  672.2,  681.4,  692.5,  703.5,  711.7,  717.5,  710.7,  701.1,  690.2,  680.3,  671.6,  690.3,  694.6,  699.2,  701.5,  700.1,  695.8,  691.1,  688.8,  827.0,  832.7,  843.4,  852.7,  855.3,  849.5,  838.8,  828.8,  819.5,  826.2,  835.0,  845.9,  856.6,  865.2,  871.5,  864.3,  855.4,  845.3,  834.8,  825.7,  836.2,  840.3,  845.0,  847.5,  846.4,  842.3,  837.6,  835.1,  380.7,  371.0,  367.5,  372.1,  382.2,  392.4,  395.4,  390.8,  377.7,  376.8,  376.8,  376.8,  377.4,  378.4,  380.2,  384.1,  385.8,  386.0,  384.6,  381.9,  385.0,  387.1,  385.5,  381.2,  376.7,  374.7,  376.2,  380.5,  390.1,  381.0,  378.7,  384.6,  395.2,  404.4,  406.6,  401.1,  388.8,  387.5,  387.6,  388.9,  391.2,  393.4,  396.0,  398.5,  399.3,  398.5,  396.2,  393.1,  395.7,  398.3,  397.3,  393.3,  388.6,  386.0,  387.0,  391.0,  17.7,  19.9,  24.4,  28.6,  30.2,  28.3,  23.5,  19.2,  10.8,  13.9,  17.8,  22.5,  27.3,  30.9,  33.6,  30.6,  26.3,  21.6,  17.3,  13.7,  21.8,  23.7,  25.7,  26.6,  26.0,  24.1,  22.1,  21.1,  80.3,  82.5,  86.9,  91.0,  92.3,  90.2,  85.8,  81.5,  77.5,  79.9,  83.2,  87.8,  92.6,  97.0,  100.6,  96.8,  92.4,  87.8,  83.3,  79.8,  84.6,  86.4,  88.3,  89.3,  88.7,  86.9,  84.9,  84.0,  8.9,  4.7,  3.2,  5.2,  9.6,  14.1,  15.4,  13.3,  7.7,  7.3,  7.2,  7.2,  7.5,  7.9,  8.8,  10.4,  11.1,  11.2,  10.6,  9.5,  10.8,  11.7,  11.1,  9.2,  7.2,  6.3,  7.0,  8.9,  12.9,  9.0,  8.0,  10.5,  15.1,  19.1,  20.1,  17.7,  12.4,  11.8,  11.8,  12.3,  13.4,  14.4,  15.7,  16.6,  16.9,  16.5,  15.5,  14.2,  15.4,  16.5,  16.1,  14.3,  12.3,  11.2,  11.6,  13.4,  376.9,  375.7,  375.7,  376.9,  378.6,  380.1,  379.7,  378.5,  381.0,  377.8,  375.6,  374.6,  375.5,  377.6,  380.1,  378.4,  376.5,  376.0,  377.0,  378.8,  378.9,  379.4,  379.4,  378.9,  378.2,  377.7,  377.6,  378.2,  376.1,  374.6,  373.8,  374.1,  375.3,  376.7,  377.5,  377.6,  377.6,  375.3,  373.5,  372.9,  374.2,  376.8,  380.2,  377.6,  375.4,  374.2,  374.5,  376.0,  377.2,  377.3,  377.0,  376.3,  375.8,  375.7,  376.0,  376.7,  47.0,  48.1,  349.6,  0.129,  0.133,  0.070,  590.5,  585.8,  585.3,  589.9,  604.4,  629.4,  656.9,  691.2,  734.1,  779.3,  821.8,  859.5,  890.4,  912.6,  927.0,  938.7,  948.2,  629.0,  651.5,  680.3,  709.1,  736.2,  808.9,  839.9,  866.5,  893.3,  913.9,  769.0,  765.5,  761.9,  758.4,  718.7,  736.2,  755.6,  776.9,  796.0,  662.7,  682.3,  701.9,  719.1,  700.2,  680.8,  816.8,  836.2,  855.4,  872.0,  854.4,  835.9,  683.3,  714.5,  740.4,  755.6,  773.7,  796.6,  820.9,  794.5,  771.3,  752.7,  736.0,  711.1,  693.6,  738.6,  754.4,  772.6,  811.0,  771.8,  754.0,  738.3,  344.6,  394.6,  445.7,  496.9,  548.8,  596.3,  636.4,  668.2,  678.8,  672.5,  646.1,  611.2,  571.4,  526.7,  479.6,  432.7,  383.3,  332.3,  318.6,  316.1,  323.5,  335.2,  340.2,  335.0,  334.3,  340.5,  356.0,  380.2,  415.6,  451.1,  487.4,  494.7,  506.2,  515.6,  508.9,  501.3,  377.5,  374.7,  376.1,  381.5,  386.3,  385.5,  389.2,  387.4,  390.6,  395.9,  399.7,  397.1,  547.5,  547.7,  548.1,  553.4,  550.4,  552.2,  554.5,  576.2,  584.4,  586.5,  583.7,  574.4,  551.9,  561.5,  564.5,  562.5,  558.4,  561.7,  563.6,  560.9,  -21.6,  -24.1,  -24.8,  -23.1,  -16.3,  -4.8,  7.4,  21.9,  40.2,  60.4,  81.1,  99.9,  114.1,  122.7,  126.7,  129.4,  132.7,  -4.4,  4.5,  15.5,  26.2,  36.0,  63.3,  76.0,  86.9,  97.8,  106.9,  48.6,  46.8,  45.0,  43.3,  30.3,  36.6,  43.8,  52.3,  60.1,  8.9,  16.4,  24.0,  30.7,  23.3,  15.9,  68.7,  76.0,  83.6,  90.7,  83.3,  75.9,  17.7,  29.6,  39.3,  45.2,  52.3,  62.4,  74.4,  61.3,  51.0,  43.6,  37.2,  28.1,  21.8,  38.9,  45.0,  52.3,  69.7,  51.2,  44.1,  38.2,  -6.7,  15.4,  38.9,  63.0,  86.3,  106.6,  121.5,  131.8,  136.0,  135.6,  127.7,  114.3,  96.3,  75.0,  52.8,  31.5,  10.0,  -11.1,  -16.1,  -16.8,  -13.9,  -9.3,  -7.4,  -9.5,  -9.9,  -7.5,  -1.6,  7.6,  20.8,  33.6,  46.6,  51.8,  55.7,  59.0,  56.8,  54.4,  6.9,  5.7,  6.2,  8.3,  10.2,  9.9,  11.4,  10.6,  11.9,  14.0,  15.4,  14.4,  76.9,  74.5,  73.7,  75.6,  74.5,  76.6,  80.0,  85.8,  87.2,  87.5,  86.8,  84.7,  78.2,  79.4,  80.4,  79.9,  80.9,  78.4,  78.7,  78.0,  382.4,  389.0,  397.1,  402.4,  400.1,  394.8,  384.7,  374.2,  373.3,  379.7,  390.7,  398.1,  398.6,  393.8,  386.3,  379.2,  376.6,  349.5,  341.4,  335.8,  332.1,  327.6,  328.1,  332.5,  335.7,  337.9,  341.5,  329.9,  326.6,  322.9,  320.1,  336.4,  333.2,  331.7,  334.0,  336.9,  343.6,  340.5,  339.6,  339.4,  339.0,  339.9,  340.2,  339.1,  339.6,  342.2,  339.9,  339.2,  358.8,  347.3,  342.7,  342.2,  342.6,  348.5,  359.9,  347.3,  340.2,  338.2,  339.4,  345.5,  356.5,  344.9,  344.3,  345.1,  356.8,  339.9,  338.4,  339.6,  2.486,  0.289,  0.035,  0.089,  759.034,  479.591,  -26.514,  5.616,  -16.565,  -1.543,  -12.401,  17.387,  -0.140,  -6.623,  -3.537,  -6.503,  -13.210,  5.948,  0.210,  -7.508,  -0.266,  -1.608,  -6.653,  -4.251,  -1.069,  -4.249,  7.232,  -3.247,  1.603,  -3.177,  -2.914,  4.907,  1.248,  -0.751,  0.677,  -0.512,  0.912,  -0.738,  0.594,  -0.017, 0.00, 0.00, 0.63, 0.00, 0.00, 0.98, 0.00, 0.00, 1.27, 0.81, 0.00, 0.78, 0.02, 0.41, 0.00, 0.08, 0.00, 0.00, 0.00, 1.00, 0.00, 0.00, 1.00, 0.00, 0.00, 1.00, 1.00, 0.00, 1.00, 0.00, 1.00, 0.00, 0.00, 0.00, 1.00
110,  0,  3.637,  0.98,  1,  0.015471,  0.410791,  -0.911598,  -0.261193,  0.326187,  -0.908504,  -0.134,  0.385,  679.5,  684.8,  695.6,  705.6,  708.9,  704.2,  692.8,  682.8,  663.5,  671.9,  681.3,  691.8,  702.2,  710.7,  716.9,  710.3,  700.7,  689.8,  679.6,  670.5,  688.6,  693.3,  698.3,  700.7,  699.2,  694.5,  689.5,  687.1,  824.6,  830.1,  841.4,  851.9,  855.3,  849.8,  838.5,  827.1,  815.3,  823.2,  832.9,  844.1,  854.4,  862.6,  869.2,  862.9,  854.6,  844.6,  833.4,  822.8,  834.4,  839.0,  844.0,  846.5,  844.9,  840.3,  835.4,  832.9,  378.7,  368.4,  365.0,  370.4,  381.4,  392.5,  395.1,  389.7,  376.0,  374.3,  373.8,  374.0,  375.3,  377.3,  379.7,  383.6,  384.4,  384.2,  382.8,  380.2,  384.6,  387.1,  385.5,  380.7,  375.6,  373.1,  374.7,  379.5,  388.8,  378.4,  375.2,  381.1,  392.6,  403.0,  406.2,  401.1,  388.6,  386.2,  385.1,  385.4,  387.7,  390.8,  395.0,  397.2,  397.5,  396.8,  395.1,  393.1,  395.5,  398.1,  396.6,  392.1,  387.0,  384.4,  385.8,  390.4,  16.7,  19.0,  23.6,  28.0,  29.4,  27.4,  22.5,  18.2,  10.1,  13.6,  17.5,  21.9,  26.4,  30.1,  33.0,  29.9,  25.7,  21.0,  16.8,  13.0,  20.7,  22.7,  24.9,  25.9,  25.2,  23.3,  21.1,  20.1,  74.6,  77.1,  81.8,  86.1,  87.3,  84.7,  80.0,  75.4,  71.0,  73.9,  77.7,  82.2,  86.7,  90.7,  94.2,  90.7,  86.6,  82.1,  77.6,  73.6,  78.7,  80.6,  82.7,  83.8,  83.3,  81.4,  79.3,  78.2,  7.9,  3.6,  2.1,  4.4,  9.1,  13.9,  14.9,  12.6,  6.9,  6.1,  5.9,  5.9,  6.5,  7.4,  8.4,  10.1,  10.4,  10.2,  9.7,  8.6,  10.5,  11.5,  10.9,  8.8,  6.7,  5.6,  6.3,  8.3,  11.6,  7.4,  6.2,  8.6,  13.2,  17.4,  18.6,  16.6,  11.6,  10.6,  10.1,  10.2,  11.2,  12.5,  14.4,  15.1,  15.1,  14.8,  14.1,  13.3,  14.4,  15.4,  14.9,  13.0,  11.0,  9.9,  10.5,  12.3,  371.2,  371.5,  372.1,  372.8,  373.0,  373.0,  372.0,  371.4,  375.1,  372.4,  370.6,  370.0,  370.9,  372.8,  375.1,  372.8,  370.6,  369.8,  370.6,  372.5,  372.7,  372.9,  373.2,  373.4,  373.3,  373.0,  372.7,  372.6,  353.4,  354.6,  355.5,  355.5,  354.7,  353.4,  352.5,  352.7,  354.2,  353.1,  352.3,  352.5,  354.0,  356.5,  359.5,  356.0,  353.1,  351.2,  351.0,  352.3,  354.2,  354.2,  354.6,  355.1,  355.5,  355.5,  355.1,  354.6,  46.3,  47.6,  348.4,  0.122,  0.132,  0.073,  589.4,  584.4,  584.0,  588.7,  603.0,  627.5,  655.2,  689.8,  733.0,  778.0,  820.3,  857.7,  888.5,  910.6,  925.1,  936.7,  945.9,  628.0,  650.6,  679.3,  708.1,  735.1,  807.0,  838.0,  865.1,  892.1,  912.1,  767.5,  764.0,  760.5,  757.1,  717.6,  735.1,  754.2,  775.3,  794.2,  661.8,  681.4,  701.5,  718.7,  699.7,  679.8,  814.2,  833.9,  853.5,  870.2,  852.8,  833.8,  682.0,  712.9,  738.9,  754.0,  772.0,  795.0,  819.4,  793.0,  769.8,  751.2,  734.6,  709.7,  692.3,  737.0,  752.7,  771.0,  809.5,  770.3,  752.4,  736.8,  344.1,  394.2,  445.8,  497.1,  548.6,  595.7,  635.5,  667.2,  678.0,  672.2,  646.3,  611.8,  572.1,  527.5,  480.4,  433.4,  384.0,  332.2,  318.2,  315.7,  323.1,  335.1,  339.9,  334.2,  333.2,  339.8,  356.0,  379.2,  414.6,  450.0,  486.2,  494.4,  505.5,  514.7,  508.3,  500.8,  375.9,  372.0,  373.7,  380.7,  385.2,  384.2,  388.5,  384.8,  387.7,  394.1,  398.4,  396.0,  546.9,  547.0,  547.2,  552.5,  549.6,  551.7,  554.3,  575.7,  583.6,  585.5,  582.6,  573.2,  551.3,  560.5,  563.5,  561.7,  558.0,  561.3,  563.0,  560.2,  -22.2,  -24.7,  -25.4,  -23.5,  -16.9,  -5.6,  6.7,  21.2,  39.5,  59.6,  80.2,  98.8,  113.1,  121.9,  126.2,  129.0,  132.2,  -4.8,  4.1,  15.1,  25.8,  35.5,  62.4,  75.0,  86.2,  97.4,  106.5,  48.0,  46.1,  44.3,  42.6,  29.8,  36.1,  43.1,  51.4,  59.1,  8.6,  16.1,  23.8,  30.5,  23.1,  15.4,  67.6,  75.0,  82.7,  89.9,  82.5,  75.0,  17.2,  28.8,  38.5,  44.3,  51.4,  61.5,  73.6,  60.5,  50.2,  42.8,  36.5,  27.4,  21.2,  38.1,  44.1,  51.4,  68.9,  50.4,  43.3,  37.4,  -7.0,  15.2,  38.9,  62.9,  86.0,  106.2,  121.0,  131.0,  135.1,  134.8,  127.3,  114.3,  96.5,  75.4,  53.3,  31.9,  10.4,  -11.1,  -16.3,  -17.0,  -14.0,  -9.3,  -7.5,  -9.8,  -10.3,  -7.8,  -1.6,  7.2,  20.3,  33.1,  45.9,  51.5,  55.2,  58.4,  56.3,  54.0,  6.2,  4.7,  5.3,  8.0,  9.8,  9.4,  11.1,  9.6,  10.7,  13.3,  14.9,  13.9,  76.5,  73.9,  73.0,  74.9,  73.8,  76.0,  79.7,  85.2,  86.5,  86.7,  86.0,  83.9,  77.7,  78.7,  79.6,  79.1,  80.5,  77.9,  78.2,  77.4,  383.4,  389.3,  396.5,  401.2,  399.0,  394.0,  384.2,  373.3,  371.8,  377.8,  389.2,  397.1,  398.2,  394.1,  387.3,  380.5,  378.2,  349.3,  341.1,  335.4,  331.4,  326.9,  326.9,  331.3,  335.0,  338.0,  342.3,  329.1,  325.5,  321.5,  318.2,  335.3,  331.9,  330.1,  332.5,  335.6,  343.4,  340.0,  339.0,  339.0,  338.6,  339.5,  339.5,  338.3,  338.9,  341.6,  339.1,  338.4,  358.0,  345.8,  341.0,  340.4,  340.7,  346.9,  358.8,  345.7,  338.4,  336.6,  337.9,  344.3,  355.6,  343.3,  342.5,  343.3,  355.6,  338.4,  337.0,  338.3,  2.492,  0.280,  0.033,  0.090,  757.565,  478.908,  -22.310,  4.949,  -14.842,  0.311,  -11.876,  17.675,  1.457,  -6.180,  -3.799,  -5.479,  -12.923,  6.069,  -0.509,  -7.348,  0.676,  -0.804,  -5.022,  -3.383,  -0.648,  -4.157,  6.883,  -3.091,  1.231,  -2.754,  -2.174,  4.102,  1.265,  -0.448,  0.506,  -0.453,  1.082,  -0.705,  0.564,  0.034, 0.00, 0.00, 0.58, 0.00, 0.00, 0.88, 0.00, 0.00, 1.27, 0.80, 0.00, 0.74, 0.00, 0.59, 0.00, 0.00, 0.00, 0.00, 0.00, 1.00, 0.00, 0.00, 0.00, 0.00, 0.00, 1.00, 1.00, 0.00, 1.00, 0.00, 1.00, 0.00, 0.00, 0.00, 1.00
