frame, face_id, timestamp, confidence, success, gaze_0_x, gaze_0_y, gaze_0_z, gaze_1_x, gaze_1_y, gaze_1_z, gaze_angle_x, gaze_angle_y, eye_lmk_x_0, eye_lmk_x_1, eye_lmk_x_2, eye_lmk_x_3, eye_lmk_x_4, eye_lmk_x_5, eye_lmk_x_6, eye_lmk_x_7, eye_lmk_x_8, eye_lmk_x_9, eye_lmk_x_10, eye_lmk_x_11, eye_lmk_x_12, eye_lmk_x_13, eye_lmk_x_14, eye_lmk_x_15, eye_lmk_x_16, eye_lmk_x_17, eye_lmk_x_18, eye_lmk_x_19, eye_lmk_x_20, eye_lmk_x_21, eye_lmk_x_22, eye_lmk_x_23, eye_lmk_x_24, eye_lmk_x_25, eye_lmk_x_26, eye_lmk_x_27, eye_lmk_x_28, eye_lmk_x_29, eye_lmk_x_30, eye_lmk_x_31, eye_lmk_x_32, eye_lmk_x_33, eye_lmk_x_34, eye_lmk_x_35, eye_lmk_x_36, eye_lmk_x_37, eye_lmk_x_38, eye_lmk_x_39, eye_lmk_x_40, eye_lmk_x_41, eye_lmk_x_42, eye_lmk_x_43, eye_lmk_x_44, eye_lmk_x_45, eye_lmk_x_46, eye_lmk_x_47, eye_lmk_x_48, eye_lmk_x_49, eye_lmk_x_50, eye_lmk_x_51, eye_lmk_x_52, eye_lmk_x_53, eye_lmk_x_54, eye_lmk_x_55, eye_lmk_y_0, eye_lmk_y_1, eye_lmk_y_2, eye_lmk_y_3, eye_lmk_y_4, eye_lmk_y_5, eye_lmk_y_6, eye_lmk_y_7, eye_lmk_y_8, eye_lmk_y_9, eye_lmk_y_10, eye_lmk_y_11, eye_lmk_y_12, eye_lmk_y_13, eye_lmk_y_14, eye_lmk_y_15, eye_lmk_y_16, eye_lmk_y_17, eye_lmk_y_18, eye_lmk_y_19, eye_lmk_y_20, eye_lmk_y_21, eye_lmk_y_22, eye_lmk_y_23, eye_lmk_y_24, eye_lmk_y_25, eye_lmk_y_26, eye_lmk_y_27, eye_lmk_y_28, eye_lmk_y_29, eye_lmk_y_30, eye_lmk_y_31, eye_lmk_y_32, eye_lmk_y_33, eye_lmk_y_34, eye_lmk_y_35, eye_lmk_y_36, eye_lmk_y_37, eye_lmk_y_38, eye_lmk_y_39, eye_lmk_y_40, eye_lmk_y_41, eye_lmk_y_42, eye_lmk_y_43, eye_lmk_y_44, eye_lmk_y_45, eye_lmk_y_46, eye_lmk_y_47, eye_lmk_y_48, eye_lmk_y_49, eye_lmk_y_50, eye_lmk_y_51, eye_lmk_y_52, eye_lmk_y_53, eye_lmk_y_54, eye_lmk_y_55, eye_lmk_X_0, eye_lmk_X_1, eye_lmk_X_2, eye_lmk_X_3, eye_lmk_X_4, eye_lmk_X_5, eye_lmk_X_6, eye_lmk_X_7, eye_lmk_X_8, eye_lmk_X_9, eye_lmk_X_10, eye_lmk_X_11, eye_lmk_X_12, eye_lmk_X_13, eye_lmk_X_14, eye_lmk_X_15, eye_lmk_X_16, eye_lmk_X_17, eye_lmk_X_18, eye_lmk_X_19, eye_lmk_X_20, eye_lmk_X_21, eye_lmk_X_22, eye_lmk_X_23, eye_lmk_X_24, eye_lmk_X_25, eye_lmk_X_26, eye_lmk_X_27, eye_lmk_X_28, eye_lmk_X_29, eye_lmk_X_30, eye_lmk_X_31, eye_lmk_X_32, eye_lmk_X_33, eye_lmk_X_34, eye_lmk_X_35, eye_lmk_X_36, eye_lmk_X_37, eye_lmk_X_38, eye_lmk_X_39, eye_lmk_X_40, eye_lmk_X_41, eye_lmk_X_42, eye_lmk_X_43, eye_lmk_X_44, eye_lmk_X_45, eye_lmk_X_46, eye_lmk_X_47, eye_lmk_X_48, eye_lmk_X_49, eye_lmk_X_50, eye_lmk_X_51, eye_lmk_X_52, eye_lmk_X_53, eye_lmk_X_54, eye_lmk_X_55, eye_lmk_Y_0, eye_lmk_Y_1, eye_lmk_Y_2, eye_lmk_Y_3, eye_lmk_Y_4, eye_lmk_Y_5, eye_lmk_Y_6, eye_lmk_Y_7, eye_lmk_Y_8, eye_lmk_Y_9, eye_lmk_Y_10, eye_lmk_Y_11, eye_lmk_Y_12, eye_lmk_Y_13, eye_lmk_Y_14, eye_lmk_Y_15, eye_lmk_Y_16, eye_lmk_Y_17, eye_lmk_Y_18, eye_lmk_Y_19, eye_lmk_Y_20, eye_lmk_Y_21, eye_lmk_Y_22, eye_lmk_Y_23, eye_lmk_Y_24, eye_lmk_Y_25, eye_lmk_Y_26, eye_lmk_Y_27, eye_lmk_Y_28, eye_lmk_Y_29, eye_lmk_Y_30, eye_lmk_Y_31, eye_lmk_Y_32, eye_lmk_Y_33, eye_lmk_Y_34, eye_lmk_Y_35, eye_lmk_Y_36, eye_lmk_Y_37, eye_lmk_Y_38, eye_lmk_Y_39, eye_lmk_Y_40, eye_lmk_Y_41, eye_lmk_Y_42, eye_lmk_Y_43, eye_lmk_Y_44, eye_lmk_Y_45, eye_lmk_Y_46, eye_lmk_Y_47, eye_lmk_Y_48, eye_lmk_Y_49, eye_lmk_Y_50, eye_lmk_Y_51, eye_lmk_Y_52, eye_lmk_Y_53, eye_lmk_Y_54, eye_lmk_Y_55, eye_lmk_Z_0, eye_lmk_Z_1, eye_lmk_Z_2, eye_lmk_Z_3, eye_lmk_Z_4, eye_lmk_Z_5, eye_lmk_Z_6, eye_lmk_Z_7, eye_lmk_Z_8, eye_lmk_Z_9, eye_lmk_Z_10, eye_lmk_Z_11, eye_lmk_Z_12, eye_lmk_Z_13, eye_lmk_Z_14, eye_lmk_Z_15, eye_lmk_Z_16, eye_lmk_Z_17, eye_lmk_Z_18, eye_lmk_Z_19, eye_lmk_Z_20, eye_lmk_Z_21, eye_lmk_Z_22, eye_lmk_Z_23, eye_lmk_Z_24, eye_lmk_Z_25, eye_lmk_Z_26, eye_lmk_Z_27, eye_lmk_Z_28, eye_lmk_Z_29, eye_lmk_Z_30, eye_lmk_Z_31, eye_lmk_Z_32, eye_lmk_Z_33, eye_lmk_Z_34, eye_lmk_Z_35, eye_lmk_Z_36, eye_lmk_Z_37, eye_lmk_Z_38, eye_lmk_Z_39, eye_lmk_Z_40, eye_lmk_Z_41, eye_lmk_Z_42, eye_lmk_Z_43, eye_lmk_Z_44, eye_lmk_Z_45, eye_lmk_Z_46, eye_lmk_Z_47, eye_lmk_Z_48, eye_lmk_Z_49, eye_lmk_Z_50, eye_lmk_Z_51, eye_lmk_Z_52, eye_lmk_Z_53, eye_lmk_Z_54, eye_lmk_Z_55, pose_Tx, pose_Ty, pose_Tz, pose_Rx, pose_Ry, pose_Rz, x_0, x_1, x_2, x_3, x_4, x_5, x_6, x_7, x_8, x_9, x_10, x_11, x_12, x_13, x_14, x_15, x_16, x_17, x_18, x_19, x_20, x_21, x_22, x_23, x_24, x_25, x_26, x_27, x_28, x_29, x_30, x_31, x_32, x_33, x_34, x_35, x_36, x_37, x_38, x_39, x_40, x_41, x_42, x_43, x_44, x_45, x_46, x_47, x_48, x_49, x_50, x_51, x_52, x_53, x_54, x_55, x_56, x_57, x_58, x_59, x_60, x_61, x_62, x_63, x_64, x_65, x_66, x_67, y_0, y_1, y_2, y_3, y_4, y_5, y_6, y_7, y_8, y_9, y_10, y_11, y_12, y_13, y_14, y_15, y_16, y_17, y_18, y_19, y_20, y_21, y_22, y_23, y_24, y_25, y_26, y_27, y_28, y_29, y_30, y_31, y_32, y_33, y_34, y_35, y_36, y_37, y_38, y_39, y_40, y_41, y_42, y_43, y_44, y_45, y_46, y_47, y_48, y_49, y_50, y_51, y_52, y_53, y_54, y_55, y_56, y_57, y_58, y_59, y_60, y_61, y_62, y_63, y_64, y_65, y_66, y_67, X_0, X_1, X_2, X_3, X_4, X_5, X_6, X_7, X_8, X_9, X_10, X_11, X_12, X_13, X_14, X_15, X_16, X_17, X_18, X_19, X_20, X_21, X_22, X_23, X_24, X_25, X_26, X_27, X_28, X_29, X_30, X_31, X_32, X_33, X_34, X_35, X_36, X_37, X_38, X_39, X_40, X_41, X_42, X_43, X_44, X_45, X_46, X_47, X_48, X_49, X_50, X_51, X_52, X_53, X_54, X_55, X_56, X_57, X_58, X_59, X_60, X_61, X_62, X_63, X_64, X_65, X_66, X_67, Y_0, Y_1, Y_2, Y_3, Y_4, Y_5, Y_6, Y_7, Y_8, Y_9, Y_10, Y_11, Y_12, Y_13, Y_14, Y_15, Y_16, Y_17, Y_18, Y_19, Y_20, Y_21, Y_22, Y_23, Y_24, Y_25, Y_26, Y_27, Y_28, Y_29, Y_30, Y_31, Y_32, Y_33, Y_34, Y_35, Y_36, Y_37, Y_38, Y_39, Y_40, Y_41, Y_42, Y_43, Y_44, Y_45, Y_46, Y_47, Y_48, Y_49, Y_50, Y_51, Y_52, Y_53, Y_54, Y_55, Y_56, Y_57, Y_58, Y_59, Y_60, Y_61, Y_62, Y_63, Y_64, Y_65, Y_66, Y_67, Z_0, Z_1, Z_2, Z_3, Z_4, Z_5, Z_6, Z_7, Z_8, Z_9, Z_10, Z_11, Z_12, Z_13, Z_14, Z_15, Z_16, Z_17, Z_18, Z_19, Z_20, Z_21, Z_22, Z_23, Z_24, Z_25, Z_26, Z_27, Z_28, Z_29, Z_30, Z_31, Z_32, Z_33, Z_34, Z_35, Z_36, Z_37, Z_38, Z_39, Z_40, Z_41, Z_42, Z_43, Z_44, Z_45, Z_46, Z_47, Z_48, Z_49, Z_50, Z_51, Z_52, Z_53, Z_54, Z_55, Z_56, Z_57, Z_58, Z_59, Z_60, Z_61, Z_62, Z_63, Z_64, Z_65, Z_66, Z_67, p_scale, p_rx, p_ry, p_rz, p_tx, p_ty, p_0, p_1, p_2, p_3, p_4, p_5, p_6, p_7, p_8, p_9, p_10, p_11, p_12, p_13, p_14, p_15, p_16, p_17, p_18, p_19, p_20, p_21, p_22, p_23, p_24, p_25, p_26, p_27, p_28, p_29, p_30, p_31, p_32, p_33, AU01_r, AU02_r, AU04_r, AU05_r, AU06_r, AU07_r, AU09_r, AU10_r, AU12_r, AU14_r, AU15_r, AU17_r, AU20_r, AU23_r, AU25_r, AU26_r, AU45_r, AU01_c, AU02_c, AU04_c, AU05_c, AU06_c, AU07_c, AU09_c, AU10_c, AU12_c, AU14_c, AU15_c, AU17_c, AU20_c, AU23_c, AU25_c, AU26_c, AU28_c, AU45_c
1,  0,  0.000,  0.98,  1,  0.109409,  0.207928,  -0.972006,  -0.098366,  0.236198,  -0.966713,  0.006,  0.225,  560.8,  565.0,  575.2,  585.3,  589.6,  586.2,  575.3,  565.1,  548.5,  554.0,  563.2,  575.2,  587.3,  595.4,  600.7,  593.8,  584.1,  573.2,  563.1,  554.5,  570.8,  575.4,  580.1,  582.0,  580.0,  575.4,  570.7,  568.8,  704.7,  709.1,  719.4,  729.6,  733.7,  729.4,  719.1,  708.1,  696.6,  703.9,  713.3,  724.5,  734.7,  742.6,  747.5,  741.3,  733.0,  723.0,  712.8,  703.4,  713.9,  719.0,  724.1,  726.3,  724.2,  719.2,  714.0,  711.9,  357.6,  347.2,  342.9,  347.3,  357.6,  368.7,  372.3,  368.0,  361.6,  355.8,  352.5,  350.8,  352.9,  357.7,  364.5,  367.0,  367.9,  368.2,  367.3,  365.2,  362.2,  364.2,  362.2,  357.5,  352.8,  350.8,  352.8,  357.5,  361.9,  351.6,  347.3,  351.4,  361.6,  371.9,  376.2,  372.7,  365.7,  359.5,  355.5,  354.2,  356.1,  359.5,  364.5,  369.0,  371.5,  372.1,  371.0,  369.1,  366.6,  368.7,  366.5,  361.4,  356.3,  354.2,  356.4,  361.5,  -32.2,  -30.5,  -26.3,  -22.2,  -20.5,  -21.9,  -26.3,  -30.5,  -37.8,  -35.2,  -31.2,  -26.2,  -21.4,  -18.1,  -16.1,  -18.8,  -22.7,  -27.1,  -31.3,  -35.1,  -28.2,  -26.3,  -24.4,  -23.6,  -24.4,  -26.3,  -28.2,  -29.0,  26.4,  28.1,  32.3,  36.5,  38.3,  36.5,  32.3,  27.8,  23.1,  26.0,  29.7,  34.2,  38.6,  42.2,  44.6,  41.8,  38.1,  33.8,  29.6,  25.9,  30.2,  32.3,  34.4,  35.3,  34.4,  32.3,  30.2,  29.3,  -1.0,  -5.2,  -6.9,  -5.2,  -1.0,  3.5,  5.0,  3.2,  0.7,  -1.7,  -3.1,  -3.7,  -2.9,  -0.9,  1.9,  2.8,  3.2,  3.3,  3.0,  2.1,  0.9,  1.7,  0.9,  -1.0,  -2.9,  -3.7,  -3.0,  -1.0,  0.8,  -3.4,  -5.2,  -3.5,  0.6,  4.8,  6.6,  5.2,  2.3,  -0.2,  -1.8,  -2.3,  -1.6,  -0.2,  1.8,  3.7,  4.7,  4.9,  4.5,  3.7,  2.7,  3.5,  2.7,  0.6,  -1.5,  -2.4,  -1.5,  0.6,  356.2,  355.7,  355.2,  355.0,  355.2,  356.0,  356.2,  356.4,  361.0,  358.0,  355.2,  353.7,  354.4,  356.1,  358.0,  356.7,  355.3,  355.2,  356.5,  358.7,  356.9,  356.8,  356.6,  356.3,  356.2,  356.3,  356.5,  356.8,  356.2,  355.6,  355.6,  356.2,  357.1,  357.6,  357.6,  357.3,  358.1,  356.1,  354.8,  354.8,  356.7,  360.1,  363.4,  360.7,  358.2,  356.6,  356.3,  357.1,  357.6,  357.9,  358.0,  357.7,  357.3,  357.0,  356.9,  357.2,  2.5,  39.6,  366.5,  0.113,  -0.086,  0.044,  463.2,  464.3,  468.8,  475.8,  493.1,  520.4,  553.4,  596.1,  641.2,  681.0,  714.6,  742.8,  766.6,  782.9,  793.3,  802.4,  807.9,  501.2,  525.6,  559.0,  592.5,  623.8,  681.2,  713.5,  743.6,  772.6,  790.9,  652.8,  653.9,  655.0,  655.9,  615.1,  633.0,  650.8,  668.9,  685.4,  545.3,  564.2,  585.7,  602.9,  584.9,  563.7,  694.4,  712.6,  733.2,  748.9,  733.6,  713.9,  579.3,  608.5,  631.5,  649.5,  669.6,  690.8,  709.8,  691.9,  671.4,  650.6,  631.5,  607.6,  591.0,  630.8,  649.0,  669.3,  700.3,  669.8,  649.9,  631.4,  336.8,  384.1,  430.6,  476.0,  522.0,  564.1,  601.3,  630.9,  639.8,  632.2,  607.7,  575.4,  537.0,  493.2,  446.3,  398.8,  348.7,  334.0,  316.9,  314.5,  321.8,  332.9,  334.2,  322.7,  318.5,  323.1,  339.4,  363.2,  389.2,  415.8,  443.9,  465.6,  472.8,  478.6,  473.3,  466.9,  361.3,  352.6,  352.2,  362.7,  368.6,  368.9,  365.5,  354.9,  356.0,  364.9,  371.8,  371.2,  530.2,  524.0,  520.7,  525.6,  521.9,  525.1,  531.3,  546.3,  553.0,  554.6,  552.3,  545.0,  531.5,  532.7,  535.1,  532.9,  532.4,  534.6,  536.4,  533.6,  -81.5,  -81.8,  -80.5,  -77.6,  -68.7,  -55.3,  -39.3,  -19.4,  0.5,  18.4,  34.8,  49.3,  61.3,  68.9,  73.0,  76.1,  78.3,  -58.6,  -47.0,  -32.7,  -19.0,  -6.4,  16.6,  30.0,  43.2,  56.4,  66.0,  5.1,  5.5,  5.8,  6.1,  -10.1,  -2.8,  4.3,  11.7,  18.5,  -39.3,  -31.3,  -22.5,  -15.4,  -22.8,  -31.5,  22.8,  30.5,  39.4,  46.6,  39.6,  31.1,  -25.9,  -13.0,  -3.5,  3.9,  12.2,  21.4,  30.4,  21.8,  12.9,  4.3,  -3.5,  -13.5,  -20.8,  -3.8,  3.7,  12.1,  26.0,  12.3,  4.0,  -3.5,  -10.7,  11.2,  33.2,  54.8,  75.7,  94.3,  109.3,  119.7,  122.9,  122.3,  115.6,  103.3,  85.8,  64.2,  41.1,  18.2,  -5.3,  -11.0,  -17.7,  -18.4,  -15.3,  -10.8,  -10.4,  -15.3,  -17.3,  -15.7,  -9.0,  1.3,  11.5,  21.7,  32.2,  42.7,  45.3,  47.5,  45.8,  43.6,  0.6,  -3.1,  -3.2,  1.1,  3.6,  3.7,  2.3,  -2.1,  -1.7,  2.1,  5.0,  4.7,  72.7,  67.7,  65.9,  68.0,  66.7,  69.5,  74.5,  78.3,  79.5,  79.7,  78.8,  76.9,  72.7,  71.0,  72.0,  71.5,  74.2,  71.8,  72.2,  71.1,  403.2,  407.1,  411.3,  413.3,  409.0,  404.4,  396.5,  386.5,  384.5,  393.1,  408.5,  419.8,  424.1,  421.9,  416.4,  410.1,  408.0,  369.3,  359.3,  353.1,  349.7,  347.8,  351.4,  357.6,  364.5,  372.3,  382.9,  349.1,  344.7,  339.7,  335.3,  353.8,  351.8,  350.5,  353.2,  356.5,  363.3,  361.3,  361.9,  363.8,  361.7,  361.6,  367.0,  367.1,  369.8,  374.5,  370.6,  368.1,  373.7,  361.1,  358.8,  359.1,  360.3,  368.3,  380.8,  368.0,  360.4,  358.2,  358.7,  363.7,  371.1,  359.6,  359.9,  361.7,  376.7,  359.9,  358.0,  358.4,  2.349,  0.230,  -0.097,  0.046,  645.726,  454.435,  -10.129,  8.173,  -12.883,  -0.638,  -8.089,  8.281,  -5.333,  -3.666,  21.011,  -4.831,  -11.519,  -1.737,  -8.483,  -2.698,  -4.063,  7.155,  -1.684,  -2.624,  -1.507,  -7.124,  -0.553,  -2.108,  -2.701,  -3.853,  1.046,  0.924,  -1.537,  -0.052,  -0.052,  -0.434,  -0.131,  -0.825,  0.383,  0.088, 0.00, 0.00, 0.00, 0.00, 0.00, 0.00, 0.00, 0.00, 0.00, 0.46, 0.43, 1.46, 0.50, 0.66, 0.00, 0.00, 0.00, 0.00, 0.00, 0.00, 1.00, 0.00, 0.00, 0.00, 0.00, 0.00, 1.00, 1.00, 1.00, 1.00, 1.00, 0.00, 0.00, 0.00, 0.00
2,  0,  0.033,  0.98,  1,  0.112992,  0.222977,  -0.968253,  -0.089139,  0.242066,  -0.966156,  0.012,  0.236,  561.7,  565.9,  576.2,  586.4,  590.6,  587.1,  576.1,  565.9,  549.3,  555.3,  564.5,  576.4,  588.1,  596.2,  601.5,  594.4,  584.7,  573.8,  563.8,  555.3,  571.4,  576.3,  581.2,  583.3,  581.2,  576.3,  571.4,  569.4,  705.6,  709.9,  720.2,  730.3,  734.4,  730.1,  719.8,  709.0,  697.3,  704.0,  713.0,  724.2,  734.8,  743.3,  748.7,  742.2,  733.6,  723.6,  713.4,  704.0,  715.0,  719.9,  724.8,  726.9,  724.9,  720.0,  715.1,  713.0,  357.9,  347.4,  343.0,  347.3,  357.7,  369.0,  372.6,  368.3,  361.5,  355.8,  352.4,  350.8,  353.2,  357.9,  364.4,  367.0,  367.8,  367.9,  367.0,  365.1,  363.0,  365.0,  362.9,  357.9,  352.9,  350.9,  352.9,  358.0,  362.7,  352.5,  348.3,  352.6,  362.8,  373.1,  377.3,  373.6,  366.6,  360.6,  356.7,  355.4,  357.3,  360.6,  365.5,  369.9,  372.3,  373.0,  372.0,  370.1,  367.5,  369.5,  367.5,  362.5,  357.6,  355.5,  357.5,  362.5,  -32.0,  -30.3,  -26.1,  -21.9,  -20.2,  -21.6,  -26.1,  -30.3,  -37.6,  -34.8,  -30.8,  -25.9,  -21.1,  -17.9,  -15.8,  -18.7,  -22.6,  -27.0,  -31.2,  -34.8,  -28.1,  -26.1,  -24.1,  -23.2,  -24.1,  -26.1,  -28.1,  -28.9,  27.0,  28.7,  32.9,  37.1,  38.9,  37.1,  32.9,  28.4,  23.7,  26.3,  29.9,  34.4,  39.0,  42.8,  45.4,  42.4,  38.6,  34.3,  30.1,  26.4,  30.9,  33.0,  35.0,  35.9,  35.0,  33.0,  30.9,  30.1,  -0.9,  -5.2,  -6.9,  -5.2,  -0.9,  3.7,  5.1,  3.4,  0.6,  -1.7,  -3.1,  -3.7,  -2.8,  -0.9,  1.8,  2.9,  3.2,  3.2,  2.9,  2.1,  1.2,  2.1,  1.2,  -0.9,  -2.9,  -3.7,  -2.9,  -0.8,  1.1,  -3.1,  -4.8,  -3.1,  1.2,  5.4,  7.1,  5.6,  2.7,  0.2,  -1.4,  -1.9,  -1.1,  0.2,  2.3,  4.1,  5.1,  5.3,  4.9,  4.2,  3.1,  3.9,  3.1,  1.0,  -1.0,  -1.9,  -1.0,  1.0,  358.1,  358.1,  357.8,  357.4,  357.1,  357.4,  357.4,  357.8,  362.6,  359.8,  357.3,  356.0,  356.5,  357.9,  359.4,  357.9,  356.5,  356.4,  357.7,  359.9,  358.5,  358.4,  358.2,  358.2,  358.4,  358.6,  358.7,  358.7,  359.8,  359.2,  359.0,  359.4,  360.2,  360.8,  360.9,  360.9,  361.8,  359.7,  358.2,  357.8,  359.5,  362.5,  365.7,  363.2,  360.9,  359.5,  359.5,  360.6,  361.1,  361.3,  361.2,  360.9,  360.6,  360.4,  360.4,  360.7,  2.4,  39.8,  367.9,  0.118,  -0.093,  0.054,  464.0,  464.8,  469.1,  475.7,  492.6,  519.4,  551.9,  594.5,  639.3,  678.3,  711.3,  739.1,  763.3,  780.3,  791.4,  801.3,  807.9,  501.7,  526.5,  560.2,  593.9,  625.4,  682.6,  715.0,  745.0,  773.6,  791.7,  653.5,  654.6,  655.6,  656.4,  615.5,  633.2,  650.8,  668.8,  685.1,  546.2,  565.1,  586.5,  603.7,  585.8,  564.6,  695.0,  713.2,  733.8,  749.3,  734.0,  714.5,  579.0,  608.1,  630.7,  648.9,  669.3,  690.3,  708.5,  691.3,  671.1,  649.9,  630.6,  607.0,  590.8,  630.0,  648.4,  669.0,  699.2,  669.4,  649.2,  630.4,  334.8,  382.5,  428.9,  474.1,  520.1,  562.4,  600.0,  630.2,  639.5,  632.5,  608.9,  577.1,  538.7,  494.5,  447.0,  398.8,  347.9,  333.1,  315.9,  313.9,  321.2,  332.1,  333.8,  322.8,  319.0,  324.0,  340.3,  363.1,  388.7,  414.8,  442.5,  464.5,  471.7,  477.6,  472.5,  466.3,  361.2,  352.6,  352.2,  362.5,  368.5,  368.7,  366.2,  356.0,  357.2,  366.0,  373.0,  372.2,  530.0,  523.7,  520.5,  525.4,  522.0,  525.4,  532.0,  547.0,  553.7,  555.2,  552.7,  545.1,  531.3,  531.9,  534.5,  532.5,  533.0,  535.8,  537.5,  534.5,  -81.0,  -81.4,  -80.2,  -77.5,  -68.8,  -55.7,  -40.0,  -20.1,  -0.3,  17.3,  33.4,  47.8,  60.0,  67.9,  72.3,  75.9,  78.6,  -58.5,  -46.7,  -32.3,  -18.5,  -5.8,  17.1,  30.7,  43.9,  57.1,  66.7,  5.4,  5.8,  6.1,  6.3,  -9.9,  -2.8,  4.4,  11.7,  18.4,  -39.0,  -31.0,  -22.2,  -15.1,  -22.5,  -31.3,  23.1,  30.8,  39.8,  47.0,  40.0,  31.4,  -26.1,  -13.2,  -3.8,  3.7,  12.1,  21.2,  29.9,  21.7,  12.9,  4.1,  -3.9,  -13.8,  -20.9,  -4.1,  3.5,  12.0,  25.6,  12.2,  3.8,  -4.0,  -11.6,  10.4,  32.3,  53.8,  74.7,  93.4,  108.8,  119.6,  123.2,  122.9,  116.7,  104.6,  86.9,  65.1,  41.5,  18.2,  -5.7,  -11.4,  -18.1,  -18.7,  -15.5,  -11.1,  -10.5,  -15.3,  -17.1,  -15.4,  -8.7,  1.2,  11.3,  21.4,  31.7,  42.4,  45.1,  47.3,  45.6,  43.5,  0.5,  -3.1,  -3.2,  1.0,  3.5,  3.6,  2.6,  -1.7,  -1.2,  2.6,  5.5,  5.2,  72.8,  67.8,  66.1,  68.2,  67.0,  69.9,  75.1,  79.0,  80.2,  80.4,  79.4,  77.3,  72.9,  70.9,  72.1,  71.6,  74.7,  72.7,  73.0,  71.8,  402.8,  406.6,  410.7,  412.7,  408.3,  404.0,  396.6,  387.3,  385.8,  394.8,  410.4,  421.5,  425.6,  423.4,  417.8,  411.6,  409.5,  370.2,  360.1,  353.9,  350.4,  348.3,  352.0,  358.5,  365.6,  373.7,  384.6,  350.2,  345.8,  341.0,  336.7,  355.1,  353.2,  352.0,  354.7,  358.0,  364.2,  362.4,  363.1,  365.1,  363.0,  362.8,  368.2,  368.5,  371.2,  376.0,  372.1,  369.5,  374.6,  362.4,  360.5,  360.9,  362.2,  370.0,  382.1,  369.7,  362.5,  360.3,  360.5,  365.2,  372.2,  361.1,  361.5,  363.3,  378.0,  362.0,  360.0,  360.4,  2.342,  0.233,  -0.106,  0.056,  645.531,  454.347,  -12.909,  6.320,  -12.831,  0.157,  -6.977,  7.497,  -5.458,  -4.051,  22.026,  -5.595,  -12.866,  -3.488,  -9.275,  -2.618,  -4.804,  7.153,  -1.890,  -2.727,  -2.534,  -7.587,  -0.275,  -1.668,  -3.294,  -4.199,  0.939,  0.699,  -1.523,  0.228,  -0.188,  -0.370,  -0.216,  -0.870,  0.394,  0.035, 0.00, 0.00, 0.00, 0.00, 0.00, 0.00, 0.00, 0.00, 0.00, 0.37, 0.50, 1.30, 0.50, 0.69, 0.00, 0.00, 0.07, 0.00, 0.00, 0.00, 0.00, 0.00, 0.00, 0.00, 0.00, 0.00, 1.00, 1.00, 1.00, 1.00, 1.00, 0.00, 0.00, 0.00, 0.00
3,  0,  0.067,  0.98,  1,  0.126210,  0.238873,  -0.962814,  -0.088814,  0.246195,  -0.965142,  0.019,  0.246,  563.5,  567.8,  578.1,  588.3,  592.5,  589.0,  577.9,  567.7,  550.7,  556.8,  565.8,  577.7,  589.5,  597.6,  603.1,  595.8,  586.0,  575.1,  565.2,  556.9,  573.0,  578.1,  583.3,  585.5,  583.4,  578.2,  573.0,  570.9,  706.6,  711.0,  721.2,  731.3,  735.4,  731.1,  720.9,  710.0,  698.6,  704.6,  712.9,  724.2,  735.4,  744.1,  750.0,  743.4,  735.0,  725.1,  714.6,  705.4,  715.6,  720.9,  726.3,  728.6,  726.5,  721.1,  715.7,  713.4,  358.4,  347.9,  343.5,  347.9,  358.4,  369.7,  373.3,  368.9,  361.8,  356.2,  352.8,  351.2,  353.6,  358.2,  364.7,  367.2,  367.8,  367.9,  367.0,  365.1,  363.8,  366.0,  363.8,  358.5,  353.2,  351.0,  353.2,  358.5,  364.5,  354.2,  350.1,  354.4,  364.7,  374.9,  379.1,  375.4,  368.6,  362.8,  358.9,  357.5,  359.3,  362.6,  367.6,  371.5,  373.6,  374.3,  373.5,  371.9,  369.9,  372.2,  369.9,  364.5,  359.1,  356.8,  359.0,  364.4,  -31.2,  -29.4,  -25.2,  -21.0,  -19.3,  -20.7,  -25.2,  -29.4,  -36.8,  -34.1,  -30.1,  -25.2,  -20.5,  -17.2,  -15.1,  -18.0,  -21.9,  -26.3,  -30.4,  -34.0,  -27.3,  -25.2,  -23.1,  -22.2,  -23.1,  -25.2,  -27.3,  -28.2,  27.5,  29.3,  33.5,  37.7,  39.4,  37.6,  33.4,  29.0,  24.3,  26.7,  30.0,  34.6,  39.3,  43.2,  46.0,  43.0,  39.3,  35.0,  30.8,  27.0,  31.3,  33.5,  35.7,  36.7,  35.8,  33.5,  31.3,  30.4,  -0.6,  -4.9,  -6.7,  -4.9,  -0.7,  3.9,  5.4,  3.6,  0.7,  -1.6,  -2.9,  -3.6,  -2.6,  -0.7,  1.9,  2.9,  3.2,  3.2,  2.8,  2.1,  1.6,  2.5,  1.6,  -0.6,  -2.8,  -3.7,  -2.8,  -0.6,  1.8,  -2.4,  -4.1,  -2.3,  1.9,  6.2,  7.9,  6.4,  3.6,  1.1,  -0.4,  -1.0,  -0.3,  1.1,  3.2,  4.8,  5.6,  5.9,  5.6,  4.9,  4.1,  5.0,  4.1,  1.9,  -0.4,  -1.3,  -0.4,  1.8,  356.3,  356.3,  356.0,  355.5,  355.2,  355.5,  355.6,  356.0,  360.9,  358.1,  355.6,  354.1,  354.5,  355.8,  357.2,  355.7,  354.4,  354.4,  355.7,  358.1,  356.7,  356.5,  356.3,  356.3,  356.5,  356.7,  356.9,  356.9,  361.2,  360.9,  360.7,  360.8,  361.2,  361.6,  361.8,  361.9,  363.3,  361.4,  359.9,  359.4,  360.8,  363.4,  366.4,  363.8,  361.7,  360.5,  360.6,  361.9,  362.2,  362.3,  362.3,  362.1,  361.9,  361.8,  361.9,  362.0,  2.6,  40.0,  367.8,  0.122,  -0.099,  0.066,  464.9,  465.1,  468.8,  475.0,  491.7,  518.4,  550.4,  592.8,  637.4,  676.1,  709.1,  737.1,  761.8,  779.3,  790.9,  801.2,  808.1,  503.3,  528.5,  562.4,  596.1,  627.5,  684.8,  717.1,  747.0,  775.3,  792.8,  655.3,  656.5,  657.5,  658.2,  616.4,  634.2,  651.8,  669.7,  686.0,  547.6,  566.6,  588.0,  605.1,  587.1,  566.1,  696.0,  714.3,  734.8,  750.3,  734.9,  715.4,  577.8,  607.5,  630.6,  649.1,  669.8,  690.9,  708.8,  691.5,  671.0,  649.6,  629.9,  605.9,  589.6,  629.6,  648.3,  669.2,  699.6,  669.6,  649.1,  630.0,  333.1,  380.8,  427.3,  472.6,  518.9,  561.7,  599.9,  630.8,  640.7,  634.0,  610.3,  578.5,  540.3,  496.2,  448.9,  400.9,  350.4,  332.0,  315.0,  313.2,  320.9,  332.4,  334.9,  323.8,  320.2,  325.5,  342.1,  364.1,  389.6,  415.6,  443.3,  464.9,  472.2,  478.3,  473.3,  467.3,  361.1,  353.0,  352.8,  362.9,  368.7,  368.7,  367.7,  357.9,  359.3,  368.0,  374.7,  373.8,  529.4,  523.6,  520.5,  525.7,  522.5,  526.2,  532.9,  548.4,  555.1,  556.4,  553.6,  545.3,  531.0,  532.4,  535.2,  533.4,  533.9,  536.7,  538.2,  534.8,  -80.4,  -81.0,  -80.2,  -77.7,  -69.1,  -56.0,  -40.5,  -20.9,  -1.2,  16.3,  32.4,  46.8,  59.3,  67.5,  72.1,  75.8,  78.6,  -57.6,  -45.8,  -31.3,  -17.5,  -5.0,  18.0,  31.5,  44.7,  57.8,  67.2,  6.1,  6.5,  6.8,  7.0,  -9.6,  -2.4,  4.7,  12.1,  18.8,  -38.4,  -30.3,  -21.6,  -14.5,  -21.9,  -30.6,  23.5,  31.3,  40.2,  47.4,  40.4,  31.8,  -26.6,  -13.5,  -3.9,  3.7,  12.3,  21.5,  30.1,  21.8,  12.8,  3.9,  -4.2,  -14.2,  -21.4,  -4.3,  3.4,  12.1,  25.8,  12.2,  3.7,  -4.1,  -12.3,  9.6,  31.5,  53.0,  74.0,  92.9,  108.6,  119.8,  123.8,  123.7,  117.5,  105.4,  87.8,  66.0,  42.4,  19.2,  -4.5,  -11.8,  -18.5,  -18.9,  -15.6,  -11.0,  -10.1,  -14.8,  -16.6,  -14.7,  -7.9,  1.7,  11.7,  21.7,  32.0,  42.6,  45.3,  47.6,  45.9,  43.9,  0.5,  -2.9,  -3.0,  1.2,  3.6,  3.6,  3.2,  -0.9,  -0.3,  3.4,  6.3,  5.8,  72.5,  67.7,  66.1,  68.3,  67.2,  70.3,  75.6,  79.6,  80.8,  80.8,  79.7,  77.3,  72.7,  71.1,  72.3,  72.0,  75.2,  73.1,  73.3,  71.9,  401.6,  405.5,  409.8,  412.0,  407.5,  403.2,  396.0,  386.9,  385.8,  394.9,  410.8,  422.2,  426.1,  423.7,  417.9,  411.5,  409.2,  368.9,  359.0,  352.9,  349.6,  347.7,  351.3,  357.9,  365.3,  373.8,  384.9,  349.8,  345.6,  340.9,  336.8,  355.0,  353.2,  352.0,  354.8,  358.1,  363.4,  361.7,  362.5,  364.5,  362.4,  362.1,  368.0,  368.5,  371.2,  375.9,  372.1,  369.5,  374.4,  362.0,  360.1,  360.6,  362.0,  370.0,  382.5,  369.9,  362.5,  360.1,  360.3,  365.0,  372.0,  360.8,  361.3,  363.3,  378.3,  361.9,  359.8,  360.0,  2.343,  0.238,  -0.113,  0.068,  645.913,  454.964,  -13.451,  6.717,  -12.215,  -0.178,  -7.501,  7.538,  -5.796,  -3.281,  21.189,  -5.771,  -13.377,  -4.176,  -9.594,  -2.339,  -4.743,  7.343,  -1.932,  -3.231,  -2.655,  -8.091,  -0.520,  -2.080,  -2.697,  -4.067,  0.823,  0.347,  -1.382,  0.543,  -0.514,  -0.445,  -0.185,  -0.789,  0.319,  0.014, 0.00, 0.00, 0.00, 0.00, 0.00, 0.00, 0.00, 0.00, 0.00, 0.33, 0.49, 1.23, 0.45, 0.64, 0.00, 0.00, 0.07, 0.00, 0.00, 0.00, 0.00, 0.00, 0.00, 0.00, 0.00, 0.00, 1.00, 1.00, 1.00, 1.00, 1.00, 0.00, 0.00, 0.00, 0.00
4,  0,  0.100,  0.98,  1,  0.129306,  0.240334,  -0.962039,  -0.085727,  0.243112,  -0.966203,  0.023,  0.246,  565.6,  570.1,  580.6,  590.7,  594.7,  591.0,  579.8,  569.6,  552.9,  559.1,  568.1,  580.0,  591.7,  599.7,  605.1,  597.6,  587.7,  576.8,  567.0,  558.9,  575.0,  580.2,  585.5,  587.8,  585.8,  580.6,  575.3,  573.0,  708.9,  713.6,  723.9,  733.9,  737.7,  733.1,  722.8,  712.0,  700.4,  707.5,  716.7,  727.9,  738.3,  746.4,  751.4,  745.0,  736.6,  726.7,  716.5,  707.2,  718.0,  722.9,  728.0,  730.3,  728.4,  723.5,  718.4,  716.1,  358.8,  348.2,  344.0,  348.5,  359.1,  370.5,  373.9,  369.4,  362.2,  356.7,  353.4,  352.0,  354.6,  359.2,  365.7,  368.0,  368.4,  368.3,  367.2,  365.4,  364.5,  366.8,  364.7,  359.3,  353.9,  351.6,  353.7,  359.1,  366.0,  355.9,  352.0,  356.4,  366.7,  376.8,  380.8,  376.9,  369.8,  364.3,  360.8,  359.9,  361.9,  365.2,  369.7,  373.8,  375.9,  376.4,  375.1,  373.2,  371.0,  373.2,  371.3,  366.3,  361.2,  359.0,  360.9,  365.9,  -30.3,  -28.4,  -24.2,  -20.0,  -18.3,  -19.9,  -24.4,  -28.6,  -35.9,  -33.1,  -29.2,  -24.3,  -19.5,  -16.3,  -14.2,  -17.2,  -21.1,  -25.5,  -29.6,  -33.1,  -26.5,  -24.3,  -22.2,  -21.2,  -22.0,  -24.2,  -26.4,  -27.3,  28.5,  30.3,  34.6,  38.7,  40.4,  38.6,  34.3,  29.8,  25.1,  27.9,  31.5,  36.1,  40.6,  44.3,  46.8,  43.8,  40.1,  35.8,  31.6,  27.8,  32.3,  34.4,  36.5,  37.4,  36.6,  34.5,  32.4,  31.5,  -0.5,  -4.8,  -6.5,  -4.7,  -0.4,  4.2,  5.6,  3.8,  0.9,  -1.4,  -2.7,  -3.2,  -2.2,  -0.3,  2.3,  3.2,  3.4,  3.3,  2.9,  2.2,  1.8,  2.8,  1.9,  -0.3,  -2.5,  -3.4,  -2.6,  -0.4,  2.5,  -1.7,  -3.3,  -1.5,  2.8,  7.0,  8.6,  7.0,  4.1,  1.8,  0.3,  -0.0,  0.8,  2.1,  4.1,  5.8,  6.6,  6.8,  6.3,  5.5,  4.6,  5.5,  4.7,  2.6,  0.5,  -0.4,  0.4,  2.5,  355.8,  356.0,  355.7,  355.1,  354.5,  354.5,  354.6,  355.2,  360.3,  357.5,  355.0,  353.6,  353.8,  354.9,  356.1,  354.6,  353.3,  353.4,  354.9,  357.3,  356.0,  355.7,  355.5,  355.6,  355.9,  356.3,  356.4,  356.3,  361.2,  360.6,  360.5,  361.1,  361.9,  362.5,  362.6,  362.3,  363.1,  361.0,  359.6,  359.5,  361.3,  364.5,  367.8,  365.1,  362.7,  361.2,  361.0,  362.0,  362.6,  362.9,  362.9,  362.6,  362.2,  361.9,  361.9,  362.2,  3.0,  40.3,  367.6,  0.125,  -0.106,  0.079,  466.3,  465.8,  468.5,  473.9,  490.0,  516.5,  549.0,  592.0,  636.9,  675.7,  708.4,  736.1,  760.8,  778.5,  790.5,  801.5,  808.9,  506.1,  531.4,  565.4,  599.0,  630.3,  687.9,  720.0,  749.6,  777.5,  794.4,  657.9,  659.0,  659.9,  660.4,  617.7,  635.6,  653.2,  671.1,  687.4,  549.7,  568.8,  590.0,  607.1,  589.1,  568.2,  698.3,  716.8,  737.1,  752.3,  737.0,  717.7,  577.9,  608.0,  631.1,  649.7,  670.6,  691.6,  709.2,  692.0,  671.6,  650.0,  630.2,  606.2,  589.8,  630.0,  648.9,  669.9,  700.0,  670.3,  649.6,  630.3,  331.4,  378.3,  424.2,  469.5,  516.2,  559.8,  599.2,  631.2,  641.6,  634.9,  611.2,  579.7,  541.9,  498.3,  451.3,  403.5,  353.1,  331.7,  314.9,  313.4,  321.5,  333.3,  336.2,  325.3,  322.1,  327.7,  344.3,  365.5,  391.0,  417.2,  444.9,  465.6,  473.2,  479.5,  474.7,  468.9,  361.5,  353.7,  353.6,  363.6,  369.3,  369.1,  369.2,  360.0,  361.6,  370.2,  376.7,  375.6,  528.9,  523.6,  521.0,  526.4,  523.4,  527.1,  533.9,  549.1,  555.7,  556.8,  553.8,  545.3,  530.6,  532.9,  535.9,  534.3,  534.8,  537.3,  538.7,  535.2,  -79.4,  -80.5,  -80.1,  -78.1,  -69.7,  -56.8,  -41.1,  -21.2,  -1.4,  16.1,  32.2,  46.4,  58.9,  67.2,  72.0,  76.1,  79.1,  -56.3,  -44.4,  -30.0,  -16.4,  -3.8,  19.2,  32.7,  45.8,  58.7,  67.9,  7.2,  7.5,  7.7,  7.9,  -9.0,  -1.8,  5.3,  12.6,  19.4,  -37.4,  -29.4,  -20.7,  -13.7,  -21.1,  -29.7,  24.5,  32.4,  41.2,  48.3,  41.3,  32.8,  -26.5,  -13.2,  -3.7,  4.0,  12.7,  21.8,  30.2,  22.0,  13.1,  4.1,  -4.0,  -14.1,  -21.3,  -4.1,  3.7,  12.4,  25.9,  12.5,  4.0,  -4.0,  -13.1,  8.5,  30.0,  51.4,  72.6,  92.0,  108.1,  119.8,  124.2,  124.3,  118.2,  106.2,  88.8,  67.1,  43.7,  20.5,  -3.2,  -11.9,  -18.5,  -18.8,  -15.4,  -10.6,  -9.6,  -14.2,  -15.8,  -13.8,  -6.9,  2.2,  12.3,  22.3,  32.7,  42.8,  45.7,  48.0,  46.5,  44.6,  0.6,  -2.6,  -2.6,  1.5,  3.9,  3.8,  3.9,  -0.0,  0.7,  4.4,  7.1,  6.6,  72.1,  67.6,  66.2,  68.5,  67.5,  70.6,  76.0,  79.9,  81.0,  80.9,  79.7,  77.1,  72.4,  71.2,  72.6,  72.3,  75.6,  73.3,  73.4,  72.0,  400.3,  404.2,  408.7,  411.1,  406.9,  402.7,  395.5,  386.6,  386.0,  395.6,  411.6,  423.0,  427.1,  424.7,  418.7,  412.3,  409.9,  367.7,  358.1,  352.2,  349.1,  347.5,  351.4,  358.1,  365.5,  373.9,  385.0,  349.6,  345.4,  340.7,  336.5,  354.6,  353.0,  351.9,  354.7,  358.1,  362.5,  361.0,  361.9,  364.0,  361.8,  361.3,  368.1,  368.7,  371.6,  376.3,  372.4,  369.7,  373.5,  361.2,  359.6,  360.2,  361.8,  369.9,  382.5,  369.9,  362.3,  359.7,  359.7,  364.2,  371.1,  360.3,  361.0,  363.1,  378.3,  361.8,  359.4,  359.5,  2.345,  0.243,  -0.123,  0.082,  646.940,  455.664,  -11.767,  6.839,  -12.438,  -0.926,  -8.870,  7.060,  -6.077,  -2.378,  20.785,  -5.878,  -13.745,  -4.436,  -9.259,  -2.330,  -4.835,  7.054,  -2.828,  -2.227,  -2.739,  -8.023,  -0.893,  -1.782,  -2.586,  -4.202,  0.760,  0.353,  -1.290,  0.234,  -0.357,  -0.430,  -0.148,  -0.798,  0.299,  0.076, 0.00, 0.00, 0.00, 0.00, 0.00, 0.00, 0.00, 0.00, 0.00, 0.27, 0.48, 1.15, 0.46, 0.56, 0.00, 0.02, 0.00, 0.00, 0.00, 0.00, 0.00, 0.00, 0.00, 0.00, 0.00, 0.00, 1.00, 1.00, 1.00, 1.00, 1.00, 0.00, 0.00, 0.00, 0.00
5,  0,  0.133,  0.98,  1,  0.132370,  0.250052,  -0.959141,  -0.093568,  0.240856,  -0.966040,  0.020,  0.250,  567.7,  572.3,  583.0,  593.3,  597.4,  593.5,  582.1,  571.8,  554.7,  561.6,  570.8,  582.6,  594.0,  601.9,  607.3,  599.9,  590.2,  579.4,  569.4,  561.1,  577.1,  582.4,  587.9,  590.3,  588.2,  582.9,  577.4,  575.0,  710.5,  715.2,  725.7,  735.8,  739.6,  734.9,  724.4,  713.5,  702.3,  709.8,  719.2,  730.2,  740.3,  748.3,  753.3,  746.9,  738.5,  728.5,  718.4,  709.2,  719.4,  724.6,  729.9,  732.3,  730.4,  725.2,  719.9,  717.5,  359.8,  349.3,  345.0,  349.6,  360.2,  371.6,  374.9,  370.4,  362.8,  357.4,  354.2,  352.9,  355.5,  360.1,  366.5,  369.0,  369.2,  369.0,  367.9,  366.0,  365.8,  368.1,  366.0,  360.6,  355.1,  352.8,  354.9,  360.3,  367.9,  357.6,  353.7,  358.2,  368.7,  378.9,  382.9,  379.0,  372.0,  366.2,  362.5,  361.6,  363.6,  367.1,  371.9,  375.9,  377.9,  378.2,  377.0,  375.2,  373.2,  375.6,  373.5,  368.3,  363.0,  360.6,  362.6,  367.9,  -29.4,  -27.6,  -23.2,  -19.0,  -17.3,  -18.8,  -23.4,  -27.7,  -35.0,  -32.0,  -28.1,  -23.2,  -18.6,  -15.5,  -13.3,  -16.2,  -20.1,  -24.5,  -28.6,  -32.2,  -25.6,  -23.4,  -21.2,  -20.2,  -21.1,  -23.3,  -25.5,  -26.5,  28.9,  30.8,  35.1,  39.3,  40.9,  39.0,  34.7,  30.2,  25.7,  28.6,  32.4,  36.9,  41.2,  44.8,  47.4,  44.3,  40.6,  36.3,  32.1,  28.4,  32.7,  34.8,  37.0,  38.0,  37.2,  35.0,  32.8,  31.9,  -0.1,  -4.4,  -6.1,  -4.3,  0.1,  4.7,  6.0,  4.2,  1.2,  -1.1,  -2.4,  -2.9,  -1.8,  0.1,  2.7,  3.6,  3.7,  3.6,  3.2,  2.5,  2.3,  3.3,  2.4,  0.2,  -2.0,  -3.0,  -2.1,  0.1,  3.2,  -1.0,  -2.6,  -0.7,  3.6,  7.8,  9.4,  7.8,  4.9,  2.5,  1.0,  0.6,  1.5,  3.0,  5.0,  6.6,  7.4,  7.5,  7.0,  6.2,  5.4,  6.4,  5.6,  3.4,  1.2,  0.2,  1.1,  3.2,  355.7,  356.5,  356.6,  356.0,  355.2,  354.7,  354.3,  354.9,  359.6,  357.2,  355.2,  354.1,  354.5,  355.5,  356.7,  354.9,  353.3,  353.1,  354.4,  356.7,  356.0,  355.7,  355.8,  356.1,  356.6,  356.9,  356.8,  356.4,  358.8,  358.4,  358.5,  359.0,  359.7,  360.1,  360.0,  359.8,  360.5,  358.7,  357.5,  357.4,  359.3,  362.5,  365.7,  362.9,  360.3,  358.8,  358.6,  359.5,  360.2,  360.5,  360.5,  360.4,  360.0,  359.7,  359.7,  359.8,  3.5,  40.7,  367.7,  0.126,  -0.114,  0.092,  467.7,  466.7,  468.9,  473.7,  489.3,  515.3,  547.6,  590.7,  635.5,  674.2,  706.6,  734.3,  759.2,  777.4,  790.0,  801.5,  809.5,  508.2,  533.7,  568.0,  601.8,  633.1,  690.8,  722.7,  752.1,  779.7,  796.1,  660.6,  661.6,  662.4,  662.8,  619.2,  637.1,  654.8,  672.7,  689.0,  551.9,  571.2,  592.4,  609.4,  591.3,  570.4,  700.3,  719.0,  739.2,  754.2,  738.9,  719.7,  577.8,  608.6,  632.1,  650.5,  671.2,  692.0,  709.3,  692.1,  671.9,  650.5,  630.9,  606.6,  589.8,  630.8,  649.5,  670.4,  700.3,  670.7,  650.3,  631.1,  330.4,  377.1,  422.9,  468.0,  514.9,  559.0,  598.8,  631.5,  642.5,  636.1,  612.6,  581.4,  544.0,  500.7,  453.9,  406.3,  356.1,  332.0,  315.0,  313.8,  322.3,  334.7,  338.0,  327.2,  324.2,  329.8,  346.8,  367.1,  392.7,  418.9,  446.7,  466.4,  474.2,  480.8,  476.1,  470.3,  361.9,  354.3,  354.5,  364.7,  370.2,  369.8,  371.0,  361.9,  363.6,  372.3,  378.7,  377.5,  528.4,  523.7,  521.5,  527.0,  524.1,  527.9,  534.6,  550.1,  556.5,  557.5,  554.3,  545.5,  530.3,  533.2,  536.4,  534.9,  535.5,  538.4,  539.6,  535.9,  -78.7,  -79.9,  -79.7,  -77.9,  -70.0,  -57.4,  -41.8,  -21.8,  -2.0,  15.5,  31.4,  45.7,  58.3,  66.9,  72.0,  76.4,  79.7,  -55.3,  -43.4,  -28.9,  -15.2,  -2.7,  20.4,  33.9,  46.9,  59.8,  68.9,  8.2,  8.5,  8.7,  8.8,  -8.4,  -1.2,  6.0,  13.3,  20.0,  -36.4,  -28.3,  -19.7,  -12.7,  -20.1,  -28.7,  25.4,  33.3,  42.2,  49.2,  42.2,  33.7,  -26.6,  -13.0,  -3.3,  4.3,  12.9,  22.0,  30.4,  22.0,  13.2,  4.3,  -3.8,  -13.9,  -21.3,  -3.8,  3.9,  12.6,  26.1,  12.7,  4.2,  -3.6,  -13.5,  7.9,  29.3,  50.6,  71.9,  91.5,  107.9,  120.0,  124.7,  124.9,  119.0,  107.2,  90.0,  68.5,  45.1,  21.9,  -1.8,  -11.8,  -18.4,  -18.6,  -15.0,  -10.1,  -8.8,  -13.4,  -15.0,  -12.9,  -5.8,  2.8,  12.9,  22.9,  33.3,  43.1,  46.1,  48.6,  47.1,  45.2,  0.8,  -2.3,  -2.3,  1.9,  4.2,  4.0,  4.6,  0.8,  1.5,  5.3,  8.0,  7.4,  71.8,  67.6,  66.3,  68.7,  67.9,  71.0,  76.5,  80.4,  81.3,  81.1,  79.8,  77.1,  72.2,  71.3,  72.7,  72.6,  76.0,  73.7,  73.7,  72.2,  399.5,  403.3,  407.7,  410.0,  406.2,  402.3,  395.4,  386.6,  386.1,  395.8,  412.1,  423.8,  428.1,  425.8,  420.0,  413.6,  411.2,  367.1,  357.5,  351.7,  348.8,  347.4,  351.5,  358.3,  365.9,  374.6,  385.9,  349.6,  345.4,  340.7,  336.5,  354.4,  352.9,  351.8,  354.8,  358.3,  362.0,  360.6,  361.7,  363.8,  361.5,  360.9,  368.3,  369.1,  372.1,  376.9,  372.9,  370.0,  373.4,  361.1,  359.4,  360.2,  361.8,  370.1,  383.2,  370.0,  362.0,  359.3,  359.2,  363.8,  371.1,  360.1,  360.9,  363.1,  378.9,  361.7,  359.3,  359.3,  2.345,  0.246,  -0.134,  0.096,  647.920,  456.597,  -10.338,  6.327,  -11.507,  -1.253,  -9.127,  7.247,  -6.372,  -2.071,  20.266,  -5.962,  -14.176,  -4.007,  -9.474,  -2.328,  -4.543,  6.989,  -2.537,  -1.858,  -2.922,  -7.400,  -0.984,  -1.924,  -2.294,  -4.346,  0.776,  0.439,  -1.028,  0.252,  -0.303,  -0.469,  -0.066,  -0.693,  0.334,  -0.000, 0.00, 0.00, 0.00, 0.00, 0.00, 0.00, 0.00, 0.00, 0.00, 0.27, 0.46, 1.09, 0.27, 0.57, 0.00, 0.02, 0.00, 0.00, 0.00, 0.00, 0.00, 0.00, 0.00, 0.00, 0.00, 0.00, 1.00, 1.00, 1.00, 1.00, 1.00, 0.00, 0.00, 0.00, 0.00
6,  0,  0.167,  0.98,  1,  0.127339,  0.248630,  -0.960192,  -0.098780,  0.244707,  -0.964552,  0.015,  0.251,  569.3,  573.7,  584.3,  594.7,  599.0,  595.3,  584.0,  573.5,  555.8,  563.3,  572.9,  584.7,  595.9,  603.6,  608.7,  601.7,  592.3,  581.6,  571.5,  562.7,  578.8,  584.0,  589.2,  591.5,  589.4,  584.2,  578.9,  576.7,  711.8,  716.7,  727.2,  737.2,  740.8,  736.0,  725.5,  714.6,  703.3,  711.3,  721.0,  732.2,  742.2,  749.8,  754.5,  748.3,  740.1,  730.1,  719.9,  710.4,  720.5,  725.6,  731.1,  733.6,  731.7,  726.6,  721.1,  718.6,  360.9,  350.4,  346.2,  350.6,  361.2,  372.5,  375.9,  371.4,  363.7,  358.4,  355.3,  354.2,  356.8,  361.4,  367.6,  370.2,  370.4,  370.2,  369.0,  367.0,  366.7,  368.9,  366.9,  361.7,  356.4,  354.2,  356.3,  361.5,  370.0,  359.8,  355.9,  360.6,  371.1,  381.3,  385.1,  381.1,  373.2,  367.9,  364.5,  363.6,  365.9,  369.5,  374.2,  378.3,  380.2,  380.2,  378.8,  376.8,  375.5,  377.9,  375.9,  370.6,  365.2,  362.7,  364.7,  370.0,  -28.8,  -27.1,  -22.8,  -18.5,  -16.7,  -18.2,  -22.7,  -27.0,  -34.6,  -31.3,  -27.3,  -22.4,  -17.9,  -14.9,  -12.8,  -15.6,  -19.3,  -23.6,  -27.8,  -31.5,  -25.0,  -22.8,  -20.7,  -19.8,  -20.7,  -22.8,  -25.0,  -25.8,  29.1,  31.0,  35.3,  39.4,  41.0,  39.0,  34.7,  30.3,  25.8,  28.9,  32.7,  37.2,  41.5,  45.0,  47.4,  44.5,  40.8,  36.5,  32.3,  28.5,  32.7,  34.9,  37.1,  38.1,  37.3,  35.2,  32.9,  31.9,  0.4,  -3.9,  -5.7,  -3.8,  0.5,  5.1,  6.4,  4.6,  1.5,  -0.7,  -1.9,  -2.4,  -1.3,  0.6,  3.1,  4.1,  4.2,  4.1,  3.6,  2.9,  2.7,  3.6,  2.8,  0.7,  -1.5,  -2.4,  -1.5,  0.6,  4.0,  -0.1,  -1.7,  0.2,  4.5,  8.7,  10.2,  8.6,  5.4,  3.2,  1.8,  1.5,  2.4,  3.9,  5.9,  7.5,  8.2,  8.2,  7.6,  6.8,  6.3,  7.3,  6.5,  4.3,  2.1,  1.1,  1.9,  4.1,  356.2,  357.3,  357.8,  357.5,  356.6,  355.7,  355.0,  355.3,  359.4,  357.3,  355.6,  355.0,  355.7,  356.9,  358.2,  356.1,  354.2,  353.6,  354.6,  356.7,  356.6,  356.5,  356.8,  357.3,  357.8,  357.9,  357.7,  357.1,  354.3,  354.0,  354.3,  354.9,  355.7,  356.0,  355.8,  355.4,  356.0,  354.2,  353.2,  353.4,  355.6,  358.9,  362.4,  359.3,  356.5,  354.7,  354.3,  355.0,  355.8,  356.2,  356.4,  356.2,  355.8,  355.5,  355.3,  355.5,  3.7,  41.2,  367.7,  0.124,  -0.122,  0.104,  468.6,  467.2,  468.9,  473.1,  488.2,  513.8,  546.2,  589.5,  634.4,  672.8,  705.0,  732.4,  757.3,  775.6,  788.7,  800.7,  809.2,  509.7,  535.5,  570.0,  603.9,  635.4,  692.9,  724.6,  753.8,  781.2,  797.3,  662.7,  663.5,  664.2,  664.5,  620.1,  638.0,  655.8,  673.6,  689.8,  553.6,  573.1,  594.1,  611.2,  593.1,  572.2,  701.7,  720.6,  740.7,  755.6,  740.3,  721.1,  577.2,  608.5,  632.3,  650.8,  671.7,  692.4,  709.6,  692.3,  672.0,  650.4,  630.7,  606.1,  589.3,  631.0,  649.7,  670.7,  700.5,  671.0,  650.4,  631.2,  329.7,  376.1,  421.6,  466.7,  513.7,  558.3,  598.8,  632.1,  643.5,  637.3,  614.0,  583.3,  546.6,  504.1,  457.8,  410.6,  360.6,  332.8,  315.9,  314.9,  323.8,  336.6,  340.3,  329.5,  326.6,  332.4,  349.5,  368.8,  394.4,  420.6,  448.3,  467.4,  475.3,  482.1,  477.5,  472.0,  362.7,  355.4,  355.7,  365.9,  371.2,  370.6,  372.8,  363.9,  365.8,  374.6,  380.8,  379.4,  528.2,  524.1,  522.2,  527.9,  525.1,  529.0,  535.8,  551.7,  558.3,  559.2,  555.8,  546.5,  530.2,  534.0,  537.4,  536.0,  536.7,  539.8,  540.9,  537.1,  -78.2,  -79.5,  -79.6,  -78.1,  -70.4,  -58.0,  -42.3,  -22.3,  -2.5,  14.9,  30.6,  44.8,  57.5,  66.2,  71.5,  76.2,  79.8,  -54.6,  -42.7,  -28.1,  -14.4,  -1.8,  21.3,  34.7,  47.7,  60.6,  69.6,  9.1,  9.3,  9.4,  9.4,  -8.0,  -0.8,  6.3,  13.6,  20.4,  -35.7,  -27.6,  -18.9,  -12.0,  -19.4,  -27.9,  26.0,  34.1,  42.9,  49.9,  42.8,  34.4,  -26.8,  -13.0,  -3.2,  4.4,  13.1,  22.2,  30.5,  22.1,  13.2,  4.3,  -3.8,  -14.1,  -21.5,  -3.7,  4.0,  12.7,  26.2,  12.8,  4.3,  -3.6,  -13.8,  7.4,  28.6,  49.9,  71.3,  91.1,  107.8,  120.1,  125.1,  125.5,  119.8,  108.3,  91.5,  70.3,  47.1,  24.0,  0.3,  -11.4,  -18.0,  -18.1,  -14.4,  -9.3,  -7.9,  -12.5,  -14.0,  -11.8,  -4.6,  3.5,  13.6,  23.6,  33.9,  43.4,  46.5,  49.1,  47.7,  45.9,  1.1,  -1.9,  -1.8,  2.5,  4.6,  4.4,  5.4,  1.7,  2.5,  6.3,  8.9,  8.2,  71.7,  67.6,  66.5,  69.0,  68.2,  71.5,  77.0,  81.1,  82.0,  81.7,  80.3,  77.4,  72.1,  71.5,  73.1,  73.0,  76.5,  74.3,  74.2,  72.7,  398.9,  402.6,  406.9,  409.3,  405.6,  401.9,  394.9,  386.1,  386.0,  395.9,  412.5,  424.4,  429.0,  426.9,  421.1,  415.0,  412.8,  366.7,  357.1,  351.4,  348.6,  347.2,  351.7,  358.7,  366.5,  375.5,  386.9,  349.5,  345.3,  340.5,  336.2,  354.0,  352.7,  351.7,  354.8,  358.4,  361.7,  360.3,  361.6,  363.7,  361.3,  360.6,  368.7,  369.7,  372.9,  377.7,  373.6,  370.6,  372.9,  360.6,  358.9,  359.8,  361.5,  370.0,  383.4,  370.1,  361.9,  359.1,  358.9,  363.4,  370.7,  359.7,  360.6,  362.9,  379.0,  361.6,  359.1,  359.0,  2.344,  0.245,  -0.144,  0.108,  648.432,  457.914,  -8.465,  6.299,  -10.380,  -1.340,  -9.498,  6.840,  -6.494,  -0.859,  20.377,  -5.780,  -14.217,  -4.127,  -9.266,  -1.906,  -4.567,  7.067,  -2.684,  -0.957,  -3.115,  -7.323,  -0.753,  -2.262,  -2.065,  -4.313,  0.842,  0.487,  -0.805,  -0.149,  -0.189,  -0.483,  -0.120,  -0.505,  0.344,  -0.026, 0.00, 0.00, 0.00, 0.00, 0.00, 0.18, 0.00, 0.01, 0.00, 0.20, 0.41, 0.98, 0.16, 0.54, 0.00, 0.02, 0.00, 0.00, 0.00, 0.00, 0.00, 0.00, 0.00, 0.00, 0.00, 0.00, 1.00, 1.00, 1.00, 1.00, 1.00, 0.00, 0.00, 0.00, 0.00
7,  0,  0.200,  0.98,  1,  0.152743,  0.262719,  -0.952706,  -0.108384,  0.252588,  -0.961484,  0.023,  0.263,  570.1,  575.0,  586.1,  596.9,  601.1,  596.9,  585.1,  574.3,  556.8,  564.2,  573.7,  585.3,  596.7,  604.6,  609.8,  602.4,  592.8,  581.9,  572.0,  563.5,  579.8,  585.3,  591.0,  593.5,  591.4,  585.9,  580.2,  577.6,  711.9,  716.6,  727.0,  737.1,  740.9,  736.2,  725.8,  714.9,  704.0,  711.9,  721.5,  732.4,  742.3,  750.0,  754.9,  748.6,  740.4,  730.4,  720.3,  710.9,  720.6,  725.9,  731.4,  733.9,  731.9,  726.6,  721.0,  718.5,  362.1,  351.5,  347.4,  352.2,  363.2,  374.8,  377.9,  373.0,  364.9,  359.6,  356.6,  355.6,  358.0,  362.5,  369.0,  371.4,  371.5,  371.2,  369.9,  368.0,  368.6,  371.1,  369.0,  363.6,  358.0,  355.5,  357.6,  363.0,  372.2,  362.0,  358.0,  362.6,  373.1,  383.3,  387.2,  383.3,  375.5,  370.0,  366.3,  365.4,  367.6,  371.4,  376.3,  380.2,  382.0,  382.0,  380.7,  378.9,  377.8,  380.3,  378.2,  372.7,  367.2,  364.7,  366.8,  372.3,  -28.0,  -26.1,  -21.7,  -17.3,  -15.6,  -17.2,  -21.9,  -26.2,  -33.6,  -30.4,  -26.5,  -21.8,  -17.3,  -14.2,  -12.1,  -15.0,  -18.8,  -23.0,  -27.1,  -30.7,  -24.1,  -21.9,  -19.7,  -18.7,  -19.6,  -21.8,  -24.1,  -25.0,  29.4,  31.3,  35.5,  39.7,  41.3,  39.4,  35.1,  30.7,  26.2,  29.3,  33.2,  37.6,  41.9,  45.5,  47.9,  44.9,  41.2,  36.9,  32.8,  29.0,  33.0,  35.2,  37.5,  38.5,  37.7,  35.5,  33.2,  32.2,  0.8,  -3.4,  -5.1,  -3.1,  1.3,  5.9,  7.1,  5.2,  2.0,  -0.2,  -1.3,  -1.8,  -0.8,  1.0,  3.6,  4.5,  4.6,  4.4,  3.9,  3.2,  3.4,  4.4,  3.6,  1.5,  -0.8,  -1.8,  -1.0,  1.2,  5.0,  0.8,  -0.8,  1.1,  5.3,  9.5,  11.2,  9.5,  6.4,  4.1,  2.6,  2.2,  3.1,  4.7,  6.8,  8.3,  9.0,  9.0,  8.5,  7.7,  7.3,  8.3,  7.5,  5.2,  2.9,  1.9,  2.8,  5.0,  350.4,  351.7,  352.3,  351.9,  350.7,  349.5,  348.7,  349.2,  353.2,  351.4,  349.8,  349.2,  349.7,  350.7,  351.6,  349.5,  347.8,  347.3,  348.5,  350.7,  350.7,  350.4,  350.7,  351.4,  352.1,  352.3,  352.0,  351.3,  357.3,  357.1,  357.3,  357.8,  358.3,  358.5,  358.3,  358.1,  358.9,  357.2,  356.2,  356.3,  358.3,  361.6,  364.9,  361.7,  359.0,  357.3,  357.0,  357.8,  358.6,  358.9,  359.1,  359.0,  358.7,  358.4,  358.2,  358.3,  3.7,  41.8,  368.5,  0.130,  -0.127,  0.112,  468.8,  467.1,  468.3,  472.1,  486.8,  512.1,  544.4,  588.0,  633.0,  671.5,  703.5,  730.9,  755.8,  774.3,  787.5,  799.8,  808.6,  510.6,  536.7,  571.5,  605.6,  637.1,  694.0,  725.8,  755.0,  782.1,  797.5,  663.8,  664.5,  665.1,  665.3,  620.4,  638.3,  656.1,  673.9,  690.1,  554.4,  573.9,  595.0,  611.9,  593.8,  573.0,  702.2,  721.2,  741.1,  755.9,  740.7,  721.6,  576.5,  608.3,  632.4,  650.8,  671.6,  692.3,  709.3,  692.0,  671.7,  650.2,  630.5,  605.7,  588.6,  630.9,  649.6,  670.5,  700.3,  670.9,  650.3,  631.1,  329.6,  375.9,  421.2,  466.1,  513.2,  558.0,  598.8,  632.6,  644.2,  638.0,  614.5,  583.8,  547.3,  505.3,  459.6,  412.9,  363.5,  334.2,  317.3,  316.3,  325.4,  338.6,  342.5,  331.7,  328.8,  334.7,  352.0,  370.8,  396.4,  422.6,  450.4,  468.7,  476.8,  483.7,  479.1,  473.5,  363.8,  356.6,  357.0,  367.3,  372.4,  371.8,  374.7,  365.8,  367.7,  376.6,  382.6,  381.2,  527.9,  524.3,  522.7,  528.5,  525.8,  529.6,  536.2,  552.2,  559.0,  559.8,  556.4,  546.8,  530.0,  534.6,  538.0,  536.7,  537.1,  540.4,  541.5,  537.6,  -78.0,  -79.6,  -79.8,  -78.5,  -71.1,  -58.8,  -43.2,  -23.0,  -3.1,  14.3,  30.0,  44.2,  56.9,  65.7,  71.2,  76.0,  79.8,  -54.2,  -42.2,  -27.5,  -13.7,  -1.2,  21.7,  35.2,  48.2,  61.1,  69.9,  9.5,  9.7,  9.8,  9.8,  -8.0,  -0.7,  6.5,  13.8,  20.6,  -35.4,  -27.2,  -18.6,  -11.7,  -19.1,  -27.6,  26.3,  34.4,  43.2,  50.1,  43.1,  34.6,  -27.1,  -13.1,  -3.1,  4.4,  13.1,  22.2,  30.5,  22.1,  13.1,  4.2,  -3.9,  -14.3,  -21.8,  -3.8,  4.0,  12.7,  26.2,  12.8,  4.2,  -3.7,  -13.8,  7.3,  28.5,  49.7,  71.1,  91.1,  108.0,  120.6,  125.8,  126.2,  120.4,  108.9,  92.1,  71.1,  48.1,  25.2,  1.7,  -10.8,  -17.4,  -17.5,  -13.8,  -8.5,  -7.1,  -11.6,  -13.1,  -10.9,  -3.5,  4.3,  14.4,  24.4,  34.8,  44.1,  47.2,  49.8,  48.4,  46.6,  1.6,  -1.4,  -1.2,  3.0,  5.1,  4.9,  6.2,  2.5,  3.3,  7.2,  9.7,  9.0,  71.7,  67.8,  66.8,  69.4,  68.7,  71.9,  77.4,  81.5,  82.5,  82.2,  80.7,  77.7,  72.2,  71.9,  73.5,  73.5,  76.9,  74.7,  74.6,  73.0,  398.8,  402.6,  406.9,  409.3,  406.0,  402.5,  395.9,  387.2,  387.2,  397.2,  413.8,  425.8,  430.3,  428.2,  422.4,  416.3,  414.1,  366.5,  357.1,  351.4,  348.7,  347.5,  352.0,  359.0,  367.1,  376.4,  388.1,  350.0,  345.9,  341.3,  337.2,  354.7,  353.4,  352.5,  355.7,  359.3,  361.8,  360.5,  361.8,  364.0,  361.5,  360.8,  369.4,  370.4,  373.6,  378.5,  374.4,  371.3,  373.6,  361.2,  359.4,  360.5,  362.3,  370.9,  384.6,  371.1,  362.8,  360.0,  359.7,  364.1,  371.5,  360.4,  361.3,  363.7,  380.1,  362.5,  359.9,  359.7,  2.340,  0.252,  -0.151,  0.117,  648.441,  458.975,  -7.751,  6.301,  -9.585,  -2.308,  -9.639,  6.720,  -6.549,  -0.760,  19.886,  -5.828,  -14.248,  -4.149,  -9.484,  -1.462,  -3.731,  7.182,  -2.885,  -0.612,  -2.799,  -6.831,  -0.611,  -2.295,  -1.681,  -4.251,  0.797,  0.083,  -0.915,  -0.046,  -0.369,  -0.547,  -0.163,  -0.471,  0.292,  0.049, 0.00, 0.00, 0.00, 0.00, 0.00, 0.34, 0.00, 0.01, 0.00, 0.13, 0.45, 0.93, 0.20, 0.46, 0.00, 0.00, 0.00, 0.00, 0.00, 0.00, 0.00, 0.00, 1.00, 0.00, 0.00, 0.00, 1.00, 1.00, 1.00, 1.00, 1.00, 0.00, 0.00, 0.00, 0.00
8,  0,  0.234,  0.98,  1,  0.134961,  0.254919,  -0.957498,  -0.105613,  0.254914,  -0.961179,  0.015,  0.260,  569.5,  574.2,  585.2,  596.0,  600.3,  596.3,  584.6,  573.8,  556.5,  564.1,  573.6,  585.3,  596.5,  604.4,  609.6,  602.4,  592.9,  582.2,  572.1,  563.4,  579.1,  584.7,  590.3,  592.7,  590.6,  585.0,  579.4,  577.0,  711.8,  716.4,  726.8,  737.0,  741.0,  736.4,  725.9,  714.9,  704.1,  711.7,  721.2,  732.1,  742.0,  749.8,  754.9,  748.6,  740.4,  730.4,  720.3,  711.0,  720.5,  725.9,  731.6,  734.0,  731.9,  726.5,  720.9,  718.4,  363.3,  352.8,  348.7,  353.3,  364.0,  375.4,  378.5,  373.9,  366.3,  360.9,  357.8,  356.7,  359.2,  363.8,  370.3,  372.6,  372.6,  372.3,  371.1,  369.3,  369.6,  372.0,  370.0,  364.6,  359.2,  356.8,  358.9,  364.2,  373.9,  363.6,  359.5,  364.0,  374.5,  384.8,  388.9,  385.1,  377.0,  371.4,  367.9,  367.0,  369.2,  373.0,  377.8,  381.6,  383.3,  383.4,  382.2,  380.4,  379.6,  382.1,  379.9,  374.3,  368.7,  366.2,  368.4,  373.9,  -28.3,  -26.5,  -22.1,  -17.7,  -15.9,  -17.5,  -22.1,  -26.4,  -33.7,  -30.5,  -26.6,  -21.9,  -17.4,  -14.3,  -12.2,  -15.0,  -18.7,  -23.0,  -27.1,  -30.7,  -24.4,  -22.2,  -20.0,  -19.0,  -19.9,  -22.2,  -24.4,  -25.4,  29.4,  31.3,  35.6,  39.9,  41.5,  39.7,  35.3,  30.8,  26.4,  29.4,  33.2,  37.7,  41.9,  45.5,  48.1,  45.0,  41.3,  37.1,  32.9,  29.2,  33.1,  35.4,  37.7,  38.8,  37.9,  35.6,  33.3,  32.3,  1.3,  -2.9,  -4.6,  -2.7,  1.6,  6.2,  7.4,  5.6,  2.5,  0.4,  -0.9,  -1.3,  -0.3,  1.5,  4.1,  5.0,  5.0,  4.9,  4.4,  3.7,  3.9,  4.8,  4.0,  1.9,  -0.3,  -1.3,  -0.5,  1.7,  5.7,  1.5,  -0.2,  1.7,  6.0,  10.2,  11.9,  10.3,  7.0,  4.7,  3.2,  2.9,  3.8,  5.4,  7.5,  8.9,  9.6,  9.6,  9.1,  8.4,  8.1,  9.1,  8.2,  5.9,  3.6,  2.6,  3.5,  5.7,  351.0,  352.5,  353.2,  352.7,  351.3,  349.9,  349.0,  349.5,  353.5,  351.9,  350.4,  349.9,  350.5,  351.4,  352.3,  350.1,  348.2,  347.6,  348.7,  350.9,  351.1,  350.8,  351.2,  352.0,  352.8,  353.0,  352.7,  351.8,  359.1,  358.9,  359.1,  359.6,  360.0,  360.1,  359.9,  359.7,  360.6,  358.9,  357.9,  358.1,  359.9,  363.0,  366.1,  363.1,  360.4,  358.8,  358.5,  359.4,  360.3,  360.5,  360.7,  360.6,  360.4,  360.2,  360.0,  360.1,  3.5,  42.2,  369.1,  0.132,  -0.133,  0.118,  468.3,  466.4,  467.5,  471.0,  485.1,  510.0,  542.3,  585.9,  631.3,  670.0,  702.2,  729.7,  754.5,  773.0,  786.1,  798.6,  807.6,  510.3,  536.7,  571.8,  606.0,  637.8,  694.3,  726.0,  755.1,  782.0,  797.2,  664.0,  664.6,  665.1,  665.2,  620.1,  638.0,  655.7,  673.5,  689.6,  554.2,  573.9,  595.0,  611.8,  593.7,  572.9,  702.2,  721.1,  741.0,  755.7,  740.5,  721.5,  575.9,  607.7,  631.9,  650.2,  670.9,  691.4,  708.1,  690.9,  670.7,  649.3,  629.6,  604.8,  588.0,  630.3,  648.9,  669.7,  699.2,  670.1,  649.6,  630.4,  329.9,  376.1,  421.4,  466.2,  513.1,  557.6,  598.2,  632.1,  643.8,  637.7,  614.3,  583.8,  547.6,  505.8,  460.7,  414.6,  365.6,  335.4,  318.7,  317.8,  326.9,  340.2,  344.0,  333.4,  330.7,  336.6,  353.8,  372.3,  397.9,  424.2,  452.0,  469.7,  477.8,  484.8,  480.3,  474.8,  365.0,  357.9,  358.3,  368.6,  373.6,  372.9,  376.2,  367.4,  369.3,  378.1,  384.1,  382.6,  528.3,  524.5,  523.0,  528.8,  526.2,  530.1,  537.0,  552.9,  559.6,  560.4,  557.0,  547.3,  530.4,  534.9,  538.4,  537.3,  537.8,  540.9,  542.0,  538.1,  -78.3,  -79.9,  -80.2,  -79.1,  -72.0,  -59.9,  -44.3,  -24.0,  -3.9,  13.6,  29.5,  43.8,  56.5,  65.3,  70.8,  75.7,  79.6,  -54.4,  -42.2,  -27.4,  -13.6,  -0.9,  21.9,  35.4,  48.4,  61.2,  69.9,  9.6,  9.8,  9.8,  9.7,  -8.1,  -0.8,  6.4,  13.7,  20.4,  -35.5,  -27.2,  -18.6,  -11.7,  -19.1,  -27.7,  26.3,  34.4,  43.2,  50.2,  43.1,  34.6,  -27.4,  -13.4,  -3.4,  4.2,  12.8,  21.8,  30.0,  21.6,  12.8,  3.8,  -4.3,  -14.7,  -22.1,  -4.0,  3.7,  12.4,  25.7,  12.5,  3.9,  -3.9,  -13.7,  7.4,  28.6,  49.7,  71.1,  91.0,  107.9,  120.6,  125.8,  126.3,  120.6,  109.2,  92.5,  71.6,  48.8,  26.1,  2.7,  -10.3,  -16.9,  -17.0,  -13.2,  -7.9,  -6.4,  -10.9,  -12.3,  -10.1,  -2.7,  4.9,  15.0,  25.1,  35.6,  44.5,  47.7,  50.4,  49.0,  47.2,  2.1,  -0.9,  -0.7,  3.6,  5.6,  5.3,  6.8,  3.1,  4.0,  7.9,  10.3,  9.6,  71.9,  68.0,  67.0,  69.6,  68.9,  72.2,  77.9,  82.0,  82.9,  82.6,  81.1,  78.1,  72.4,  72.2,  73.8,  73.8,  77.4,  75.1,  75.0,  73.3,  398.9,  402.7,  407.1,  409.6,  406.5,  403.1,  396.4,  387.7,  387.7,  398.0,  414.9,  426.9,  431.6,  429.5,  423.7,  417.8,  415.6,  366.8,  357.3,  351.7,  349.0,  347.8,  352.6,  359.7,  367.9,  377.3,  389.1,  350.6,  346.6,  342.2,  338.2,  355.4,  354.2,  353.3,  356.4,  360.1,  362.0,  360.7,  362.0,  364.3,  361.8,  361.0,  370.1,  371.1,  374.4,  379.4,  375.2,  372.1,  373.8,  361.7,  359.9,  361.0,  362.8,  371.4,  385.1,  371.8,  363.6,  360.7,  360.4,  364.7,  371.8,  360.9,  361.9,  364.3,  380.7,  363.2,  360.6,  360.3,  2.336,  0.256,  -0.156,  0.122,  647.852,  459.836,  -6.460,  6.119,  -9.771,  -3.297,  -9.572,  6.080,  -6.523,  -0.876,  19.725,  -5.523,  -13.896,  -4.155,  -8.896,  -0.689,  -3.228,  7.152,  -2.637,  -0.440,  -3.016,  -6.537,  -0.148,  -2.058,  -1.384,  -4.148,  0.710,  -0.017,  -0.817,  -0.125,  -0.463,  -0.674,  -0.085,  -0.369,  0.257,  0.069, 0.00, 0.00, 0.00, 0.00, 0.00, 0.42, 0.00, 0.09, 0.00, 0.15, 0.46, 0.91, 0.26, 0.41, 0.00, 0.00, 0.00, 0.00, 0.00, 0.00, 0.00, 0.00, 1.00, 0.00, 0.00, 0.00, 1.00, 1.00, 1.00, 1.00, 1.00, 0.00, 0.00, 0.00, 0.00
9,  0,  0.267,  0.98,  1,  0.148742,  0.268061,  -0.951850,  -0.102717,  0.258083,  -0.960647,  0.024,  0.268,  568.9,  573.9,  585.1,  595.9,  600.0,  595.8,  583.9,  573.1,  556.2,  563.5,  572.8,  584.2,  595.4,  603.5,  609.0,  601.5,  591.8,  581.0,  571.1,  562.7,  578.7,  584.2,  589.8,  592.3,  590.3,  584.8,  579.2,  576.7,  710.8,  715.4,  725.8,  736.0,  740.0,  735.4,  725.0,  714.0,  703.0,  710.7,  720.3,  731.1,  741.1,  748.9,  754.1,  747.6,  739.3,  729.3,  719.1,  709.9,  719.7,  725.0,  730.5,  733.0,  730.9,  725.5,  720.0,  717.6,  364.4,  353.8,  349.7,  354.4,  365.3,  376.9,  380.0,  375.3,  366.9,  361.8,  358.8,  357.7,  360.2,  364.7,  371.3,  373.6,  373.7,  373.3,  372.0,  370.1,  370.8,  373.2,  371.2,  365.9,  360.4,  358.0,  360.0,  365.4,  374.9,  364.6,  360.5,  365.0,  375.4,  385.7,  389.8,  386.0,  378.1,  372.5,  368.9,  368.0,  370.2,  373.9,  378.7,  382.5,  384.3,  384.4,  383.1,  381.3,  380.4,  382.8,  380.6,  375.2,  369.6,  367.3,  369.4,  374.9,  -28.5,  -26.6,  -22.2,  -17.8,  -16.0,  -17.7,  -22.4,  -26.8,  -33.9,  -30.8,  -26.9,  -22.3,  -17.8,  -14.6,  -12.5,  -15.4,  -19.2,  -23.4,  -27.5,  -31.1,  -24.6,  -22.4,  -20.1,  -19.2,  -20.0,  -22.3,  -24.5,  -25.5,  29.0,  30.9,  35.2,  39.4,  41.1,  39.3,  34.9,  30.4,  26.0,  29.0,  32.8,  37.3,  41.5,  45.2,  47.7,  44.6,  40.9,  36.6,  32.4,  28.7,  32.8,  35.0,  37.3,  38.3,  37.4,  35.2,  32.9,  31.9,  1.8,  -2.5,  -4.2,  -2.2,  2.1,  6.8,  8.0,  6.1,  2.8,  0.7,  -0.5,  -0.9,  0.1,  1.9,  4.5,  5.4,  5.4,  5.3,  4.8,  4.1,  4.3,  5.3,  4.5,  2.4,  0.2,  -0.8,  0.0,  2.2,  6.1,  1.9,  0.2,  2.0,  6.3,  10.6,  12.3,  10.7,  7.4,  5.1,  3.6,  3.3,  4.2,  5.8,  7.8,  9.3,  10.0,  10.0,  9.5,  8.8,  8.4,  9.4,  8.5,  6.3,  4.0,  3.0,  3.9,  6.1,  351.2,  352.6,  353.1,  352.5,  351.0,  349.9,  349.2,  349.8,  354.1,  352.3,  350.6,  349.9,  350.3,  351.0,  351.8,  349.9,  348.2,  347.8,  349.1,  351.5,  351.3,  351.0,  351.2,  351.9,  352.6,  353.0,  352.7,  352.0,  358.9,  358.6,  358.7,  359.2,  359.7,  360.0,  359.8,  359.7,  360.5,  358.7,  357.7,  357.7,  359.6,  362.7,  365.9,  362.9,  360.3,  358.7,  358.5,  359.4,  360.1,  360.4,  360.5,  360.4,  360.1,  359.8,  359.7,  359.9,  3.0,  42.5,  369.3,  0.138,  -0.135,  0.121,  467.5,  465.6,  466.6,  469.7,  483.1,  507.5,  540.2,  584.5,  630.3,  669.1,  701.2,  728.4,  752.9,  771.2,  784.5,  797.0,  806.2,  509.8,  536.3,  571.2,  605.3,  637.0,  693.8,  725.4,  754.2,  780.8,  796.0,  663.3,  663.9,  664.3,  664.4,  619.1,  637.0,  654.8,  672.5,  688.5,  553.4,  573.1,  594.1,  611.0,  592.9,  572.1,  701.2,  720.2,  740.0,  754.6,  739.5,  720.5,  575.3,  606.8,  630.7,  648.9,  669.6,  689.8,  706.3,  689.3,  669.3,  648.0,  628.5,  603.9,  587.3,  629.1,  647.7,  668.4,  697.4,  668.7,  648.2,  629.2,  330.7,  376.4,  421.0,  465.4,  512.1,  556.7,  597.7,  632.0,  643.8,  637.6,  614.1,  583.8,  547.8,  506.4,  461.7,  415.7,  367.0,  336.0,  319.6,  318.9,  328.1,  341.4,  345.1,  334.7,  331.9,  337.6,  354.5,  373.6,  399.6,  426.3,  454.4,  470.9,  479.2,  486.3,  481.8,  476.2,  365.8,  358.8,  359.3,  369.7,  374.6,  373.8,  377.2,  368.4,  370.2,  379.0,  385.0,  383.6,  528.7,  525.1,  523.7,  529.5,  527.0,  530.7,  537.4,  553.2,  559.9,  560.7,  557.2,  547.7,  530.6,  535.3,  538.8,  537.7,  538.2,  541.4,  542.5,  538.7,  -78.6,  -80.3,  -80.7,  -79.7,  -73.0,  -61.1,  -45.3,  -24.6,  -4.3,  13.3,  29.1,  43.2,  55.8,  64.5,  70.1,  75.2,  79.1,  -54.5,  -42.3,  -27.6,  -13.8,  -1.2,  21.7,  35.1,  48.0,  60.7,  69.3,  9.3,  9.5,  9.5,  9.4,  -8.5,  -1.2,  6.0,  13.2,  20.0,  -35.8,  -27.6,  -19.0,  -12.1,  -19.5,  -28.0,  25.9,  34.0,  42.8,  49.7,  42.7,  34.2,  -27.6,  -13.7,  -3.8,  3.7,  12.3,  21.1,  29.2,  20.9,  12.2,  3.3,  -4.7,  -15.0,  -22.4,  -4.5,  3.2,  11.8,  25.0,  11.9,  3.4,  -4.4,  -13.3,  7.5,  28.4,  49.3,  70.7,  90.8,  107.9,  120.6,  125.9,  126.4,  120.7,  109.4,  92.8,  72.0,  49.3,  26.7,  3.3,  -10.0,  -16.5,  -16.5,  -12.7,  -7.4,  -6.0,  -10.4,  -11.8,  -9.6,  -2.5,  5.4,  15.7,  25.9,  36.5,  45.1,  48.3,  51.0,  49.6,  47.8,  2.4,  -0.5,  -0.3,  4.0,  6.0,  5.7,  7.3,  3.5,  4.4,  8.2,  10.7,  10.0,  72.0,  68.2,  67.4,  70.0,  69.3,  72.5,  78.1,  82.1,  83.1,  82.8,  81.3,  78.2,  72.5,  72.3,  74.0,  74.0,  77.5,  75.4,  75.3,  73.6,  398.9,  402.7,  407.1,  409.7,  407.0,  403.8,  397.1,  388.1,  388.2,  398.5,  415.5,  427.6,  432.5,  430.5,  424.7,  418.8,  416.5,  366.4,  357.0,  351.5,  348.6,  347.3,  352.2,  359.4,  367.5,  377.0,  388.9,  350.4,  346.5,  342.2,  338.3,  355.5,  354.3,  353.4,  356.5,  360.0,  361.9,  360.5,  361.8,  364.0,  361.6,  360.8,  370.0,  371.0,  374.3,  379.4,  375.2,  372.0,  373.7,  361.7,  360.1,  361.1,  363.0,  371.5,  385.0,  371.9,  363.8,  361.0,  360.6,  364.7,  371.7,  361.0,  362.0,  364.4,  380.6,  363.5,  360.9,  360.7,  2.336,  0.262,  -0.158,  0.126,  646.739,  460.522,  -4.527,  5.585,  -10.046,  -3.484,  -9.576,  6.184,  -5.762,  -0.253,  19.226,  -4.921,  -13.467,  -4.188,  -8.449,  -0.469,  -2.337,  6.776,  -2.630,  0.187,  -3.532,  -6.136,  -0.321,  -1.565,  -1.525,  -4.249,  0.346,  -0.051,  -0.666,  -0.332,  -0.503,  -0.576,  -0.084,  -0.377,  0.175,  0.097, 0.00, 0.00, 0.00, 0.00, 0.00, 0.24, 0.00, 0.24, 0.00, 0.19, 0.53, 0.95, 0.30, 0.41, 0.00, 0.00, 0.00, 0.00, 0.00, 0.00, 0.00, 0.00, 1.00, 0.00, 0.00, 0.00, 1.00, 1.00, 1.00, 1.00, 1.00, 0.00, 0.00, 0.00, 0.00
10,  0,  0.300,  0.98,  1,  0.133555,  0.260676,  -0.956144,  -0.094493,  0.255960,  -0.962058,  0.020,  0.263,  567.6,  572.4,  583.3,  594.0,  598.1,  594.1,  582.4,  571.8,  555.1,  562.5,  571.8,  583.4,  594.6,  602.4,  607.6,  600.3,  590.8,  580.1,  570.2,  561.7,  577.2,  582.6,  588.2,  590.6,  588.5,  583.1,  577.6,  575.1,  709.5,  714.1,  724.5,  734.6,  738.6,  734.0,  723.6,  712.7,  701.6,  709.1,  718.4,  729.3,  739.2,  747.2,  752.4,  746.1,  737.9,  727.9,  717.8,  708.5,  718.3,  723.7,  729.2,  731.6,  729.5,  724.1,  718.6,  716.2,  364.8,  354.5,  350.4,  355.0,  365.6,  376.9,  380.0,  375.4,  367.8,  362.3,  359.2,  358.0,  360.7,  365.3,  372.0,  374.2,  374.2,  373.8,  372.6,  370.8,  371.1,  373.4,  371.4,  366.2,  360.9,  358.5,  360.5,  365.8,  375.0,  364.8,  360.8,  365.3,  375.7,  385.9,  390.0,  386.2,  378.4,  373.0,  369.4,  368.4,  370.5,  374.1,  378.9,  382.7,  384.5,  384.6,  383.5,  381.8,  380.7,  383.1,  380.9,  375.5,  369.9,  367.5,  369.7,  375.1,  -29.3,  -27.5,  -23.1,  -18.7,  -17.0,  -18.5,  -23.2,  -27.5,  -34.7,  -31.5,  -27.6,  -22.9,  -18.4,  -15.3,  -13.2,  -16.0,  -19.8,  -24.0,  -28.1,  -31.7,  -25.4,  -23.2,  -21.0,  -20.1,  -20.9,  -23.2,  -25.4,  -26.3,  28.7,  30.6,  34.9,  39.1,  40.8,  38.9,  34.6,  30.0,  25.6,  28.5,  32.3,  36.7,  41.1,  44.7,  47.3,  44.3,  40.5,  36.3,  32.1,  28.3,  32.4,  34.7,  37.0,  38.0,  37.1,  34.8,  32.5,  31.5,  2.0,  -2.2,  -3.9,  -2.0,  2.3,  6.8,  8.0,  6.2,  3.2,  0.9,  -0.3,  -0.8,  0.3,  2.2,  4.9,  5.7,  5.7,  5.5,  5.1,  4.4,  4.5,  5.4,  4.6,  2.5,  0.3,  -0.6,  0.2,  2.3,  6.2,  2.0,  0.3,  2.2,  6.5,  10.7,  12.4,  10.8,  7.6,  5.4,  3.9,  3.5,  4.3,  5.9,  8.0,  9.5,  10.1,  10.2,  9.7,  9.0,  8.6,  9.6,  8.7,  6.4,  4.1,  3.1,  4.0,  6.3,  354.4,  355.9,  356.5,  355.9,  354.4,  353.1,  352.3,  352.9,  357.1,  355.4,  353.8,  353.3,  353.8,  354.6,  355.4,  353.3,  351.5,  351.0,  352.2,  354.4,  354.5,  354.1,  354.5,  355.2,  356.0,  356.3,  356.0,  355.2,  361.2,  361.1,  361.3,  361.7,  362.0,  362.1,  361.9,  361.9,  362.9,  361.2,  360.2,  360.2,  362.0,  365.0,  368.1,  365.1,  362.5,  361.0,  360.8,  361.7,  362.4,  362.6,  362.8,  362.7,  362.5,  362.3,  362.2,  362.2,  2.5,  42.8,  370.0,  0.144,  -0.138,  0.121,  466.0,  464.3,  465.5,  468.6,  481.7,  505.8,  538.4,  582.9,  629.1,  668.3,  700.3,  727.5,  751.8,  769.7,  782.8,  795.4,  804.5,  508.5,  535.0,  569.9,  604.1,  635.9,  692.5,  724.1,  752.8,  779.4,  794.5,  662.0,  662.6,  663.1,  663.1,  618.1,  635.9,  653.6,  671.2,  687.2,  552.5,  572.1,  593.1,  609.8,  591.8,  571.1,  699.8,  718.6,  738.4,  753.0,  737.9,  719.0,  574.0,  605.6,  629.5,  647.6,  668.1,  688.2,  704.8,  687.9,  668.0,  646.9,  627.6,  602.9,  586.0,  628.1,  646.5,  667.0,  696.0,  667.3,  647.1,  628.3,  331.2,  376.8,  421.4,  465.5,  511.9,  556.5,  597.4,  631.9,  643.9,  637.7,  614.1,  583.6,  547.4,  506.0,  461.4,  415.8,  367.2,  336.7,  320.5,  319.7,  328.8,  342.1,  345.8,  335.3,  332.6,  338.2,  354.8,  374.2,  400.4,  427.2,  455.5,  471.7,  480.0,  487.1,  482.5,  476.8,  366.5,  359.4,  359.8,  370.2,  375.2,  374.5,  377.6,  368.6,  370.5,  379.3,  385.3,  383.9,  529.5,  525.9,  524.6,  530.3,  527.7,  531.3,  537.9,  553.7,  560.4,  561.1,  557.8,  548.4,  531.4,  536.1,  539.5,  538.3,  538.8,  542.1,  543.2,  539.4,  -79.4,  -80.9,  -81.2,  -80.3,  -73.7,  -62.0,  -46.2,  -25.3,  -4.8,  12.9,  28.7,  42.8,  55.4,  63.9,  69.4,  74.4,  78.3,  -55.1,  -42.9,  -28.2,  -14.3,  -1.6,  21.2,  34.6,  47.4,  60.1,  68.7,  8.8,  9.0,  9.0,  9.0,  -8.9,  -1.7,  5.5,  12.8,  19.5,  -36.2,  -28.0,  -19.4,  -12.6,  -19.9,  -28.4,  25.3,  33.4,  42.1,  49.0,  42.0,  33.6,  -28.3,  -14.2,  -4.3,  3.2,  11.7,  20.5,  28.6,  20.4,  11.7,  2.9,  -5.1,  -15.5,  -23.0,  -4.9,  2.7,  11.3,  24.4,  11.4,  2.9,  -4.8,  -13.1,  7.8,  28.6,  49.4,  70.7,  90.7,  107.8,  120.7,  126.1,  126.6,  120.9,  109.5,  92.8,  71.9,  49.3,  26.7,  3.4,  -9.7,  -16.1,  -16.2,  -12.4,  -7.1,  -5.7,  -10.1,  -11.5,  -9.4,  -2.3,  5.7,  16.0,  26.4,  37.0,  45.5,  48.7,  51.5,  50.0,  48.2,  2.7,  -0.3,  -0.1,  4.2,  6.3,  6.0,  7.4,  3.7,  4.5,  8.4,  10.9,  10.2,  72.5,  68.8,  67.9,  70.5,  69.8,  72.9,  78.5,  82.5,  83.5,  83.2,  81.7,  78.7,  73.0,  72.8,  74.5,  74.4,  78.0,  75.8,  75.7,  74.1,  399.1,  403.0,  407.4,  409.9,  407.3,  404.2,  397.6,  388.5,  388.6,  399.0,  416.3,  428.5,  433.3,  431.1,  425.2,  419.0,  416.5,  366.6,  357.2,  351.6,  348.8,  347.4,  352.5,  359.7,  367.8,  377.3,  389.2,  350.8,  347.1,  342.9,  339.3,  356.3,  355.1,  354.3,  357.3,  360.8,  362.1,  360.8,  362.0,  364.4,  361.9,  361.1,  370.5,  371.4,  374.7,  379.8,  375.6,  372.5,  374.6,  362.7,  361.1,  362.2,  364.0,  372.5,  386.0,  372.7,  364.5,  361.7,  361.4,  365.6,  372.7,  362.0,  363.0,  365.4,  381.6,  364.3,  361.7,  361.5,  2.332,  0.268,  -0.160,  0.126,  645.444,  460.999,  -5.483,  5.566,  -10.764,  -4.026,  -9.577,  6.725,  -6.008,  -0.151,  19.708,  -4.266,  -13.874,  -4.445,  -8.826,  -0.481,  -2.166,  6.954,  -1.838,  0.014,  -3.586,  -5.917,  -0.030,  -1.412,  -1.498,  -4.207,  0.087,  0.077,  -0.679,  -0.214,  -0.503,  -0.551,  -0.016,  -0.389,  0.174,  0.033, 0.00, 0.00, 0.00, 0.00, 0.00, 0.09, 0.00, 0.36, 0.00, 0.31, 0.44, 0.99, 0.21, 0.44, 0.00, 0.00, 0.00, 0.00, 0.00, 0.00, 0.00, 0.00, 1.00, 0.00, 0.00, 0.00, 1.00, 1.00, 1.00, 1.00, 1.00, 0.00, 0.00, 0.00, 0.00
11,  0,  0.334,  0.98,  1,  0.152276,  0.256423,  -0.954494,  -0.104543,  0.257161,  -0.960697,  0.025,  0.262,  566.4,  571.2,  582.3,  593.1,  597.4,  593.3,  581.5,  570.7,  553.3,  560.8,  570.3,  581.9,  593.2,  601.1,  606.3,  599.0,  589.4,  578.5,  568.5,  560.0,  576.1,  581.6,  587.3,  589.7,  587.6,  582.1,  576.4,  574.0,  707.6,  712.2,  722.7,  732.9,  736.9,  732.3,  721.8,  710.8,  700.0,  707.7,  717.3,  728.2,  738.0,  745.7,  750.7,  744.6,  736.5,  726.6,  716.5,  707.0,  716.5,  721.8,  727.3,  729.7,  727.6,  722.3,  716.8,  714.4,  364.4,  354.0,  349.9,  354.6,  365.3,  376.7,  379.8,  375.1,  367.4,  361.9,  358.8,  357.8,  360.4,  365.0,  371.7,  374.0,  374.1,  373.7,  372.4,  370.6,  370.8,  373.2,  371.2,  365.9,  360.5,  358.1,  360.1,  365.4,  374.7,  364.3,  360.2,  364.8,  375.3,  385.7,  389.8,  385.9,  378.2,  372.4,  368.6,  367.6,  369.7,  373.6,  378.6,  382.3,  384.1,  384.2,  383.1,  381.4,  380.3,  382.7,  380.6,  375.2,  369.6,  367.2,  369.3,  374.8,  -29.4,  -27.6,  -23.2,  -18.8,  -17.0,  -18.6,  -23.2,  -27.6,  -34.9,  -31.7,  -27.8,  -23.2,  -18.7,  -15.6,  -13.5,  -16.4,  -20.1,  -24.3,  -28.4,  -32.0,  -25.5,  -23.3,  -21.1,  -20.1,  -21.1,  -23.3,  -25.5,  -26.5,  27.6,  29.5,  33.8,  38.0,  39.7,  37.8,  33.5,  28.9,  24.6,  27.6,  31.5,  35.9,  40.2,  43.7,  46.2,  43.2,  39.6,  35.4,  31.2,  27.4,  31.3,  33.6,  35.8,  36.8,  36.0,  33.7,  31.5,  30.5,  1.8,  -2.4,  -4.1,  -2.2,  2.1,  6.7,  7.9,  6.0,  3.0,  0.8,  -0.5,  -0.9,  0.2,  2.0,  4.7,  5.6,  5.6,  5.4,  4.9,  4.2,  4.3,  5.3,  4.5,  2.4,  0.2,  -0.8,  0.0,  2.2,  6.0,  1.8,  0.1,  2.0,  6.3,  10.5,  12.2,  10.6,  7.5,  5.0,  3.5,  3.1,  4.0,  5.6,  7.8,  9.2,  9.9,  9.9,  9.4,  8.8,  8.3,  9.3,  8.5,  6.2,  3.9,  3.0,  3.8,  6.1,  349.7,  351.3,  352.0,  351.5,  350.0,  348.6,  347.7,  348.2,  352.3,  350.7,  349.2,  348.7,  349.2,  350.1,  350.8,  348.7,  346.9,  346.4,  347.5,  349.7,  349.8,  349.5,  349.9,  350.7,  351.5,  351.8,  351.4,  350.6,  357.4,  357.4,  357.7,  358.2,  358.5,  358.6,  358.2,  358.0,  358.8,  357.3,  356.4,  356.6,  358.5,  361.7,  364.8,  361.7,  359.0,  357.2,  356.9,  357.7,  358.7,  358.9,  359.1,  359.2,  359.0,  358.7,  358.5,  358.5,  1.9,  42.9,  369.5,  0.141,  -0.141,  0.120,  464.7,  462.9,  464.1,  467.4,  480.8,  505.1,  537.6,  582.2,  628.1,  666.8,  698.4,  725.3,  749.7,  767.9,  781.1,  793.9,  803.0,  507.4,  533.9,  568.6,  602.5,  634.1,  690.9,  722.3,  751.1,  777.9,  793.2,  660.5,  661.1,  661.7,  661.8,  616.9,  634.6,  652.3,  669.9,  685.9,  550.9,  570.5,  591.6,  608.5,  590.4,  569.5,  698.2,  717.1,  737.0,  751.7,  736.6,  717.5,  572.8,  604.7,  628.8,  646.6,  666.8,  687.0,  703.7,  686.8,  666.9,  646.1,  626.9,  602.1,  585.0,  627.3,  645.5,  665.6,  694.8,  666.1,  646.2,  627.5,  331.2,  377.0,  421.9,  466.3,  512.8,  557.3,  598.2,  632.5,  644.5,  638.5,  615.3,  584.8,  548.5,  506.7,  461.6,  415.4,  366.2,  336.4,  320.2,  319.6,  328.8,  341.9,  345.7,  335.0,  332.1,  337.7,  354.5,  373.8,  400.0,  426.9,  455.2,  471.8,  480.1,  487.1,  482.4,  476.7,  366.2,  358.9,  359.4,  369.9,  375.0,  374.3,  377.2,  368.1,  369.9,  378.8,  385.0,  383.6,  530.2,  526.6,  525.0,  530.6,  528.0,  531.8,  538.4,  554.9,  561.6,  562.3,  559.0,  549.5,  532.2,  536.7,  540.0,  538.8,  539.4,  542.9,  543.8,  540.1,  -79.7,  -81.3,  -81.7,  -80.7,  -73.9,  -62.2,  -46.4,  -25.6,  -5.3,  12.2,  27.8,  41.7,  54.3,  62.9,  68.5,  73.5,  77.4,  -55.4,  -43.2,  -28.6,  -14.9,  -2.4,  20.5,  33.8,  46.7,  59.4,  68.0,  8.2,  8.4,  8.5,  8.4,  -9.4,  -2.2,  5.0,  12.2,  18.9,  -36.8,  -28.6,  -20.0,  -13.1,  -20.5,  -29.1,  24.6,  32.7,  41.5,  48.4,  41.4,  33.0,  -28.7,  -14.6,  -4.6,  2.7,  11.1,  20.0,  28.1,  19.9,  11.2,  2.5,  -5.4,  -15.8,  -23.4,  -5.3,  2.3,  10.7,  23.9,  10.8,  2.6,  -5.1,  -13.1,  7.8,  28.7,  49.7,  70.9,  91.0,  108.0,  120.8,  126.2,  126.8,  121.3,  110.0,  93.3,  72.2,  49.3,  26.5,  2.9,  -9.9,  -16.2,  -16.2,  -12.4,  -7.2,  -5.8,  -10.3,  -11.7,  -9.6,  -2.4,  5.5,  15.9,  26.2,  36.9,  45.4,  48.6,  51.3,  49.9,  48.1,  2.6,  -0.5,  -0.3,  4.1,  6.2,  5.9,  7.3,  3.4,  4.2,  8.1,  10.7,  10.0,  72.8,  68.9,  67.9,  70.5,  69.7,  73.0,  78.6,  82.9,  83.8,  83.5,  82.0,  79.0,  73.3,  73.0,  74.5,  74.5,  78.1,  76.0,  75.8,  74.2,  397.8,  401.8,  406.2,  408.8,  406.3,  403.3,  396.8,  387.9,  388.0,  398.4,  415.8,  428.1,  433.0,  430.8,  424.7,  418.2,  415.4,  365.7,  356.4,  351.1,  348.5,  347.2,  352.2,  359.4,  367.4,  376.8,  388.6,  350.4,  346.6,  342.3,  338.6,  355.5,  354.4,  353.6,  356.7,  360.4,  361.5,  360.3,  361.6,  363.9,  361.5,  360.7,  369.9,  370.8,  374.2,  379.2,  375.1,  371.9,  374.1,  362.1,  360.4,  361.4,  363.2,  371.8,  385.5,  372.0,  363.7,  361.0,  360.7,  365.0,  372.2,  361.4,  362.3,  364.7,  381.0,  363.5,  360.9,  360.7,  2.336,  0.266,  -0.163,  0.125,  644.151,  461.218,  -6.420,  4.935,  -10.973,  -2.806,  -10.269,  6.816,  -5.918,  0.274,  19.690,  -5.186,  -13.723,  -4.456,  -8.903,  -1.166,  -2.847,  7.543,  -1.416,  -0.239,  -3.235,  -5.844,  -0.114,  -1.609,  -1.581,  -3.918,  0.168,  0.429,  -0.765,  -0.235,  -0.459,  -0.537,  -0.044,  -0.405,  0.173,  0.008, 0.00, 0.00, 0.00, 0.00, 0.00, 0.01, 0.00, 0.38, 0.00, 0.34, 0.40, 0.98, 0.17, 0.44, 0.00, 0.00, 0.00, 0.00, 0.00, 0.00, 0.00, 0.00, 1.00, 0.00, 0.00, 0.00, 1.00, 1.00, 1.00, 1.00, 1.00, 0.00, 0.00, 0.00, 0.00
12,  0,  0.367,  0.98,  1,  0.131159,  0.240201,  -0.961822,  -0.093708,  0.258140,  -0.961552,  0.019,  0.254,  564.7,  569.4,  580.1,  590.6,  594.6,  590.7,  579.2,  568.8,  552.1,  559.3,  568.6,  580.3,  591.6,  599.4,  604.7,  597.4,  587.8,  577.0,  567.1,  558.6,  574.3,  579.5,  584.8,  587.2,  585.2,  580.0,  574.7,  572.3,  706.4,  710.9,  721.4,  731.6,  735.6,  731.1,  720.6,  709.6,  698.6,  706.2,  715.6,  726.6,  736.5,  744.4,  749.5,  743.2,  735.0,  725.0,  714.9,  705.6,  715.2,  720.6,  726.2,  728.7,  726.5,  721.0,  715.5,  713.0,  363.6,  353.1,  349.0,  353.5,  364.0,  375.4,  378.6,  374.1,  367.0,  361.5,  358.4,  357.2,  359.8,  364.5,  371.0,  373.3,  373.4,  373.1,  371.9,  370.1,  369.5,  371.8,  369.7,  364.6,  359.3,  357.1,  359.1,  364.3,  373.8,  363.5,  359.3,  363.8,  374.3,  384.6,  388.8,  385.0,  377.4,  371.5,  367.7,  366.6,  368.7,  372.5,  377.5,  381.2,  383.0,  383.2,  382.1,  380.5,  379.5,  381.9,  379.6,  374.1,  368.4,  366.0,  368.3,  373.8,  -30.6,  -28.8,  -24.4,  -20.2,  -18.4,  -20.0,  -24.6,  -28.9,  -36.1,  -32.9,  -29.0,  -24.2,  -19.6,  -16.5,  -14.4,  -17.3,  -21.1,  -25.4,  -29.5,  -33.1,  -26.7,  -24.6,  -22.4,  -21.5,  -22.4,  -24.5,  -26.7,  -27.6,  27.2,  29.0,  33.3,  37.6,  39.3,  37.4,  33.1,  28.6,  24.1,  27.1,  30.9,  35.3,  39.6,  43.2,  45.7,  42.7,  39.1,  34.8,  30.6,  26.9,  30.9,  33.2,  35.5,  36.5,  35.6,  33.3,  31.0,  30.0,  1.4,  -2.8,  -4.5,  -2.7,  1.6,  6.2,  7.5,  5.7,  2.9,  0.6,  -0.7,  -1.1,  -0.1,  1.8,  4.5,  5.4,  5.4,  5.3,  4.8,  4.1,  3.9,  4.8,  4.0,  1.9,  -0.3,  -1.2,  -0.4,  1.7,  5.7,  1.4,  -0.3,  1.6,  5.9,  10.1,  11.8,  10.3,  7.2,  4.7,  3.1,  2.7,  3.6,  5.2,  7.3,  8.8,  9.4,  9.5,  9.0,  8.4,  8.0,  9.0,  8.1,  5.8,  3.5,  2.5,  3.4,  5.7,  355.9,  357.0,  357.4,  356.7,  355.5,  354.6,  354.1,  354.7,  359.1,  357.0,  355.1,  354.3,  354.7,  355.7,  356.7,  354.8,  353.1,  352.8,  354.0,  356.3,  356.0,  355.7,  355.9,  356.5,  357.1,  357.4,  357.2,  356.6,  358.2,  358.1,  358.3,  358.8,  359.2,  359.4,  359.1,  359.0,  359.8,  358.1,  357.1,  357.2,  359.1,  362.2,  365.4,  362.4,  359.7,  358.1,  357.8,  358.7,  359.5,  359.8,  359.9,  359.9,  359.6,  359.4,  359.2,  359.3,  1.5,  42.7,  369.0,  0.141,  -0.147,  0.119,  463.4,  461.6,  462.8,  466.1,  479.5,  503.5,  535.8,  580.6,  627.0,  665.9,  697.4,  724.2,  748.6,  766.6,  779.8,  792.5,  801.6,  506.2,  532.6,  567.1,  601.0,  632.4,  689.3,  720.9,  749.8,  776.5,  791.7,  658.9,  659.7,  660.5,  660.8,  616.0,  633.8,  651.4,  669.0,  684.9,  549.4,  568.9,  590.0,  606.9,  588.9,  568.0,  696.8,  715.6,  735.5,  750.3,  735.1,  716.1,  571.8,  604.0,  628.3,  646.2,  666.3,  686.8,  703.5,  686.8,  666.8,  646.0,  626.8,  601.6,  584.1,  626.7,  645.0,  665.1,  694.6,  665.7,  646.0,  627.2,  331.3,  376.9,  421.5,  465.6,  511.7,  556.2,  597.3,  632.4,  644.8,  639.1,  615.9,  585.2,  548.4,  506.3,  460.8,  414.2,  364.7,  335.7,  319.6,  319.0,  328.0,  341.0,  344.8,  333.8,  330.9,  336.7,  353.6,  373.0,  399.3,  426.2,  454.5,  471.6,  479.7,  486.6,  481.9,  476.2,  365.9,  358.4,  358.8,  369.2,  374.4,  373.8,  376.3,  367.1,  368.9,  377.8,  384.0,  382.6,  530.7,  526.8,  525.0,  530.6,  527.9,  531.6,  538.4,  555.4,  562.3,  563.0,  559.8,  550.1,  532.7,  537.0,  540.2,  539.0,  539.4,  543.2,  544.1,  540.4,  -80.0,  -81.6,  -81.9,  -80.9,  -74.3,  -62.7,  -47.1,  -26.2,  -5.8,  11.8,  27.3,  41.2,  53.7,  62.3,  67.8,  72.8,  76.5,  -55.8,  -43.6,  -29.2,  -15.5,  -3.0,  19.8,  33.2,  46.0,  58.7,  67.2,  7.5,  7.8,  8.0,  8.0,  -9.8,  -2.5,  4.6,  11.8,  18.5,  -37.3,  -29.2,  -20.6,  -13.7,  -21.1,  -29.6,  24.0,  32.0,  40.8,  47.7,  40.7,  32.3,  -29.1,  -14.8,  -4.8,  2.5,  10.9,  19.8,  27.9,  19.9,  11.1,  2.5,  -5.4,  -16.0,  -23.7,  -5.5,  2.1,  10.5,  23.7,  10.7,  2.5,  -5.3,  -13.0,  7.7,  28.4,  49.1,  70.2,  90.1,  107.2,  120.4,  126.0,  126.8,  121.5,  110.2,  93.3,  72.0,  48.9,  25.8,  2.2,  -10.1,  -16.4,  -16.4,  -12.7,  -7.5,  -6.1,  -10.8,  -12.2,  -10.0,  -2.8,  5.2,  15.5,  25.9,  36.5,  45.3,  48.4,  51.1,  49.6,  47.8,  2.4,  -0.7,  -0.5,  3.8,  6.0,  5.7,  6.9,  3.0,  3.8,  7.7,  10.3,  9.6,  72.9,  68.9,  67.8,  70.3,  69.6,  72.8,  78.5,  83.0,  83.9,  83.6,  82.2,  79.2,  73.3,  73.0,  74.5,  74.5,  78.0,  75.9,  75.8,  74.2,  396.2,  400.1,  404.6,  407.3,  404.9,  401.9,  395.4,  386.7,  387.0,  397.6,  415.4,  428.0,  433.1,  430.7,  424.2,  417.3,  414.3,  364.5,  355.4,  350.2,  347.7,  346.7,  351.6,  358.8,  366.8,  376.1,  387.7,  349.8,  346.1,  341.9,  338.2,  355.0,  353.9,  353.2,  356.4,  360.1,  360.8,  359.6,  360.9,  363.4,  360.9,  360.1,  369.3,  370.2,  373.6,  378.6,  374.6,  371.4,  373.5,  361.3,  359.7,  360.8,  362.5,  371.3,  385.1,  371.5,  363.1,  360.3,  360.0,  364.3,  371.6,  360.8,  361.8,  364.1,  380.6,  362.7,  360.1,  359.9,  2.340,  0.267,  -0.169,  0.123,  643.091,  460.865,  -7.479,  3.609,  -11.636,  -2.566,  -11.599,  6.667,  -6.450,  1.287,  20.129,  -4.963,  -14.258,  -5.152,  -9.287,  -1.557,  -3.248,  7.703,  -0.779,  -0.916,  -2.804,  -6.088,  0.085,  -1.494,  -1.435,  -3.674,  0.118,  0.616,  -0.769,  -0.209,  -0.523,  -0.494,  0.017,  -0.469,  0.168,  0.022, 0.00, 0.00, 0.00, 0.00, 0.00, 0.01, 0.00, 0.31, 0.00, 0.27, 0.26, 0.99, 0.12, 0.49, 0.00, 0.00, 0.00, 0.00, 0.00, 0.00, 0.00, 0.00, 1.00, 0.00, 0.00, 0.00, 1.00, 1.00, 1.00, 1.00, 1.00, 0.00, 0.00, 0.00, 0.00
13,  0,  0.400,  0.98,  1,  0.141173,  0.242187,  -0.959904,  -0.099402,  0.249415,  -0.963282,  0.022,  0.250,  563.9,  568.4,  579.0,  589.5,  593.7,  589.9,  578.5,  568.0,  551.0,  558.1,  567.5,  579.0,  590.2,  598.1,  603.5,  596.3,  586.9,  576.3,  566.3,  557.7,  573.3,  578.7,  584.1,  586.5,  584.4,  579.0,  573.5,  571.1,  704.8,  709.3,  719.8,  730.1,  734.1,  729.5,  719.0,  707.9,  696.9,  704.8,  714.4,  725.6,  735.6,  743.2,  747.9,  741.8,  733.7,  723.7,  713.5,  704.1,  713.5,  719.0,  724.5,  727.0,  724.9,  719.4,  713.9,  711.4,  363.1,  352.6,  348.3,  352.8,  363.3,  374.8,  378.1,  373.7,  366.3,  360.9,  357.5,  356.2,  358.8,  363.6,  370.3,  372.5,  372.7,  372.5,  371.4,  369.5,  369.1,  371.5,  369.3,  363.9,  358.4,  356.1,  358.3,  363.7,  372.6,  362.2,  358.0,  362.4,  372.8,  383.2,  387.4,  383.7,  376.0,  370.2,  366.4,  365.4,  367.6,  371.3,  376.1,  380.0,  381.9,  382.1,  380.9,  379.2,  378.0,  380.3,  378.1,  372.6,  367.0,  364.6,  366.9,  372.4,  -31.0,  -29.2,  -24.9,  -20.6,  -18.8,  -20.3,  -24.9,  -29.2,  -36.6,  -33.5,  -29.5,  -24.7,  -20.2,  -17.1,  -14.9,  -17.8,  -21.5,  -25.7,  -29.9,  -33.6,  -27.2,  -25.0,  -22.8,  -21.8,  -22.7,  -24.9,  -27.2,  -28.1,  26.2,  28.0,  32.2,  36.4,  38.1,  36.3,  32.0,  27.5,  23.1,  26.1,  30.0,  34.5,  38.7,  42.2,  44.6,  41.7,  38.1,  33.8,  29.7,  25.9,  29.8,  32.1,  34.3,  35.3,  34.4,  32.2,  29.9,  28.9,  1.3,  -3.0,  -4.8,  -2.9,  1.4,  6.0,  7.4,  5.6,  2.6,  0.4,  -1.0,  -1.5,  -0.5,  1.5,  4.2,  5.1,  5.2,  5.1,  4.6,  3.9,  3.7,  4.7,  3.8,  1.6,  -0.6,  -1.6,  -0.7,  1.5,  5.1,  0.9,  -0.8,  1.0,  5.2,  9.4,  11.1,  9.6,  6.5,  4.1,  2.6,  2.2,  3.1,  4.6,  6.7,  8.2,  8.9,  8.9,  8.4,  7.8,  7.3,  8.3,  7.4,  5.1,  2.8,  1.9,  2.8,  5.0,  356.4,  357.3,  357.6,  357.1,  356.1,  355.4,  354.8,  355.3,  359.7,  357.6,  355.7,  354.9,  355.4,  356.4,  357.5,  355.6,  354.0,  353.6,  354.7,  357.0,  356.6,  356.3,  356.5,  357.0,  357.5,  357.8,  357.6,  357.1,  353.5,  353.1,  353.3,  354.0,  354.7,  355.0,  354.8,  354.4,  355.0,  353.3,  352.2,  352.5,  354.6,  358.0,  361.4,  358.3,  355.5,  353.7,  353.3,  354.0,  354.9,  355.3,  355.4,  355.3,  354.9,  354.5,  354.4,  354.5,  1.1,  42.4,  368.5,  0.133,  -0.149,  0.115,  462.0,  460.2,  461.6,  465.4,  479.5,  504.2,  536.7,  580.9,  626.4,  664.6,  695.8,  722.5,  747.0,  765.3,  778.6,  791.3,  800.3,  504.5,  530.9,  565.6,  599.5,  631.0,  688.1,  719.6,  748.4,  775.1,  790.2,  657.7,  658.6,  659.5,  659.9,  615.4,  633.1,  650.7,  668.1,  683.9,  548.3,  567.8,  588.9,  605.8,  587.8,  566.9,  695.5,  714.2,  734.2,  748.9,  733.8,  714.8,  572.5,  604.0,  627.8,  645.6,  665.7,  685.7,  702.0,  685.7,  666.1,  645.3,  626.2,  601.6,  584.7,  626.4,  644.5,  664.6,  693.2,  665.1,  645.3,  626.7,  330.5,  377.0,  422.6,  467.5,  514.1,  558.4,  598.8,  632.7,  644.7,  639.2,  616.6,  586.2,  549.7,  507.2,  461.1,  413.8,  363.6,  335.6,  319.1,  318.3,  327.2,  340.1,  343.5,  332.7,  329.7,  335.3,  352.3,  371.7,  398.1,  425.0,  453.4,  470.8,  478.9,  485.7,  480.9,  475.2,  365.2,  357.6,  358.0,  368.4,  373.6,  373.1,  375.2,  365.8,  367.6,  376.5,  382.7,  381.5,  530.8,  526.4,  524.3,  529.9,  527.1,  531.0,  537.9,  554.7,  561.5,  562.3,  559.2,  549.8,  532.7,  536.2,  539.3,  538.0,  538.9,  542.6,  543.6,  539.9,  -80.6,  -82.2,  -82.5,  -81.3,  -74.2,  -62.3,  -46.6,  -26.1,  -6.0,  11.2,  26.5,  40.3,  52.9,  61.6,  67.1,  72.2,  75.9,  -56.5,  -44.3,  -29.8,  -16.1,  -3.6,  19.3,  32.6,  45.4,  58.1,  66.6,  7.1,  7.4,  7.6,  7.7,  -10.0,  -2.8,  4.3,  11.4,  18.0,  -37.8,  -29.7,  -21.0,  -14.2,  -21.5,  -30.0,  23.4,  31.4,  40.2,  47.1,  40.1,  31.7,  -28.8,  -14.8,  -5.0,  2.3,  10.6,  19.3,  27.2,  19.4,  10.8,  2.2,  -5.7,  -16.0,  -23.4,  -5.6,  1.9,  10.2,  23.1,  10.4,  2.2,  -5.5,  -13.3,  7.8,  28.9,  50.0,  71.3,  91.0,  107.7,  120.3,  125.8,  126.7,  121.6,  110.5,  93.7,  72.4,  49.0,  25.7,  1.7,  -10.2,  -16.6,  -16.7,  -13.0,  -7.9,  -6.6,  -11.2,  -12.7,  -10.6,  -3.4,  4.7,  15.1,  25.4,  36.0,  44.9,  48.0,  50.6,  49.2,  47.3,  2.1,  -1.0,  -0.8,  3.5,  5.6,  5.4,  6.4,  2.5,  3.2,  7.1,  9.7,  9.1,  72.7,  68.6,  67.5,  69.9,  69.2,  72.5,  78.1,  82.5,  83.6,  83.3,  81.9,  78.9,  73.1,  72.5,  74.0,  74.0,  77.6,  75.6,  75.5,  74.0,  396.0,  400.0,  404.5,  407.3,  404.6,  401.4,  394.7,  386.2,  386.5,  397.0,  414.6,  427.2,  432.4,  430.2,  424.0,  417.3,  414.4,  364.6,  355.5,  350.3,  347.8,  346.6,  351.6,  358.8,  366.9,  376.2,  387.9,  349.7,  345.9,  341.5,  337.7,  354.4,  353.2,  352.4,  355.7,  359.4,  360.5,  359.3,  360.6,  363.1,  360.6,  359.7,  369.1,  370.0,  373.4,  378.4,  374.3,  371.1,  372.6,  360.7,  359.2,  360.2,  362.1,  370.7,  384.0,  370.9,  362.8,  360.1,  359.7,  363.7,  370.6,  360.2,  361.2,  363.5,  379.6,  362.4,  359.9,  359.6,  2.343,  0.259,  -0.171,  0.119,  642.174,  460.422,  -7.823,  3.981,  -11.476,  -1.256,  -10.772,  7.051,  -4.773,  1.029,  20.370,  -6.332,  -14.166,  -4.855,  -8.511,  -1.366,  -3.071,  7.609,  -1.459,  -1.152,  -3.390,  -6.075,  0.228,  -1.519,  -1.624,  -3.394,  0.574,  0.485,  -0.849,  -0.262,  -0.381,  -0.464,  -0.019,  -0.462,  0.172,  0.060, 0.00, 0.00, 0.00, 0.00, 0.00, 0.00, 0.00, 0.22, 0.00, 0.16, 0.17, 1.03, 0.05, 0.52, 0.00, 0.00, 0.00, 0.00, 0.00, 0.00, 0.00, 0.00, 1.00, 0.00, 0.00, 0.00, 1.00, 1.00, 1.00, 1.00, 1.00, 0.00, 0.00, 0.00, 0.00
14,  0,  0.434,  0.98,  1,  0.130540,  0.225906,  -0.965363,  -0.093651,  0.253795,  -0.962714,  0.019,  0.244,  562.5,  567.2,  577.7,  587.9,  591.8,  587.9,  576.6,  566.4,  550.4,  556.9,  566.0,  577.7,  589.1,  597.1,  602.4,  595.1,  585.4,  574.6,  564.8,  556.5,  572.0,  577.1,  582.3,  584.7,  582.7,  577.6,  572.4,  570.1,  703.8,  708.2,  718.7,  729.1,  733.3,  728.8,  718.3,  707.1,  696.0,  703.8,  713.5,  724.4,  734.3,  742.1,  747.1,  740.9,  732.7,  722.7,  712.6,  703.1,  712.7,  718.2,  723.8,  726.1,  723.9,  718.4,  712.9,  710.5,  361.9,  351.4,  347.3,  351.8,  362.4,  373.7,  377.0,  372.5,  365.4,  359.9,  356.7,  355.3,  358.0,  362.8,  369.5,  371.8,  372.1,  372.0,  370.8,  368.8,  367.6,  369.9,  367.9,  362.7,  357.4,  355.1,  357.2,  362.4,  371.6,  361.1,  356.8,  361.1,  371.6,  382.1,  386.5,  382.8,  375.0,  369.0,  365.1,  364.0,  366.1,  369.9,  374.8,  378.7,  380.6,  380.9,  379.8,  378.2,  377.1,  379.4,  377.1,  371.5,  365.9,  363.6,  365.9,  371.5,  -31.7,  -29.8,  -25.5,  -21.3,  -19.7,  -21.2,  -25.8,  -30.0,  -37.1,  -34.2,  -30.2,  -25.4,  -20.7,  -17.5,  -15.4,  -18.3,  -22.2,  -26.6,  -30.7,  -34.3,  -27.8,  -25.7,  -23.6,  -22.7,  -23.5,  -25.6,  -27.7,  -28.7,  25.8,  27.6,  31.9,  36.2,  37.9,  36.1,  31.8,  27.3,  22.8,  25.9,  29.7,  34.1,  38.4,  41.9,  44.3,  41.4,  37.8,  33.5,  29.4,  25.6,  29.6,  31.8,  34.1,  35.1,  34.2,  31.9,  29.6,  28.7,  0.8,  -3.5,  -5.2,  -3.4,  1.0,  5.6,  6.9,  5.1,  2.3,  -0.0,  -1.4,  -1.9,  -0.8,  1.1,  3.9,  4.8,  4.9,  4.9,  4.4,  3.6,  3.1,  4.1,  3.2,  1.1,  -1.1,  -2.0,  -1.2,  1.0,  4.7,  0.4,  -1.3,  0.5,  4.7,  9.0,  10.8,  9.3,  6.1,  3.7,  2.1,  1.6,  2.5,  4.0,  6.1,  7.7,  8.4,  8.5,  8.0,  7.4,  6.9,  7.9,  7.0,  4.7,  2.4,  1.4,  2.4,  4.7,  358.2,  358.6,  358.5,  357.8,  357.0,  356.8,  356.7,  357.4,  362.1,  359.6,  357.3,  356.1,  356.4,  357.5,  358.6,  357.0,  355.6,  355.5,  356.9,  359.3,  358.3,  358.0,  357.9,  358.1,  358.5,  358.9,  358.9,  358.7,  354.7,  354.5,  354.7,  355.3,  355.8,  356.0,  355.7,  355.5,  356.2,  354.5,  353.6,  353.8,  355.7,  358.9,  362.2,  359.1,  356.4,  354.7,  354.4,  355.1,  356.0,  356.3,  356.5,  356.4,  356.1,  355.8,  355.7,  355.7,  0.9,  42.1,  369.1,  0.130,  -0.156,  0.113,  461.0,  459.3,  460.9,  464.6,  478.4,  503.0,  535.5,  580.4,  626.1,  664.2,  695.1,  721.4,  745.9,  764.1,  777.4,  790.2,  799.2,  503.5,  530.0,  564.5,  598.3,  629.7,  686.9,  718.2,  746.8,  773.5,  789.0,  656.6,  657.8,  658.8,  659.4,  615.1,  632.8,  650.4,  667.7,  683.4,  547.2,  566.5,  587.8,  604.7,  586.7,  565.7,  694.6,  713.1,  733.2,  748.0,  732.9,  713.8,  572.1,  603.9,  627.8,  645.6,  665.5,  685.6,  702.1,  685.9,  666.2,  645.6,  626.5,  601.5,  584.5,  626.4,  644.5,  664.4,  693.3,  664.9,  645.3,  626.7,  330.9,  377.1,  422.4,  466.9,  513.2,  557.3,  597.6,  631.9,  644.2,  639.0,  616.9,  586.7,  550.1,  507.4,  460.9,  413.1,  362.7,  335.1,  318.5,  317.8,  326.5,  339.1,  342.4,  331.4,  328.3,  333.6,  350.4,  370.6,  396.8,  423.6,  451.9,  469.9,  477.8,  484.5,  479.6,  473.9,  364.6,  356.8,  357.2,  367.7,  373.0,  372.4,  374.1,  364.5,  366.1,  375.1,  381.4,  380.3,  530.3,  525.4,  523.2,  528.6,  525.8,  529.8,  537.0,  554.1,  561.1,  561.9,  558.9,  549.5,  532.1,  535.3,  538.3,  537.0,  538.0,  542.0,  542.9,  539.4,  -80.9,  -82.4,  -82.6,  -81.5,  -74.6,  -62.8,  -47.1,  -26.3,  -6.1,  11.0,  26.1,  39.8,  52.4,  61.1,  66.7,  71.7,  75.4,  -56.8,  -44.7,  -30.3,  -16.6,  -4.1,  18.9,  32.1,  44.9,  57.5,  66.1,  6.6,  7.0,  7.4,  7.5,  -10.1,  -2.9,  4.2,  11.3,  17.9,  -38.3,  -30.2,  -21.6,  -14.7,  -22.0,  -30.6,  23.1,  31.0,  39.8,  46.8,  39.8,  31.4,  -28.9,  -14.9,  -5.0,  2.3,  10.5,  19.3,  27.3,  19.5,  10.9,  2.3,  -5.5,  -16.0,  -23.5,  -5.6,  1.9,  10.2,  23.1,  10.3,  2.2,  -5.5,  -13.1,  7.8,  28.8,  49.6,  70.7,  90.4,  107.1,  119.9,  125.5,  126.6,  121.8,  110.8,  94.1,  72.6,  49.0,  25.4,  1.3,  -10.4,  -16.9,  -16.9,  -13.3,  -8.3,  -7.1,  -11.8,  -13.3,  -11.4,  -4.3,  4.2,  14.6,  24.9,  35.6,  44.6,  47.7,  50.2,  48.7,  46.9,  1.9,  -1.3,  -1.2,  3.2,  5.4,  5.1,  6.0,  1.9,  2.6,  6.5,  9.2,  8.6,  72.6,  68.2,  67.1,  69.5,  68.7,  72.0,  77.8,  82.4,  83.5,  83.2,  81.8,  78.9,  73.0,  72.2,  73.7,  73.6,  77.3,  75.5,  75.3,  73.8,  395.2,  399.2,  403.7,  406.4,  403.9,  400.8,  394.4,  386.0,  386.4,  397.0,  414.7,  427.7,  433.1,  431.0,  424.7,  417.8,  414.7,  364.4,  355.6,  350.7,  348.4,  347.5,  352.6,  359.7,  367.5,  376.6,  388.1,  350.5,  346.7,  342.5,  338.7,  355.1,  354.0,  353.2,  356.5,  360.1,  360.8,  359.8,  361.1,  363.6,  361.2,  360.3,  369.8,  370.8,  374.1,  379.1,  375.1,  371.9,  372.9,  361.0,  359.6,  360.7,  362.5,  371.2,  384.5,  371.4,  363.3,  360.6,  360.2,  364.1,  371.0,  360.6,  361.6,  364.0,  380.1,  362.9,  360.4,  360.1,  2.340,  0.256,  -0.179,  0.118,  641.491,  459.617,  -9.865,  2.163,  -12.037,  -1.907,  -11.648,  6.657,  -4.845,  2.178,  20.801,  -6.565,  -14.385,  -4.862,  -8.825,  -1.308,  -3.310,  7.549,  -1.117,  -1.157,  -3.286,  -5.746,  0.155,  -1.518,  -1.621,  -3.165,  0.435,  0.530,  -1.059,  -0.192,  -0.456,  -0.371,  -0.076,  -0.556,  0.162,  0.098, 0.00, 0.00, 0.00, 0.00, 0.00, 0.00, 0.00, 0.12, 0.00, 0.06, 0.06, 0.94, 0.05, 0.55, 0.00, 0.00, 0.00, 0.00, 0.00, 0.00, 0.00, 0.00, 1.00, 0.00, 0.00, 0.00, 1.00, 1.00, 1.00, 1.00, 1.00, 0.00, 0.00, 0.00, 0.00
15,  0,  0.467,  0.98,  1,  0.163758,  0.248662,  -0.954647,  -0.085349,  0.236097,  -0.967974,  0.041,  0.247,  562.1,  566.6,  577.5,  588.4,  592.9,  589.1,  577.5,  566.6,  549.1,  556.3,  565.7,  577.3,  588.7,  596.6,  601.8,  594.5,  584.9,  574.1,  564.1,  555.6,  571.8,  577.4,  583.1,  585.5,  583.2,  577.6,  571.9,  569.5,  703.5,  708.0,  718.4,  728.5,  732.5,  728.0,  717.6,  706.6,  695.4,  703.0,  712.5,  723.7,  733.8,  741.5,  746.3,  740.2,  732.0,  722.0,  711.8,  702.4,  712.4,  717.6,  722.9,  725.2,  723.2,  718.0,  712.7,  710.4,  362.4,  351.7,  347.3,  351.7,  362.3,  373.9,  377.3,  373.0,  365.2,  359.5,  356.1,  354.8,  357.4,  362.1,  368.8,  371.2,  371.5,  371.2,  370.1,  368.3,  368.5,  370.9,  368.6,  363.1,  357.6,  355.2,  357.5,  363.0,  369.7,  359.4,  355.2,  359.6,  370.0,  380.3,  384.5,  380.7,  373.7,  367.8,  363.9,  362.7,  364.8,  368.4,  373.2,  377.2,  379.2,  379.5,  378.4,  376.8,  374.9,  377.2,  375.0,  369.7,  364.4,  362.1,  364.3,  369.6,  -31.3,  -29.6,  -25.2,  -20.8,  -18.9,  -20.3,  -25.0,  -29.3,  -36.8,  -33.7,  -29.8,  -25.1,  -20.6,  -17.4,  -15.4,  -18.2,  -21.9,  -26.2,  -30.3,  -33.9,  -27.4,  -25.1,  -22.8,  -21.9,  -22.9,  -25.2,  -27.5,  -28.4,  25.8,  27.7,  31.9,  36.1,  37.8,  36.0,  31.7,  27.2,  22.7,  25.6,  29.4,  34.0,  38.3,  41.8,  44.2,  41.3,  37.7,  33.4,  29.2,  25.5,  29.6,  31.7,  33.9,  34.9,  34.0,  31.8,  29.7,  28.7,  0.9,  -3.3,  -5.1,  -3.3,  0.9,  5.6,  6.9,  5.2,  2.1,  -0.2,  -1.6,  -2.1,  -1.0,  0.8,  3.5,  4.5,  4.6,  4.5,  4.0,  3.3,  3.4,  4.4,  3.5,  1.2,  -1.0,  -1.9,  -1.0,  1.2,  3.9,  -0.2,  -1.9,  -0.2,  4.1,  8.3,  10.0,  8.5,  5.6,  3.2,  1.6,  1.1,  2.0,  3.5,  5.5,  7.1,  7.9,  7.9,  7.5,  6.8,  6.1,  7.0,  6.2,  4.0,  1.8,  0.9,  1.7,  3.9,  351.0,  352.4,  353.0,  352.5,  351.2,  350.0,  349.2,  349.7,  354.1,  352.3,  350.7,  350.1,  350.6,  351.4,  352.2,  350.2,  348.5,  348.1,  349.2,  351.5,  351.2,  350.9,  351.2,  352.0,  352.7,  352.9,  352.6,  351.9,  356.2,  355.9,  356.0,  356.7,  357.3,  357.7,  357.5,  357.2,  357.8,  356.1,  355.0,  355.1,  357.2,  360.5,  363.8,  360.8,  358.1,  356.4,  356.1,  356.8,  357.6,  358.0,  358.1,  357.9,  357.6,  357.2,  357.1,  357.3,  1.1,  42.1,  369.7,  0.121,  -0.146,  0.094,  459.6,  458.1,  460.4,  466.2,  484.0,  512.4,  546.2,  588.9,  632.2,  668.1,  697.9,  723.2,  747.0,  764.8,  777.4,  789.2,  797.1,  502.6,  529.8,  564.7,  598.2,  629.3,  687.0,  717.9,  746.4,  773.1,  788.0,  656.5,  657.3,  658.2,  658.8,  614.6,  632.5,  650.2,  667.8,  683.6,  546.4,  566.0,  587.2,  604.1,  586.1,  564.9,  693.7,  712.3,  732.4,  747.3,  732.3,  713.1,  572.7,  604.3,  628.3,  646.1,  665.8,  685.9,  702.6,  686.1,  666.5,  645.9,  626.9,  602.0,  584.8,  627.3,  645.2,  665.1,  693.5,  665.6,  645.9,  627.5,  329.0,  378.6,  428.0,  476.0,  524.3,  567.9,  605.5,  634.6,  643.3,  636.6,  613.7,  583.7,  547.9,  506.2,  460.5,  413.1,  363.1,  334.7,  318.0,  317.0,  325.6,  338.2,  341.1,  330.3,  326.8,  331.7,  348.6,  368.7,  395.1,  422.0,  450.4,  469.5,  477.0,  483.5,  478.4,  472.2,  364.1,  356.4,  356.6,  367.0,  372.3,  371.9,  372.9,  363.2,  364.7,  373.6,  380.0,  378.9,  530.3,  525.4,  522.8,  528.0,  524.9,  528.6,  535.1,  552.0,  559.5,  561.0,  558.4,  549.4,  532.1,  534.8,  537.5,  535.7,  536.4,  540.1,  541.8,  538.7,  -82.2,  -83.9,  -83.9,  -81.7,  -72.7,  -58.8,  -42.4,  -22.6,  -3.5,  12.8,  27.4,  40.6,  52.6,  61.0,  66.2,  70.8,  74.2,  -57.4,  -45.0,  -30.3,  -16.7,  -4.2,  19.0,  32.1,  44.9,  57.6,  66.0,  6.6,  6.9,  7.1,  7.3,  -10.3,  -3.0,  4.1,  11.3,  18.0,  -38.7,  -30.5,  -21.8,  -14.9,  -22.3,  -31.0,  22.7,  30.7,  39.6,  46.6,  39.6,  31.1,  -28.8,  -14.8,  -4.8,  2.5,  10.7,  19.5,  27.6,  19.6,  11.1,  2.5,  -5.4,  -15.9,  -23.5,  -5.3,  2.2,  10.5,  23.3,  10.6,  2.5,  -5.2,  -14.1,  8.6,  31.8,  54.5,  76.5,  95.8,  111.0,  121.5,  125.5,  125.8,  120.2,  109.1,  92.5,  71.5,  48.4,  25.2,  1.5,  -10.6,  -17.1,  -17.3,  -13.8,  -8.7,  -7.6,  -12.2,  -14.0,  -12.2,  -5.1,  3.5,  13.9,  24.3,  35.0,  44.4,  47.3,  49.8,  48.2,  46.2,  1.7,  -1.5,  -1.4,  2.9,  5.1,  4.9,  5.5,  1.4,  2.0,  5.9,  8.6,  8.0,  72.9,  68.5,  67.1,  69.5,  68.5,  71.7,  77.2,  81.8,  83.2,  83.1,  81.9,  79.1,  73.2,  72.2,  73.6,  73.3,  76.8,  75.0,  75.1,  73.8,  399.0,  403.7,  409.0,  411.5,  407.7,  403.3,  395.6,  387.1,  387.4,  397.9,  414.7,  426.7,  430.6,  427.8,  421.6,  415.3,  413.0,  365.9,  357.1,  352.2,  349.8,  348.4,  353.2,  360.7,  368.9,  378.3,  390.3,  351.4,  347.3,  342.7,  338.6,  355.3,  353.9,  352.9,  356.4,  360.4,  361.8,  360.8,  362.1,  364.4,  361.9,  361.0,  370.5,  371.7,  375.0,  380.0,  375.7,  372.5,  374.3,  362.3,  360.6,  361.7,  363.7,  372.3,  385.5,  372.6,  364.7,  361.8,  361.3,  365.4,  372.3,  361.6,  362.6,  365.2,  381.1,  364.3,  361.6,  361.2,  2.334,  0.244,  -0.160,  0.097,  642.104,  459.335,  -12.944,  12.504,  -9.797,  0.256,  -6.740,  9.275,  -4.069,  1.124,  19.260,  -9.487,  -12.741,  -4.358,  -8.438,  -1.566,  -3.947,  9.438,  -3.300,  -1.529,  -2.987,  -6.149,  1.275,  -2.242,  -2.110,  -3.257,  1.202,  0.059,  -1.059,  -0.386,  -0.499,  -0.615,  -0.092,  -0.461,  0.195,  0.245, 0.00, 0.00, 0.00, 0.00, 0.00, 0.03, 0.00, 0.10, 0.00, 0.12, 0.09, 0.91, 0.05, 0.57, 0.01, 0.00, 0.00, 0.00, 0.00, 0.00, 0.00, 0.00, 0.00, 0.00, 0.00, 0.00, 1.00, 0.00, 1.00, 1.00, 1.00, 0.00, 0.00, 0.00, 0.00
16,  0,  0.501,  0.98,  1,  0.149020,  0.225776,  -0.962714,  -0.079568,  0.226932,  -0.970655,  0.036,  0.230,  561.3,  565.8,  576.3,  586.8,  591.1,  587.4,  576.0,  565.6,  548.8,  555.4,  564.6,  576.3,  587.9,  595.9,  601.3,  593.8,  584.1,  573.4,  563.5,  555.2,  570.7,  576.2,  581.9,  584.3,  582.1,  576.5,  570.8,  568.4,  703.2,  707.6,  717.9,  728.0,  731.9,  727.5,  717.2,  706.4,  695.4,  702.7,  712.0,  723.1,  733.3,  741.1,  745.8,  739.7,  731.5,  721.6,  711.5,  702.2,  712.1,  717.2,  722.4,  724.7,  722.7,  717.6,  712.4,  710.1,  361.5,  350.7,  346.2,  350.6,  361.2,  372.8,  376.5,  372.1,  364.7,  359.1,  355.7,  354.2,  356.7,  361.4,  368.1,  370.5,  370.9,  370.9,  369.8,  367.9,  367.4,  369.8,  367.4,  361.7,  356.0,  353.7,  356.0,  361.7,  368.4,  358.3,  354.1,  358.4,  368.7,  378.8,  382.9,  379.3,  372.7,  366.5,  362.5,  361.3,  363.4,  366.9,  371.9,  375.9,  377.9,  378.2,  377.2,  375.6,  373.4,  375.6,  373.5,  368.4,  363.2,  361.0,  363.1,  368.2,  -31.8,  -30.0,  -25.7,  -21.5,  -19.7,  -21.2,  -25.7,  -30.0,  -37.2,  -34.3,  -30.4,  -25.6,  -20.9,  -17.8,  -15.6,  -18.6,  -22.4,  -26.7,  -30.8,  -34.3,  -28.0,  -25.7,  -23.5,  -22.5,  -23.4,  -25.7,  -28.0,  -28.9,  26.0,  27.8,  32.0,  36.2,  37.9,  36.1,  31.9,  27.4,  22.9,  25.8,  29.5,  34.0,  38.4,  42.0,  44.4,  41.5,  37.8,  33.6,  29.4,  25.6,  29.8,  31.9,  34.1,  35.0,  34.1,  32.0,  29.8,  28.9,  0.6,  -3.7,  -5.6,  -3.8,  0.5,  5.2,  6.6,  4.9,  1.9,  -0.4,  -1.7,  -2.3,  -1.3,  0.6,  3.3,  4.2,  4.4,  4.4,  3.9,  3.2,  3.0,  3.9,  3.0,  0.7,  -1.6,  -2.6,  -1.6,  0.7,  3.5,  -0.7,  -2.4,  -0.6,  3.6,  7.8,  9.5,  7.9,  5.3,  2.7,  1.0,  0.5,  1.4,  2.9,  5.0,  6.6,  7.4,  7.5,  7.1,  6.4,  5.5,  6.4,  5.6,  3.5,  1.3,  0.4,  1.3,  3.4,  353.3,  353.8,  353.7,  353.1,  352.3,  352.1,  352.0,  352.6,  357.3,  354.8,  352.5,  351.3,  351.6,  352.6,  353.8,  352.2,  350.8,  350.7,  352.1,  354.4,  353.5,  353.2,  353.2,  353.4,  353.9,  354.2,  354.2,  353.9,  359.8,  359.3,  359.4,  359.9,  360.7,  361.2,  361.2,  360.9,  361.6,  359.7,  358.5,  358.5,  360.5,  363.8,  367.1,  364.3,  361.7,  360.1,  359.8,  360.6,  361.2,  361.5,  361.6,  361.3,  361.0,  360.7,  360.6,  360.8,  0.8,  41.6,  369.7,  0.112,  -0.159,  0.099,  459.2,  457.8,  459.9,  464.7,  480.6,  507.3,  540.8,  585.1,  629.8,  666.5,  696.5,  721.9,  745.9,  763.7,  776.4,  788.3,  796.5,  501.6,  528.0,  562.7,  596.5,  627.9,  685.7,  716.6,  744.9,  771.6,  787.0,  655.6,  657.0,  658.3,  659.2,  615.0,  632.8,  650.5,  667.8,  683.5,  545.8,  565.2,  586.4,  603.4,  585.4,  564.4,  693.4,  711.8,  731.9,  746.7,  731.9,  712.8,  572.2,  604.2,  628.4,  646.3,  666.1,  686.4,  703.2,  686.9,  667.2,  646.6,  627.4,  602.1,  584.6,  627.3,  645.4,  665.3,  694.3,  665.9,  646.2,  627.5,  331.0,  378.4,  425.3,  471.2,  518.3,  562.2,  601.2,  632.9,  643.5,  637.7,  615.5,  585.7,  549.7,  507.5,  461.1,  413.1,  362.7,  335.4,  318.0,  316.6,  324.9,  337.3,  340.0,  328.8,  325.4,  330.4,  347.3,  368.0,  394.0,  420.6,  448.8,  468.3,  475.8,  482.1,  477.2,  471.2,  363.9,  355.8,  355.9,  366.3,  371.7,  371.4,  371.8,  361.9,  363.3,  372.3,  378.7,  377.7,  529.3,  524.2,  521.7,  526.9,  523.8,  527.5,  534.5,  551.6,  558.9,  560.2,  557.5,  548.5,  531.1,  533.8,  536.5,  534.8,  535.6,  539.7,  541.1,  537.9,  -82.0,  -83.5,  -83.5,  -81.8,  -73.8,  -60.8,  -44.7,  -24.2,  -4.5,  12.0,  26.7,  40.0,  52.3,  60.8,  66.1,  70.8,  74.2,  -57.8,  -45.7,  -31.1,  -17.4,  -4.8,  18.5,  31.6,  44.3,  56.9,  65.5,  6.3,  6.7,  7.2,  7.4,  -10.2,  -2.9,  4.2,  11.3,  17.9,  -39.0,  -30.9,  -22.2,  -15.3,  -22.6,  -31.2,  22.6,  30.6,  39.4,  46.4,  39.5,  31.0,  -28.9,  -14.8,  -4.8,  2.6,  10.8,  19.7,  27.8,  19.9,  11.3,  2.7,  -5.2,  -15.8,  -23.5,  -5.3,  2.2,  10.6,  23.6,  10.7,  2.6,  -5.1,  -13.2,  8.5,  30.3,  51.8,  73.2,  92.7,  108.6,  120.3,  125.0,  125.9,  120.9,  110.1,  93.6,  72.5,  49.0,  25.4,  1.3,  -10.3,  -17.1,  -17.5,  -14.0,  -9.1,  -8.1,  -12.9,  -14.6,  -12.8,  -5.7,  3.2,  13.5,  23.8,  34.4,  44.0,  46.9,  49.3,  47.8,  45.8,  1.6,  -1.7,  -1.7,  2.6,  4.9,  4.7,  5.0,  0.8,  1.4,  5.4,  8.0,  7.5,  72.3,  67.8,  66.5,  68.9,  68.0,  71.2,  76.8,  81.5,  82.7,  82.6,  81.4,  78.5,  72.6,  71.7,  73.0,  72.8,  76.4,  74.7,  74.7,  73.3,  396.9,  400.9,  405.5,  408.1,  404.9,  401.0,  394.0,  385.6,  386.0,  396.6,  414.0,  426.9,  432.0,  429.9,  424.0,  417.5,  414.9,  365.7,  357.0,  352.2,  350.0,  349.0,  354.3,  361.4,  369.3,  378.4,  389.9,  351.7,  347.6,  343.0,  338.9,  355.4,  354.1,  353.3,  356.7,  360.6,  361.8,  360.9,  362.3,  364.7,  362.2,  361.2,  371.0,  372.2,  375.5,  380.5,  376.3,  373.1,  373.4,  361.5,  360.0,  361.1,  363.1,  371.8,  385.2,  372.1,  363.9,  361.0,  360.4,  364.5,  371.4,  360.9,  362.0,  364.5,  380.7,  363.6,  360.9,  360.5,  2.336,  0.237,  -0.179,  0.102,  641.405,  458.425,  -12.107,  5.754,  -10.603,  -1.209,  -9.879,  8.036,  -4.775,  2.841,  20.861,  -7.747,  -14.048,  -4.334,  -8.599,  -1.396,  -3.989,  8.355,  -2.451,  -0.809,  -3.112,  -5.663,  0.612,  -2.269,  -1.754,  -3.151,  1.048,  0.214,  -0.938,  -0.320,  -0.435,  -0.470,  -0.088,  -0.465,  0.245,  0.102, 0.00, 0.00, 0.00, 0.00, 0.00, 0.08, 0.00, 0.11, 0.00, 0.09, 0.07, 0.81, 0.18, 0.56, 0.01, 0.00, 0.01, 0.00, 0.00, 0.00, 0.00, 0.00, 0.00, 0.00, 0.00, 0.00, 1.00, 0.00, 1.00, 1.00, 0.00, 0.00, 0.00, 0.00, 0.00
17,  0,  0.534,  0.98,  1,  0.186764,  0.255363,  -0.948635,  -0.065543,  0.219425,  -0.973425,  0.063,  0.242,  561.0,  565.8,  577.2,  588.5,  593.0,  589.0,  576.8,  565.6,  548.1,  555.3,  564.5,  576.0,  587.6,  595.8,  601.2,  593.7,  583.9,  572.9,  563.0,  554.6,  571.1,  576.9,  582.8,  585.3,  583.0,  577.2,  571.3,  568.7,  703.3,  707.6,  717.7,  727.6,  731.6,  727.3,  717.2,  706.5,  695.1,  702.2,  711.5,  722.4,  732.6,  740.5,  745.2,  739.2,  730.9,  721.0,  711.0,  701.8,  712.5,  717.2,  722.0,  724.1,  722.2,  717.4,  712.7,  710.6,  361.8,  350.9,  346.4,  351.1,  362.0,  374.0,  377.4,  372.8,  364.7,  358.9,  355.5,  354.1,  356.4,  360.9,  367.9,  370.2,  370.4,  370.2,  369.2,  367.6,  368.3,  370.7,  368.4,  362.8,  357.1,  354.7,  357.0,  362.6,  367.2,  357.2,  353.0,  357.2,  367.2,  377.3,  381.4,  377.9,  371.5,  365.4,  361.4,  360.3,  362.3,  365.7,  370.6,  374.6,  376.7,  377.2,  376.1,  374.5,  371.7,  373.7,  371.8,  367.0,  362.2,  360.2,  362.2,  367.0,  -31.2,  -29.4,  -24.9,  -20.4,  -18.5,  -20.1,  -24.8,  -29.3,  -36.6,  -33.5,  -29.7,  -25.2,  -20.6,  -17.5,  -15.3,  -18.2,  -22.0,  -26.2,  -30.2,  -33.7,  -27.2,  -24.9,  -22.6,  -21.6,  -22.6,  -24.9,  -27.3,  -28.2,  26.4,  28.2,  32.4,  36.6,  38.3,  36.6,  32.4,  27.9,  23.1,  26.0,  29.7,  34.3,  38.7,  42.4,  44.8,  41.9,  38.1,  33.8,  29.6,  25.9,  30.4,  32.4,  34.4,  35.2,  34.4,  32.4,  30.4,  29.6,  0.7,  -3.6,  -5.4,  -3.5,  0.8,  5.5,  6.8,  5.0,  1.9,  -0.4,  -1.8,  -2.3,  -1.4,  0.4,  3.1,  4.0,  4.1,  4.0,  3.6,  3.0,  3.3,  4.2,  3.3,  1.1,  -1.1,  -2.1,  -1.2,  1.0,  3.0,  -1.2,  -2.9,  -1.2,  3.0,  7.2,  9.0,  7.5,  4.8,  2.3,  0.6,  0.1,  0.9,  2.4,  4.5,  6.2,  7.0,  7.2,  6.7,  6.1,  4.9,  5.8,  4.9,  2.9,  0.9,  0.1,  0.9,  2.9,  345.3,  346.8,  347.4,  346.8,  345.3,  344.0,  343.2,  343.8,  348.0,  346.4,  344.8,  344.2,  344.6,  345.2,  345.8,  344.0,  342.4,  342.0,  343.3,  345.6,  345.3,  345.0,  345.3,  346.1,  346.9,  347.2,  346.9,  346.1,  365.3,  364.7,  364.7,  365.3,  366.1,  366.6,  366.6,  366.4,  367.2,  365.2,  363.9,  363.8,  365.7,  369.0,  372.3,  369.6,  367.1,  365.5,  365.3,  366.2,  366.7,  366.9,  366.9,  366.7,  366.3,  366.1,  366.0,  366.3,  1.2,  41.6,  370.1,  0.108,  -0.150,  0.081,  458.0,  457.2,  460.3,  467.0,  486.3,  515.9,  549.9,  592.0,  634.6,  670.0,  699.3,  724.2,  747.6,  765.0,  777.0,  788.1,  795.2,  501.0,  528.2,  563.1,  596.6,  627.9,  686.0,  716.5,  744.7,  771.4,  786.4,  655.8,  656.9,  658.1,  659.1,  615.0,  633.0,  651.0,  668.6,  684.3,  545.5,  565.0,  586.1,  603.1,  585.1,  563.9,  692.9,  711.3,  731.4,  746.3,  731.4,  712.3,  573.7,  605.3,  629.4,  647.2,  666.9,  686.9,  703.8,  687.4,  668.0,  647.4,  628.4,  603.3,  585.7,  628.6,  646.6,  666.4,  694.7,  666.9,  647.3,  628.8,  329.5,  380.1,  430.7,  479.5,  528.0,  571.0,  607.3,  634.8,  642.7,  636.1,  613.3,  583.4,  547.5,  505.6,  459.6,  411.8,  361.5,  335.0,  317.5,  316.0,  324.2,  336.6,  338.9,  327.9,  324.1,  328.5,  345.5,  366.5,  392.8,  419.7,  448.1,  468.0,  475.3,  481.6,  476.4,  469.9,  363.7,  355.7,  355.7,  365.8,  371.3,  371.1,  370.8,  360.9,  362.2,  371.0,  377.4,  376.5,  529.6,  524.2,  521.5,  526.4,  523.0,  526.5,  532.9,  549.7,  557.5,  559.2,  556.9,  548.2,  531.3,  533.3,  535.8,  533.7,  534.3,  538.2,  540.2,  537.4,  -83.2,  -84.6,  -84.2,  -81.5,  -71.7,  -57.2,  -40.7,  -21.2,  -2.4,  13.6,  28.1,  41.0,  52.9,  61.0,  66.0,  70.3,  73.3,  -58.2,  -45.7,  -31.0,  -17.4,  -4.8,  18.6,  31.6,  44.3,  57.0,  65.5,  6.4,  6.7,  7.1,  7.4,  -10.2,  -2.8,  4.4,  11.6,  18.3,  -39.2,  -31.0,  -22.3,  -15.4,  -22.8,  -31.4,  22.5,  30.4,  39.3,  46.3,  39.4,  30.8,  -28.4,  -14.4,  -4.4,  3.0,  11.2,  20.0,  28.1,  20.2,  11.7,  3.1,  -4.8,  -15.3,  -23.1,  -4.7,  2.7,  11.0,  23.9,  11.2,  3.0,  -4.6,  -14.0,  9.3,  33.1,  56.3,  78.3,  97.2,  111.7,  121.4,  125.0,  125.3,  119.9,  108.8,  92.2,  71.1,  47.9,  24.6,  0.7,  -10.5,  -17.4,  -17.8,  -14.3,  -9.3,  -8.5,  -13.3,  -15.2,  -13.7,  -6.5,  2.6,  13.1,  23.4,  34.1,  43.9,  46.7,  49.1,  47.4,  45.3,  1.5,  -1.8,  -1.8,  2.4,  4.7,  4.6,  4.6,  0.4,  0.9,  4.8,  7.5,  7.0,  72.6,  68.1,  66.6,  68.9,  67.9,  71.0,  76.3,  80.9,  82.3,  82.4,  81.3,  78.6,  72.9,  71.6,  72.9,  72.6,  76.0,  74.3,  74.5,  73.3,  400.0,  404.7,  409.9,  412.2,  407.9,  403.1,  395.2,  386.6,  386.8,  397.3,  414.1,  426.3,  430.2,  427.3,  421.2,  415.2,  413.3,  366.6,  358.0,  353.2,  351.0,  349.6,  354.6,  362.1,  370.2,  379.6,  391.6,  352.5,  348.1,  343.3,  339.0,  355.6,  354.0,  353.0,  356.5,  360.7,  362.4,  361.5,  362.9,  365.2,  362.5,  361.6,  371.4,  372.8,  376.1,  381.1,  376.7,  373.5,  374.6,  362.7,  360.9,  362.1,  364.2,  372.9,  386.1,  372.9,  364.8,  361.8,  361.3,  365.5,  372.5,  361.8,  362.9,  365.6,  381.6,  364.7,  361.8,  361.4,  2.331,  0.229,  -0.163,  0.083,  642.323,  458.187,  -14.752,  14.278,  -9.097,  0.493,  -6.030,  10.580,  -4.109,  1.486,  19.364,  -10.428,  -12.820,  -3.608,  -8.445,  -1.511,  -4.304,  9.565,  -3.642,  -1.912,  -3.305,  -5.924,  1.490,  -2.378,  -1.920,  -3.177,  1.735,  -0.024,  -1.090,  -0.433,  -0.454,  -0.622,  -0.122,  -0.456,  0.253,  0.236, 0.00, 0.00, 0.00, 0.00, 0.00, 0.08, 0.00, 0.13, 0.00, 0.11, 0.08, 0.91, 0.23, 0.66, 0.01, 0.06, 0.01, 0.00, 0.00, 0.00, 0.00, 0.00, 0.00, 0.00, 0.00, 0.00, 1.00, 0.00, 1.00, 1.00, 0.00, 0.00, 0.00, 0.00, 0.00
18,  0,  0.567,  0.98,  1,  0.170932,  0.234114,  -0.957065,  -0.067579,  0.224739,  -0.972073,  0.054,  0.234,  560.9,  565.5,  576.4,  587.2,  591.6,  587.8,  576.1,  565.3,  548.3,  555.2,  564.4,  575.8,  587.3,  595.3,  600.9,  593.3,  583.6,  572.9,  563.0,  554.8,  570.5,  576.3,  582.1,  584.6,  582.3,  576.5,  570.7,  568.2,  702.7,  707.0,  717.2,  727.4,  731.5,  727.3,  717.1,  706.2,  694.9,  701.9,  711.1,  722.1,  732.4,  740.4,  745.4,  739.2,  730.9,  720.9,  710.8,  701.6,  712.1,  717.0,  721.9,  723.9,  721.9,  717.1,  712.2,  710.1,  361.6,  350.8,  346.3,  350.6,  361.2,  372.9,  376.5,  372.2,  364.8,  359.1,  355.5,  354.1,  356.4,  361.0,  367.8,  370.0,  370.4,  370.3,  369.3,  367.7,  367.8,  370.2,  367.8,  362.0,  356.3,  354.0,  356.4,  362.1,  366.8,  356.6,  352.3,  356.4,  366.5,  376.8,  381.1,  377.6,  371.2,  365.0,  361.0,  359.8,  361.6,  364.8,  369.5,  373.5,  375.8,  376.4,  375.5,  374.0,  371.4,  373.3,  371.3,  366.4,  361.5,  359.5,  361.6,  366.5,  -31.7,  -30.0,  -25.6,  -21.2,  -19.4,  -20.8,  -25.5,  -29.9,  -37.1,  -34.1,  -30.3,  -25.6,  -21.1,  -17.9,  -15.7,  -18.7,  -22.4,  -26.7,  -30.7,  -34.2,  -27.9,  -25.5,  -23.2,  -22.2,  -23.2,  -25.6,  -27.9,  -28.9,  26.0,  27.7,  31.9,  36.2,  38.0,  36.3,  32.1,  27.5,  22.9,  25.6,  29.4,  33.9,  38.3,  42.0,  44.5,  41.6,  37.8,  33.6,  29.3,  25.6,  30.0,  32.1,  34.1,  34.9,  34.1,  32.0,  30.0,  29.1,  0.6,  -3.7,  -5.5,  -3.8,  0.5,  5.2,  6.6,  4.9,  2.0,  -0.4,  -1.8,  -2.4,  -1.4,  0.4,  3.1,  4.0,  4.1,  4.1,  3.7,  3.1,  3.1,  4.1,  3.1,  0.8,  -1.5,  -2.4,  -1.5,  0.8,  2.8,  -1.4,  -3.2,  -1.5,  2.7,  7.0,  8.8,  7.3,  4.7,  2.1,  0.4,  -0.1,  0.7,  2.0,  4.0,  5.7,  6.6,  6.8,  6.4,  5.8,  4.7,  5.6,  4.7,  2.6,  0.6,  -0.2,  0.7,  2.7,  351.1,  352.2,  352.5,  351.8,  350.4,  349.5,  349.1,  349.8,  354.4,  352.4,  350.5,  349.5,  349.8,  350.5,  351.2,  349.5,  348.1,  347.9,  349.3,  351.6,  351.1,  350.7,  350.8,  351.4,  352.1,  352.5,  352.4,  351.8,  362.7,  362.1,  362.1,  362.6,  363.4,  364.0,  364.1,  363.9,  364.6,  362.6,  361.2,  361.1,  363.0,  366.2,  369.4,  366.8,  364.3,  362.8,  362.6,  363.6,  364.1,  364.4,  364.4,  364.1,  363.7,  363.4,  363.4,  363.7,  1.1,  41.3,  369.3,  0.107,  -0.160,  0.087,  458.6,  457.4,  459.9,  465.1,  482.0,  509.8,  544.3,  588.8,  632.9,  669.1,  698.5,  723.3,  747.0,  764.6,  776.8,  788.2,  795.7,  501.0,  527.6,  562.3,  596.1,  627.4,  684.9,  715.4,  743.6,  770.3,  786.0,  655.1,  656.9,  658.5,  659.8,  615.7,  633.7,  651.5,  668.7,  684.2,  545.4,  564.7,  585.7,  602.9,  585.0,  564.1,  692.8,  711.1,  731.1,  746.1,  731.3,  712.3,  573.4,  605.5,  629.5,  647.6,  667.6,  687.9,  704.8,  688.7,  669.2,  648.4,  629.1,  603.7,  585.7,  628.7,  646.9,  667.0,  696.0,  667.6,  647.7,  628.9,  331.7,  379.7,  427.3,  473.8,  521.2,  564.8,  603.0,  633.5,  643.2,  637.2,  615.1,  585.6,  549.6,  507.1,  460.0,  411.3,  360.1,  335.4,  317.8,  316.4,  324.5,  336.7,  338.6,  326.9,  323.1,  327.6,  344.3,  366.6,  392.6,  419.2,  447.4,  467.6,  474.9,  481.1,  475.9,  469.8,  363.9,  355.8,  355.7,  365.7,  371.3,  371.2,  370.3,  360.2,  361.4,  370.1,  376.6,  375.9,  529.0,  524.0,  521.4,  526.3,  523.0,  526.4,  532.7,  549.7,  557.2,  558.8,  556.3,  547.6,  530.8,  533.1,  535.7,  533.6,  534.0,  538.4,  540.1,  537.2,  -82.3,  -83.6,  -83.5,  -81.6,  -73.1,  -59.6,  -43.0,  -22.5,  -3.1,  13.1,  27.6,  40.6,  52.8,  61.2,  66.3,  70.7,  73.8,  -58.1,  -45.9,  -31.3,  -17.6,  -5.0,  18.2,  31.1,  43.7,  56.3,  65.0,  6.1,  6.7,  7.2,  7.7,  -9.8,  -2.5,  4.6,  11.7,  18.2,  -39.1,  -31.0,  -22.5,  -15.5,  -22.8,  -31.3,  22.4,  30.2,  39.1,  46.1,  39.2,  30.8,  -28.4,  -14.2,  -4.3,  3.1,  11.5,  20.3,  28.5,  20.7,  12.2,  3.5,  -4.5,  -15.1,  -23.0,  -4.7,  2.9,  11.3,  24.4,  11.5,  3.2,  -4.6,  -12.8,  9.0,  31.2,  53.1,  74.6,  93.7,  109.2,  120.2,  124.6,  125.4,  120.5,  110.0,  93.5,  72.3,  48.4,  24.4,  0.0,  -10.3,  -17.2,  -17.6,  -14.2,  -9.3,  -8.6,  -13.6,  -15.6,  -14.0,  -7.0,  2.7,  13.0,  23.2,  33.8,  43.7,  46.4,  48.8,  47.2,  45.2,  1.6,  -1.7,  -1.8,  2.4,  4.7,  4.6,  4.4,  0.1,  0.6,  4.4,  7.2,  6.8,  72.1,  67.7,  66.4,  68.6,  67.6,  70.7,  76.0,  80.6,  82.0,  81.9,  80.8,  78.1,  72.4,  71.3,  72.6,  72.3,  75.7,  74.1,  74.2,  72.9,  396.9,  400.9,  405.7,  408.4,  404.8,  400.6,  393.1,  384.6,  385.1,  395.9,  413.4,  426.4,  431.6,  429.7,  423.7,  417.2,  414.6,  365.5,  356.9,  352.2,  350.0,  349.0,  353.9,  360.9,  368.9,  378.0,  389.6,  351.5,  347.3,  342.6,  338.3,  354.9,  353.6,  352.6,  356.1,  360.1,  361.6,  360.7,  362.2,  364.6,  362.0,  361.0,  370.7,  371.9,  375.3,  380.2,  376.0,  372.8,  373.0,  361.2,  359.8,  361.0,  363.1,  371.7,  385.0,  371.7,  363.6,  360.6,  360.0,  364.1,  371.0,  360.6,  361.7,  364.4,  380.5,  363.5,  360.6,  360.2,  2.338,  0.230,  -0.181,  0.090,  642.018,  457.712,  -12.523,  6.201,  -10.091,  -1.024,  -9.554,  9.825,  -3.773,  3.210,  20.519,  -8.111,  -13.803,  -4.607,  -8.876,  -1.663,  -4.473,  8.712,  -3.170,  -1.173,  -3.831,  -5.789,  0.658,  -2.358,  -2.092,  -3.066,  1.235,  -0.133,  -0.768,  -0.396,  -0.451,  -0.407,  -0.042,  -0.517,  0.218,  0.152, 0.00, 0.00, 0.00, 0.00, 0.00, 0.05, 0.00, 0.08, 0.00, 0.14, 0.02, 0.75, 0.37, 0.64, 0.00, 0.06, 0.04, 0.00, 0.00, 0.00, 0.00, 0.00, 0.00, 0.00, 0.00, 0.00, 1.00, 0.00, 1.00, 1.00, 0.00, 0.00, 0.00, 0.00, 0.00
19,  0,  0.601,  0.98,  1,  0.183447,  0.243337,  -0.952436,  -0.063764,  0.223446,  -0.972628,  0.062,  0.238,  561.3,  566.2,  577.4,  588.5,  592.8,  588.8,  576.7,  565.7,  548.7,  555.6,  564.7,  576.1,  587.6,  595.8,  601.4,  593.7,  584.0,  573.1,  563.3,  555.1,  571.1,  576.9,  582.9,  585.5,  583.2,  577.4,  571.4,  568.8,  703.5,  707.7,  717.9,  728.0,  732.1,  727.9,  717.8,  706.9,  695.3,  702.4,  711.7,  722.7,  732.9,  740.9,  745.8,  739.6,  731.3,  721.4,  711.3,  702.1,  712.9,  717.6,  722.4,  724.5,  722.5,  717.7,  712.9,  710.9,  362.7,  352.0,  347.5,  352.1,  362.9,  374.6,  378.1,  373.6,  366.2,  360.5,  357.0,  355.5,  357.6,  362.0,  368.8,  371.0,  371.2,  371.2,  370.3,  368.8,  369.2,  371.6,  369.3,  363.7,  357.9,  355.5,  357.8,  363.5,  367.2,  357.0,  352.6,  356.7,  366.7,  376.9,  381.3,  377.8,  371.4,  365.3,  361.3,  360.1,  361.9,  364.9,  369.5,  373.6,  376.0,  376.6,  375.7,  374.2,  371.5,  373.4,  371.4,  366.5,  361.8,  359.8,  361.9,  366.7,  -31.3,  -29.5,  -25.0,  -20.6,  -18.7,  -20.3,  -25.0,  -29.4,  -36.6,  -33.7,  -29.9,  -25.3,  -20.8,  -17.5,  -15.4,  -18.3,  -22.1,  -26.4,  -30.4,  -33.8,  -27.4,  -25.0,  -22.7,  -21.7,  -22.7,  -25.0,  -27.4,  -28.4,  26.4,  28.1,  32.3,  36.5,  38.3,  36.6,  32.4,  27.9,  23.1,  25.9,  29.6,  34.2,  38.6,  42.3,  44.7,  41.9,  38.1,  33.8,  29.6,  25.8,  30.4,  32.4,  34.4,  35.2,  34.3,  32.3,  30.3,  29.5,  1.1,  -3.2,  -5.0,  -3.2,  1.1,  5.8,  7.1,  5.4,  2.5,  0.2,  -1.2,  -1.8,  -0.9,  0.8,  3.5,  4.3,  4.4,  4.4,  4.1,  3.5,  3.7,  4.6,  3.7,  1.5,  -0.8,  -1.8,  -0.9,  1.4,  3.0,  -1.3,  -3.1,  -1.4,  2.8,  7.1,  8.9,  7.4,  4.7,  2.2,  0.5,  0.0,  0.8,  2.1,  4.0,  5.7,  6.7,  6.9,  6.5,  5.9,  4.8,  5.6,  4.7,  2.7,  0.7,  -0.1,  0.8,  2.8,  348.1,  349.5,  349.9,  349.2,  347.6,  346.4,  345.8,  346.6,  351.1,  349.3,  347.5,  346.7,  346.9,  347.5,  348.1,  346.3,  344.9,  344.6,  346.1,  348.4,  348.0,  347.6,  347.8,  348.6,  349.4,  349.8,  349.6,  348.8,  363.3,  362.6,  362.6,  363.2,  364.1,  364.8,  364.8,  364.5,  365.2,  363.1,  361.7,  361.6,  363.6,  366.9,  370.2,  367.5,  365.0,  363.5,  363.3,  364.2,  364.8,  365.1,  365.0,  364.7,  364.3,  364.0,  364.0,  364.3,  1.6,  41.9,  369.9,  0.102,  -0.148,  0.071,  458.4,  458.1,  461.6,  468.7,  487.9,  517.7,  552.2,  594.9,  637.7,  673.1,  702.2,  726.6,  749.6,  766.6,  778.1,  788.8,  795.6,  500.9,  527.8,  562.6,  596.3,  627.9,  685.8,  716.1,  744.2,  771.0,  786.5,  655.9,  657.3,  658.8,  660.0,  616.4,  634.4,  652.3,  669.8,  685.4,  545.7,  565.1,  586.1,  603.3,  585.4,  564.4,  693.3,  711.5,  731.6,  746.6,  731.8,  712.7,  575.2,  606.9,  631.0,  648.6,  668.1,  688.3,  705.9,  689.2,  669.7,  649.4,  630.5,  605.2,  587.1,  630.4,  648.2,  667.8,  696.9,  668.3,  648.9,  630.7,  332.8,  383.3,  433.6,  482.1,  530.3,  572.9,  608.8,  635.9,  643.6,  636.9,  614.3,  584.6,  548.6,  506.5,  460.2,  411.9,  361.3,  337.1,  319.4,  317.6,  325.5,  337.4,  338.9,  327.5,  323.4,  327.3,  343.8,  366.4,  393.1,  420.2,  448.9,  469.0,  476.2,  482.4,  476.9,  470.2,  365.2,  357.1,  356.8,  366.6,  372.2,  372.3,  370.6,  360.6,  361.7,  370.3,  376.8,  376.0,  530.3,  525.5,  523.0,  527.7,  524.2,  527.2,  532.6,  549.8,  557.6,  559.5,  557.4,  548.9,  532.1,  534.2,  536.6,  534.2,  534.3,  538.7,  540.9,  538.3,  -83.0,  -84.1,  -83.5,  -80.7,  -70.8,  -56.3,  -39.6,  -19.9,  -1.0,  15.0,  29.4,  42.2,  53.9,  61.8,  66.5,  70.6,  73.5,  -58.4,  -46.0,  -31.3,  -17.5,  -4.9,  18.6,  31.5,  44.0,  56.7,  65.5,  6.4,  6.9,  7.4,  7.7,  -9.6,  -2.3,  5.0,  12.1,  18.7,  -39.1,  -31.0,  -22.4,  -15.3,  -22.6,  -31.3,  22.6,  30.5,  39.3,  46.4,  39.5,  31.0,  -27.7,  -13.7,  -3.7,  3.6,  11.7,  20.6,  29.0,  20.9,  12.4,  3.9,  -3.9,  -14.5,  -22.5,  -4.0,  3.4,  11.6,  24.8,  11.8,  3.7,  -3.9,  -12.5,  10.8,  34.5,  57.5,  79.3,  98.0,  112.1,  121.6,  125.1,  125.4,  120.2,  109.3,  92.7,  71.5,  48.2,  24.7,  0.6,  -9.6,  -16.6,  -17.1,  -13.9,  -9.0,  -8.5,  -13.4,  -15.5,  -14.2,  -7.2,  2.6,  13.1,  23.6,  34.4,  44.3,  47.0,  49.3,  47.6,  45.4,  2.1,  -1.2,  -1.3,  2.7,  5.1,  5.1,  4.5,  0.3,  0.7,  4.5,  7.2,  6.8,  72.9,  68.6,  67.3,  69.4,  68.4,  71.2,  76.1,  80.8,  82.3,  82.5,  81.5,  78.9,  73.3,  72.0,  73.2,  72.8,  76.0,  74.5,  74.8,  73.7,  400.1,  404.5,  409.6,  411.9,  407.6,  402.7,  394.5,  385.7,  385.9,  396.4,  413.6,  425.9,  430.0,  427.4,  421.4,  415.4,  413.5,  367.1,  358.4,  353.6,  351.1,  349.4,  354.3,  361.7,  369.7,  379.0,  390.9,  352.2,  347.8,  342.9,  338.5,  355.3,  353.7,  352.5,  356.1,  360.3,  362.7,  361.8,  363.1,  365.3,  362.7,  361.8,  371.2,  372.6,  375.8,  380.6,  376.3,  373.2,  374.6,  362.9,  361.1,  362.2,  364.3,  372.7,  385.7,  372.5,  364.6,  361.6,  361.1,  365.4,  372.5,  361.8,  362.8,  365.5,  381.3,  364.6,  361.7,  361.4,  2.333,  0.224,  -0.164,  0.074,  643.401,  458.939,  -14.827,  12.660,  -8.902,  0.578,  -5.614,  12.079,  -3.670,  1.776,  19.594,  -9.607,  -12.686,  -4.079,  -8.610,  -1.958,  -4.498,  9.443,  -3.634,  -1.283,  -4.207,  -5.611,  1.838,  -2.465,  -1.881,  -2.928,  1.521,  0.024,  -1.053,  -0.448,  -0.483,  -0.507,  -0.110,  -0.502,  0.262,  0.244, 0.00, 0.00, 0.00, 0.00, 0.00, 0.00, 0.00, 0.11, 0.00, 0.25, 0.11, 0.79, 0.34, 0.79, 0.00, 0.09, 0.03, 0.00, 0.00, 0.00, 0.00, 0.00, 0.00, 0.00, 0.00, 0.00, 1.00, 0.00, 1.00, 1.00, 0.00, 0.00, 0.00, 0.00, 0.00
20,  0,  0.634,  0.98,  1,  0.173877,  0.249687,  -0.952587,  -0.065757,  0.224962,  -0.972146,  0.056,  0.242,  562.0,  566.3,  577.1,  588.1,  592.9,  589.3,  577.8,  566.7,  547.3,  555.5,  565.3,  577.1,  588.3,  596.2,  601.8,  594.7,  585.6,  575.2,  564.9,  555.6,  571.5,  577.4,  583.1,  585.4,  582.9,  577.0,  571.3,  569.0,  704.0,  708.3,  718.5,  728.6,  732.8,  728.5,  718.3,  707.4,  696.0,  703.2,  712.5,  723.4,  733.5,  741.4,  746.4,  740.2,  731.9,  722.0,  711.9,  702.8,  713.3,  718.2,  723.1,  725.2,  723.2,  718.3,  713.4,  711.4,  364.1,  353.5,  349.3,  353.9,  364.6,  376.2,  379.4,  374.8,  368.2,  362.3,  358.6,  356.7,  358.8,  363.3,  370.0,  372.3,  372.5,  372.6,  371.8,  370.5,  370.7,  373.1,  370.9,  365.4,  359.8,  357.3,  359.5,  365.0,  368.5,  358.2,  353.9,  358.0,  368.2,  378.5,  382.8,  379.3,  372.9,  366.6,  362.5,  361.3,  363.2,  366.5,  371.2,  375.2,  377.5,  378.0,  377.1,  375.7,  373.1,  375.1,  373.0,  368.1,  363.2,  361.2,  363.3,  368.2,  -30.7,  -29.1,  -24.9,  -20.6,  -18.6,  -19.9,  -24.3,  -28.7,  -36.6,  -33.2,  -29.3,  -24.7,  -20.3,  -17.2,  -15.1,  -17.8,  -21.2,  -25.2,  -29.3,  -33.1,  -26.9,  -24.6,  -22.4,  -21.6,  -22.6,  -24.9,  -27.2,  -28.0,  26.6,  28.3,  32.6,  36.8,  38.6,  36.9,  32.6,  28.1,  23.4,  26.2,  30.0,  34.5,  38.9,  42.5,  45.0,  42.1,  38.4,  34.1,  29.9,  26.1,  30.6,  32.6,  34.7,  35.5,  34.7,  32.6,  30.6,  29.7,  1.6,  -2.6,  -4.2,  -2.4,  1.8,  6.4,  7.6,  5.8,  3.2,  0.9,  -0.6,  -1.3,  -0.5,  1.3,  4.0,  4.8,  4.9,  4.9,  4.6,  4.1,  4.2,  5.2,  4.3,  2.1,  -0.1,  -1.1,  -0.2,  2.0,  3.5,  -0.7,  -2.5,  -0.8,  3.4,  7.7,  9.5,  8.0,  5.4,  2.8,  1.0,  0.5,  1.3,  2.7,  4.8,  6.4,  7.3,  7.5,  7.1,  6.5,  5.5,  6.3,  5.4,  3.4,  1.3,  0.5,  1.4,  3.4,  343.8,  345.7,  346.9,  346.7,  345.3,  343.6,  342.2,  342.4,  345.8,  344.2,  343.0,  342.8,  343.7,  344.9,  346.0,  343.6,  341.4,  340.6,  341.3,  343.2,  344.2,  344.1,  344.7,  345.7,  346.5,  346.6,  346.0,  345.0,  363.5,  363.0,  363.0,  363.6,  364.3,  364.8,  364.7,  364.5,  365.3,  363.3,  362.1,  362.0,  363.9,  367.1,  370.3,  367.6,  365.1,  363.5,  363.4,  364.3,  364.8,  365.1,  365.2,  364.9,  364.6,  364.3,  364.3,  364.5,  1.6,  42.2,  368.1,  0.111,  -0.154,  0.082,  459.6,  458.8,  461.6,  467.3,  484.5,  512.5,  547.0,  591.1,  635.1,  671.4,  700.6,  725.4,  748.8,  766.2,  778.1,  789.2,  796.4,  501.7,  528.2,  562.9,  596.8,  628.4,  686.0,  716.3,  744.6,  771.4,  787.1,  656.3,  658.0,  659.7,  661.0,  617.0,  634.9,  652.8,  670.1,  685.7,  546.2,  565.6,  586.6,  604.1,  586.1,  565.2,  693.8,  712.2,  732.2,  747.3,  732.5,  713.4,  574.8,  606.6,  630.8,  648.6,  668.4,  688.7,  706.1,  689.6,  669.9,  649.2,  630.1,  604.7,  586.9,  629.9,  648.0,  667.9,  697.2,  668.3,  648.6,  630.0,  332.7,  381.6,  430.1,  477.3,  525.2,  568.6,  606.3,  636.0,  645.2,  639.1,  616.9,  587.2,  551.0,  508.4,  461.4,  412.5,  360.9,  338.4,  321.0,  319.4,  327.4,  339.4,  340.7,  329.0,  324.9,  329.1,  345.6,  368.6,  395.1,  422.0,  450.7,  470.3,  477.8,  484.0,  478.7,  472.3,  366.7,  358.6,  358.2,  368.0,  373.6,  373.8,  372.2,  362.1,  363.1,  371.7,  378.2,  377.5,  531.3,  526.8,  524.4,  529.4,  526.0,  529.1,  534.7,  552.2,  559.8,  561.5,  559.0,  550.1,  533.1,  535.7,  538.2,  536.1,  536.2,  541.2,  543.1,  540.1,  -81.8,  -83.0,  -82.7,  -80.6,  -71.9,  -58.4,  -41.8,  -21.5,  -2.1,  14.2,  28.6,  41.5,  53.6,  61.8,  66.7,  70.9,  73.9,  -57.7,  -45.5,  -30.9,  -17.2,  -4.6,  18.5,  31.3,  43.9,  56.5,  65.3,  6.5,  7.1,  7.7,  8.1,  -9.3,  -2.0,  5.1,  12.2,  18.7,  -38.6,  -30.6,  -22.0,  -14.9,  -22.2,  -30.8,  22.7,  30.6,  39.4,  46.4,  39.5,  31.1,  -27.8,  -13.7,  -3.8,  3.5,  11.8,  20.6,  29.0,  21.0,  12.4,  3.8,  -4.1,  -14.6,  -22.5,  -4.1,  3.3,  11.6,  24.8,  11.7,  3.6,  -4.1,  -12.4,  9.9,  32.5,  54.7,  76.4,  95.6,  110.7,  121.2,  125.4,  126.0,  121.2,  110.6,  94.0,  72.7,  49.0,  25.0,  0.4,  -9.0,  -15.9,  -16.3,  -13.0,  -8.2,  -7.8,  -12.7,  -14.7,  -13.3,  -6.4,  3.4,  13.8,  24.2,  34.8,  44.6,  47.4,  49.7,  48.1,  46.0,  2.8,  -0.6,  -0.7,  3.3,  5.6,  5.7,  5.1,  0.9,  1.3,  5.1,  7.8,  7.4,  72.9,  68.7,  67.4,  69.7,  68.7,  71.6,  76.6,  81.4,  82.8,  82.8,  81.7,  79.0,  73.3,  72.2,  73.4,  73.1,  76.4,  75.1,  75.2,  74.0,  396.7,  400.8,  405.7,  408.4,  404.9,  400.8,  393.1,  384.2,  384.5,  395.2,  412.9,  425.8,  430.7,  428.7,  422.6,  416.0,  413.4,  364.9,  356.1,  351.3,  348.7,  347.2,  352.0,  359.2,  367.2,  376.5,  388.4,  349.8,  345.5,  340.6,  336.3,  353.4,  351.9,  350.8,  354.3,  358.3,  360.6,  359.5,  360.9,  363.2,  360.6,  359.6,  368.9,  370.2,  373.5,  378.4,  374.1,  371.0,  372.4,  360.6,  358.9,  360.0,  362.0,  370.6,  383.8,  370.4,  362.4,  359.6,  359.1,  363.4,  370.3,  359.5,  360.6,  363.2,  379.4,  362.4,  359.7,  359.4,  2.345,  0.236,  -0.174,  0.086,  643.271,  460.100,  -10.626,  7.249,  -8.887,  0.753,  -8.775,  10.922,  -3.030,  2.571,  20.140,  -8.290,  -13.460,  -4.335,  -8.225,  -2.019,  -4.677,  9.243,  -2.922,  -0.745,  -4.975,  -5.769,  1.103,  -2.062,  -1.742,  -2.818,  1.273,  -0.190,  -0.774,  -0.528,  -0.413,  -0.649,  0.058,  -0.324,  0.223,  0.164, 0.00, 0.00, 0.00, 0.00, 0.00, 0.00, 0.00, 0.26, 0.00, 0.32, 0.19, 0.76, 0.36, 0.78, 0.00, 0.12, 0.03, 0.00, 0.00, 0.00, 0.00, 0.00, 0.00, 0.00, 0.00, 0.00, 1.00, 0.00, 1.00, 1.00, 0.00, 0.00, 0.00, 0.00, 0.00
21,  0,  0.667,  0.98,  1,  0.142594,  0.241681,  -0.959822,  -0.061401,  0.226316,  -0.972117,  0.042,  0.238,  562.5,  566.8,  577.4,  588.0,  592.5,  588.9,  577.5,  566.9,  550.2,  557.2,  566.3,  577.7,  589.0,  596.9,  602.4,  595.2,  585.9,  575.5,  565.6,  557.1,  572.0,  577.5,  583.1,  585.3,  583.1,  577.5,  572.0,  569.7,  705.1,  709.4,  719.4,  729.4,  733.4,  729.1,  719.0,  708.3,  696.9,  704.1,  713.2,  724.1,  734.2,  742.1,  747.0,  740.9,  732.7,  722.8,  712.8,  703.7,  714.1,  719.0,  723.9,  726.0,  724.1,  719.2,  714.2,  712.1,  365.3,  354.6,  350.0,  354.3,  364.9,  376.5,  380.2,  375.9,  368.5,  363.1,  359.6,  358.0,  360.1,  364.4,  371.0,  373.3,  373.8,  373.8,  372.9,  371.3,  371.2,  373.4,  371.1,  365.5,  360.0,  357.7,  360.1,  365.7,  369.8,  359.7,  355.6,  359.7,  369.8,  379.8,  384.0,  380.4,  374.4,  368.3,  364.2,  362.8,  364.6,  367.8,  372.4,  376.5,  378.8,  379.3,  378.5,  377.1,  374.5,  376.5,  374.5,  369.5,  364.6,  362.5,  364.6,  369.5,  -31.8,  -30.1,  -25.8,  -21.4,  -19.5,  -20.9,  -25.5,  -29.9,  -37.2,  -34.1,  -30.1,  -25.4,  -20.9,  -17.7,  -15.5,  -18.4,  -22.0,  -26.3,  -30.4,  -34.1,  -27.9,  -25.6,  -23.4,  -22.5,  -23.4,  -25.7,  -28.0,  -28.9,  27.2,  29.0,  33.2,  37.4,  39.1,  37.4,  33.2,  28.7,  23.9,  26.8,  30.5,  35.0,  39.4,  43.1,  45.6,  42.7,  38.9,  34.6,  30.4,  26.7,  31.1,  33.2,  35.3,  36.1,  35.3,  33.2,  31.1,  30.2,  2.2,  -2.2,  -4.1,  -2.4,  2.0,  6.8,  8.3,  6.5,  3.5,  1.3,  -0.1,  -0.8,  0.0,  1.8,  4.5,  5.4,  5.6,  5.6,  5.3,  4.6,  4.6,  5.5,  4.6,  2.3,  -0.0,  -0.9,  0.0,  2.3,  4.1,  -0.1,  -1.9,  -0.1,  4.1,  8.3,  10.1,  8.6,  6.0,  3.5,  1.8,  1.2,  1.9,  3.3,  5.3,  7.0,  7.9,  8.1,  7.7,  7.2,  6.1,  6.9,  6.1,  4.0,  1.9,  1.1,  1.9,  4.0,  359.2,  360.0,  360.3,  359.8,  358.9,  358.3,  357.8,  358.2,  362.1,  360.0,  358.2,  357.4,  358.0,  359.0,  360.2,  358.3,  356.7,  356.3,  357.4,  359.5,  359.4,  359.2,  359.4,  359.8,  360.3,  360.6,  360.4,  359.9,  365.9,  365.4,  365.4,  366.0,  366.8,  367.3,  367.2,  367.0,  367.8,  365.8,  364.5,  364.5,  366.4,  369.7,  373.0,  370.2,  367.6,  366.0,  365.8,  366.7,  367.3,  367.6,  367.6,  367.4,  367.0,  366.7,  366.7,  366.9,  1.7,  42.8,  368.9,  0.112,  -0.161,  0.091,  460.4,  459.2,  461.4,  466.2,  482.4,  509.6,  544.2,  589.1,  633.7,  670.1,  699.5,  724.4,  748.0,  765.5,  777.8,  789.4,  797.4,  502.8,  529.1,  563.8,  597.8,  629.4,  687.0,  717.4,  745.5,  772.1,  787.7,  657.1,  658.9,  660.6,  661.8,  618.1,  635.8,  653.3,  670.3,  685.6,  547.6,  566.7,  587.5,  604.7,  587.0,  566.3,  694.9,  713.1,  732.9,  747.8,  733.1,  714.2,  575.5,  607.1,  630.8,  648.7,  668.5,  688.7,  705.7,  689.5,  669.9,  649.2,  630.1,  605.1,  587.8,  629.9,  648.0,  667.9,  697.0,  668.3,  648.6,  629.9,  334.3,  381.8,  428.6,  474.6,  522.1,  566.2,  605.4,  637.1,  647.5,  641.7,  619.5,  589.9,  553.8,  511.2,  464.1,  415.1,  363.5,  339.7,  322.0,  320.5,  328.6,  340.6,  342.2,  330.3,  326.4,  330.9,  347.3,  370.2,  396.8,  423.9,  452.6,  471.7,  479.2,  485.5,  480.3,  474.2,  367.7,  359.6,  359.3,  369.0,  374.6,  374.7,  373.4,  363.5,  364.6,  373.2,  379.6,  378.8,  532.4,  527.9,  525.7,  530.7,  527.4,  530.6,  536.5,  554.2,  561.7,  563.2,  560.6,  551.5,  534.2,  537.0,  539.7,  537.7,  538.0,  543.1,  544.8,  541.7,  -81.1,  -82.5,  -82.5,  -80.9,  -72.7,  -59.6,  -42.9,  -22.3,  -2.8,  13.6,  28.1,  41.1,  53.3,  61.7,  66.8,  71.2,  74.5,  -57.1,  -45.1,  -30.6,  -16.9,  -4.2,  19.0,  31.8,  44.3,  56.8,  65.5,  6.8,  7.5,  8.0,  8.4,  -8.9,  -1.7,  5.3,  12.3,  18.7,  -38.1,  -30.1,  -21.7,  -14.7,  -21.9,  -30.3,  23.2,  31.0,  39.7,  46.7,  39.9,  31.5,  -27.4,  -13.6,  -3.8,  3.6,  11.8,  20.7,  28.8,  21.0,  12.4,  3.8,  -4.1,  -14.5,  -22.1,  -4.2,  3.3,  11.6,  24.7,  11.7,  3.5,  -4.1,  -11.6,  9.9,  31.7,  53.3,  74.8,  94.2,  110.0,  121.6,  126.4,  127.4,  122.7,  112.1,  95.7,  74.4,  50.4,  26.3,  1.6,  -8.5,  -15.5,  -15.9,  -12.5,  -7.7,  -7.2,  -12.2,  -14.1,  -12.5,  -5.7,  4.1,  14.6,  25.0,  35.8,  45.2,  48.1,  50.5,  48.9,  46.9,  3.2,  -0.2,  -0.3,  3.7,  6.0,  6.0,  5.7,  1.5,  2.0,  5.7,  8.4,  8.0,  73.3,  69.2,  68.1,  70.4,  69.4,  72.4,  77.5,  82.4,  83.8,  83.7,  82.5,  79.6,  73.7,  72.9,  74.2,  73.9,  77.2,  76.0,  76.2,  74.8,  395.0,  399.1,  404.1,  407.1,  403.7,  399.7,  392.3,  383.8,  384.7,  395.6,  413.5,  426.6,  432.0,  430.3,  424.1,  417.2,  414.0,  364.5,  355.8,  351.3,  349.0,  347.9,  353.1,  359.8,  367.6,  376.6,  388.1,  350.5,  346.4,  341.9,  337.8,  354.4,  353.1,  352.2,  355.6,  359.4,  360.4,  359.6,  361.1,  363.5,  360.9,  359.9,  369.7,  370.8,  374.1,  378.9,  374.9,  371.8,  372.2,  360.9,  359.7,  360.8,  362.9,  371.3,  384.0,  371.2,  363.5,  360.6,  359.9,  363.7,  370.2,  360.3,  361.5,  364.1,  379.6,  363.4,  360.6,  360.2,  2.342,  0.240,  -0.185,  0.096,  643.446,  461.407,  -12.801,  4.140,  -10.870,  -0.906,  -10.314,  10.334,  -2.524,  3.710,  21.560,  -7.438,  -14.300,  -5.454,  -8.074,  -1.571,  -4.223,  8.373,  -3.095,  -0.098,  -4.953,  -5.374,  0.521,  -2.030,  -1.540,  -2.512,  1.068,  0.139,  -0.470,  -0.510,  -0.435,  -0.379,  -0.080,  -0.435,  0.295,  0.093, 0.00, 0.00, 0.00, 0.00, 0.00, 0.00, 0.00, 0.42, 0.00, 0.31, 0.19, 0.77, 0.38, 0.72, 0.14, 0.31, 0.02, 0.00, 0.00, 0.00, 0.00, 0.00, 0.00, 0.00, 0.00, 0.00, 1.00, 0.00, 1.00, 1.00, 0.00, 0.00, 0.00, 0.00, 0.00
22,  0,  0.701,  0.98,  1,  0.152076,  0.253015,  -0.955435,  -0.062389,  0.226203,  -0.972080,  0.046,  0.244,  563.1,  567.6,  578.4,  589.3,  593.8,  590.1,  578.5,  567.7,  550.4,  557.7,  567.0,  578.4,  589.6,  597.6,  603.1,  595.9,  586.6,  576.1,  566.1,  557.5,  572.9,  578.4,  584.0,  586.3,  584.0,  578.4,  572.9,  570.6,  705.4,  709.8,  720.0,  730.1,  734.1,  729.7,  719.5,  708.6,  697.0,  704.4,  713.9,  724.9,  735.0,  742.7,  747.3,  741.3,  733.2,  723.3,  713.3,  704.0,  714.5,  719.4,  724.3,  726.5,  724.5,  719.6,  714.7,  712.5,  366.0,  355.2,  350.7,  355.1,  365.8,  377.6,  381.2,  376.8,  369.1,  363.5,  360.1,  358.5,  360.6,  365.0,  371.7,  373.9,  374.3,  374.2,  373.3,  371.7,  372.1,  374.4,  372.1,  366.6,  361.1,  358.8,  361.1,  366.6,  370.2,  360.0,  355.7,  359.9,  370.0,  380.2,  384.5,  380.9,  374.8,  368.6,  364.4,  363.1,  364.8,  368.1,  372.7,  376.8,  379.2,  379.7,  378.9,  377.5,  374.8,  376.8,  374.7,  369.7,  364.8,  362.8,  364.8,  369.8,  -31.2,  -29.5,  -25.1,  -20.6,  -18.7,  -20.2,  -24.8,  -29.2,  -36.6,  -33.4,  -29.5,  -24.9,  -20.4,  -17.2,  -15.0,  -17.9,  -21.5,  -25.7,  -29.8,  -33.5,  -27.2,  -25.0,  -22.7,  -21.8,  -22.8,  -25.1,  -27.3,  -28.2,  26.9,  28.7,  32.9,  37.1,  38.8,  37.1,  32.9,  28.3,  23.6,  26.5,  30.3,  34.8,  39.2,  42.8,  45.1,  42.3,  38.6,  34.3,  30.2,  26.4,  30.8,  32.8,  34.9,  35.8,  34.9,  32.9,  30.8,  29.9,  2.4,  -1.9,  -3.8,  -2.0,  2.4,  7.1,  8.6,  6.8,  3.7,  1.4,  0.0,  -0.6,  0.2,  2.0,  4.8,  5.6,  5.7,  5.7,  5.4,  4.8,  4.9,  5.8,  4.9,  2.7,  0.4,  -0.5,  0.4,  2.7,  4.2,  -0.0,  -1.8,  -0.1,  4.1,  8.4,  10.1,  8.6,  6.1,  3.5,  1.8,  1.3,  2.0,  3.4,  5.3,  7.0,  7.9,  8.1,  7.8,  7.2,  6.1,  7.0,  6.1,  4.0,  2.0,  1.1,  2.0,  4.1,  354.7,  355.9,  356.5,  356.1,  354.9,  353.9,  353.2,  353.6,  357.3,  355.4,  353.8,  353.2,  353.8,  354.9,  355.9,  353.9,  352.2,  351.6,  352.7,  354.8,  355.0,  354.8,  355.1,  355.7,  356.3,  356.5,  356.2,  355.6,  360.0,  359.4,  359.6,  360.4,  361.3,  361.9,  361.7,  361.3,  361.8,  359.8,  358.6,  358.7,  360.8,  364.3,  367.7,  364.9,  362.2,  360.5,  360.2,  360.9,  361.6,  362.0,  362.1,  361.8,  361.4,  361.0,  360.9,  361.1,  2.2,  43.4,  369.3,  0.112,  -0.150,  0.078,  459.9,  459.1,  462.5,  469.5,  488.8,  518.7,  553.3,  595.8,  638.1,  673.1,  701.8,  726.0,  749.2,  766.5,  778.5,  789.6,  796.8,  503.4,  530.4,  565.0,  598.3,  629.6,  688.6,  718.5,  746.2,  772.8,  788.1,  658.1,  659.5,  660.9,  662.0,  618.5,  636.3,  654.0,  671.3,  686.7,  547.9,  567.3,  588.3,  605.6,  587.5,  566.6,  695.0,  713.4,  733.5,  748.5,  733.7,  714.6,  576.3,  607.6,  631.9,  649.8,  669.5,  689.8,  707.1,  690.2,  670.3,  649.6,  630.5,  605.3,  588.2,  631.1,  649.1,  668.9,  698.0,  669.1,  649.4,  630.9,  333.0,  383.9,  434.8,  483.8,  532.6,  575.9,  612.6,  640.5,  648.6,  642.1,  619.5,  589.5,  553.4,  511.2,  464.6,  415.7,  364.2,  339.7,  322.2,  320.7,  328.8,  341.0,  342.4,  330.7,  326.4,  330.0,  346.2,  369.7,  397.1,  425.0,  454.4,  472.9,  480.4,  486.8,  481.3,  474.6,  368.1,  360.1,  359.8,  369.6,  375.2,  375.2,  373.8,  363.9,  364.9,  373.4,  380.0,  379.2,  532.8,  527.9,  525.7,  530.6,  527.1,  530.4,  536.3,  555.3,  563.7,  565.5,  563.1,  553.4,  534.8,  537.2,  539.8,  537.6,  538.1,  544.0,  546.1,  543.3,  -81.7,  -83.1,  -82.7,  -80.0,  -70.2,  -55.7,  -39.0,  -19.5,  -0.8,  15.0,  29.2,  41.9,  53.7,  61.8,  66.5,  70.8,  73.7,  -56.9,  -44.6,  -30.2,  -16.6,  -4.1,  19.6,  32.3,  44.7,  57.2,  65.8,  7.3,  7.7,  8.2,  8.5,  -8.7,  -1.5,  5.6,  12.7,  19.2,  -38.0,  -29.9,  -21.3,  -14.3,  -21.6,  -30.2,  23.3,  31.1,  40.0,  47.0,  40.1,  31.7,  -27.2,  -13.4,  -3.3,  4.0,  12.2,  21.2,  29.5,  21.4,  12.6,  4.0,  -3.9,  -14.5,  -22.0,  -3.7,  3.8,  12.1,  25.2,  12.1,  3.9,  -3.8,  -12.3,  11.0,  34.8,  58.1,  80.2,  99.2,  113.7,  123.5,  127.3,  127.9,  122.8,  111.8,  95.0,  73.8,  50.3,  26.3,  2.0,  -8.4,  -15.4,  -15.8,  -12.5,  -7.6,  -7.1,  -12.1,  -14.1,  -12.9,  -6.1,  3.9,  14.7,  25.4,  36.5,  45.8,  48.6,  51.0,  49.3,  47.1,  3.3,  0.0,  -0.1,  4.0,  6.3,  6.2,  5.8,  1.6,  2.1,  5.8,  8.6,  8.1,  73.8,  69.5,  68.2,  70.5,  69.5,  72.5,  77.5,  83.1,  84.9,  85.0,  83.8,  80.7,  74.2,  73.2,  74.4,  74.1,  77.4,  76.7,  76.9,  75.7,  397.2,  402.1,  407.8,  410.6,  406.6,  401.8,  393.7,  385.2,  386.0,  396.7,  414.0,  426.1,  430.0,  427.1,  420.5,  413.8,  411.1,  364.6,  356.3,  351.9,  349.7,  348.1,  353.2,  360.1,  367.9,  377.0,  388.7,  351.0,  346.9,  342.4,  338.4,  354.8,  353.2,  352.1,  355.6,  359.6,  360.7,  359.9,  361.4,  363.5,  361.0,  359.9,  369.7,  371.0,  374.1,  378.8,  374.7,  371.7,  373.8,  362.1,  360.4,  361.5,  363.7,  372.0,  384.7,  372.2,  364.8,  361.8,  361.2,  365.1,  371.7,  361.2,  362.3,  365.0,  380.4,  364.7,  361.8,  361.4,  2.339,  0.239,  -0.167,  0.081,  644.705,  462.531,  -18.099,  12.407,  -8.459,  1.020,  -6.884,  12.132,  -1.846,  3.125,  19.024,  -11.031,  -12.970,  -5.215,  -7.425,  -1.171,  -4.482,  9.515,  -3.293,  -0.554,  -4.845,  -5.648,  1.411,  -2.418,  -1.368,  -2.124,  1.682,  0.275,  -0.972,  -0.585,  -0.472,  -0.561,  -0.136,  -0.480,  0.284,  0.251, 0.00, 0.05, 0.00, 0.00, 0.00, 0.00, 0.00, 0.51, 0.00, 0.25, 0.12, 0.65, 0.38, 0.51, 0.36, 0.44, 0.14, 0.00, 0.00, 0.00, 0.00, 0.00, 0.00, 0.00, 0.00, 0.00, 1.00, 0.00, 1.00, 1.00, 0.00, 0.00, 0.00, 0.00, 0.00
23,  0,  0.734,  0.98,  1,  0.166241,  0.239047,  -0.956672,  -0.070717,  0.213986,  -0.974274,  0.049,  0.230,  563.4,  567.5,  578.3,  589.3,  594.1,  590.6,  579.2,  568.2,  548.1,  556.5,  566.6,  578.7,  590.1,  598.0,  603.5,  596.4,  587.3,  576.8,  566.4,  556.8,  572.9,  578.7,  584.3,  586.5,  584.0,  578.2,  572.6,  570.4,  705.8,  710.2,  720.5,  730.6,  734.6,  730.2,  719.9,  709.0,  697.4,  704.8,  714.4,  725.7,  735.9,  743.8,  748.4,  742.3,  733.9,  723.8,  713.6,  704.3,  715.1,  719.9,  724.7,  726.8,  724.9,  720.2,  715.3,  713.2,  365.5,  354.6,  350.2,  354.8,  365.7,  377.5,  381.0,  376.4,  369.7,  363.9,  360.2,  358.3,  360.3,  364.9,  371.5,  373.7,  373.9,  374.0,  373.2,  372.0,  371.9,  374.4,  372.1,  366.4,  360.7,  358.3,  360.6,  366.3,  369.3,  359.2,  354.9,  359.0,  369.1,  379.3,  383.5,  379.9,  373.8,  367.6,  363.4,  362.1,  363.9,  367.1,  371.7,  376.1,  378.6,  379.2,  378.3,  376.7,  373.6,  375.6,  373.6,  368.8,  364.0,  362.1,  364.1,  368.8,  -29.9,  -28.4,  -24.3,  -20.0,  -18.0,  -19.3,  -23.7,  -28.0,  -36.1,  -32.6,  -28.6,  -23.8,  -19.5,  -16.5,  -14.3,  -17.0,  -20.5,  -24.5,  -28.6,  -32.4,  -26.2,  -24.0,  -21.8,  -21.0,  -22.0,  -24.3,  -26.5,  -27.3,  26.8,  28.6,  32.7,  36.9,  38.7,  37.0,  32.7,  28.2,  23.5,  26.4,  30.2,  34.8,  39.2,  42.8,  45.1,  42.3,  38.5,  34.2,  30.1,  26.3,  30.8,  32.7,  34.7,  35.5,  34.7,  32.7,  30.8,  29.9,  2.1,  -2.1,  -3.9,  -2.1,  2.2,  6.9,  8.2,  6.4,  3.8,  1.5,  0.1,  -0.7,  0.1,  1.9,  4.5,  5.3,  5.4,  5.4,  5.1,  4.7,  4.7,  5.6,  4.7,  2.5,  0.3,  -0.7,  0.2,  2.5,  3.8,  -0.3,  -2.1,  -0.4,  3.7,  7.9,  9.6,  8.2,  5.7,  3.1,  1.4,  0.9,  1.6,  2.9,  4.9,  6.7,  7.6,  7.9,  7.5,  6.8,  5.6,  6.4,  5.6,  3.6,  1.6,  0.8,  1.7,  3.6,  341.7,  343.3,  344.4,  344.4,  343.3,  341.9,  340.6,  340.6,  343.8,  341.9,  340.7,  340.4,  341.4,  342.9,  344.2,  341.8,  339.6,  338.8,  339.4,  341.2,  342.3,  342.3,  342.9,  343.7,  344.3,  344.3,  343.7,  342.9,  356.7,  355.9,  355.8,  356.6,  357.7,  358.5,  358.6,  358.1,  358.7,  356.5,  355.1,  355.1,  357.2,  360.8,  364.2,  361.6,  359.0,  357.3,  357.0,  357.8,  358.3,  358.6,  358.6,  358.2,  357.7,  357.4,  357.4,  357.7,  2.1,  43.0,  367.3,  0.104,  -0.155,  0.087,  460.8,  459.7,  462.7,  468.7,  485.9,  514.0,  548.6,  592.1,  635.4,  671.1,  699.9,  724.6,  748.2,  765.7,  777.9,  789.5,  797.2,  503.5,  530.1,  564.8,  598.6,  630.1,  689.0,  718.9,  746.8,  773.3,  788.8,  658.5,  660.0,  661.6,  662.7,  619.7,  637.1,  654.4,  671.4,  686.5,  547.4,  567.0,  588.2,  605.9,  587.6,  566.5,  695.6,  714.0,  734.2,  749.4,  734.6,  715.2,  577.6,  608.4,  632.8,  649.9,  668.8,  689.0,  705.9,  689.0,  669.0,  649.0,  630.5,  605.6,  589.9,  631.7,  649.1,  668.0,  696.8,  667.8,  648.8,  630.9,  333.3,  383.0,  432.6,  480.5,  528.7,  572.3,  609.6,  639.1,  648.7,  643.2,  621.7,  592.5,  556.7,  514.6,  467.5,  417.8,  365.7,  339.5,  321.5,  320.0,  328.1,  340.5,  341.4,  329.1,  324.7,  328.4,  345.0,  369.5,  396.7,  424.3,  453.6,  472.2,  479.6,  485.8,  480.6,  474.4,  368.0,  359.9,  359.6,  369.6,  375.1,  375.1,  373.3,  363.1,  364.0,  372.7,  379.3,  378.6,  533.2,  527.0,  524.2,  529.2,  525.9,  530.2,  537.5,  557.4,  565.7,  567.1,  564.6,  554.5,  534.8,  536.3,  538.8,  537.0,  538.9,  545.3,  547.0,  544.1,  -80.7,  -82.1,  -81.8,  -79.7,  -71.1,  -57.6,  -40.9,  -21.0,  -2.0,  14.0,  28.2,  41.1,  53.1,  61.4,  66.4,  70.8,  73.9,  -56.6,  -44.5,  -30.1,  -16.5,  -3.9,  19.7,  32.3,  44.6,  57.1,  65.8,  7.4,  7.9,  8.4,  8.8,  -8.2,  -1.2,  5.8,  12.7,  19.0,  -38.0,  -29.9,  -21.3,  -14.1,  -21.5,  -30.1,  23.4,  31.2,  40.1,  47.2,  40.3,  31.8,  -26.5,  -13.0,  -2.9,  4.1,  11.9,  20.6,  28.7,  20.7,  12.0,  3.7,  -3.9,  -14.3,  -21.1,  -3.4,  3.7,  11.6,  24.5,  11.5,  3.6,  -3.7,  -12.0,  10.5,  33.5,  56.0,  77.9,  97.0,  111.8,  122.2,  126.6,  127.6,  123.3,  112.9,  96.6,  75.5,  51.8,  27.4,  2.7,  -8.5,  -15.6,  -16.0,  -12.7,  -7.7,  -7.5,  -12.6,  -14.8,  -13.5,  -6.6,  3.8,  14.5,  25.0,  36.0,  45.2,  48.0,  50.3,  48.8,  46.7,  3.3,  -0.0,  -0.1,  4.0,  6.2,  6.2,  5.6,  1.3,  1.7,  5.5,  8.2,  7.9,  73.4,  68.6,  67.0,  69.3,  68.3,  71.7,  77.3,  83.3,  85.2,  85.1,  84.0,  80.6,  73.7,  72.2,  73.4,  73.2,  77.1,  76.7,  76.8,  75.6,  394.0,  398.5,  403.9,  407.0,  403.9,  399.7,  391.7,  383.1,  383.8,  394.3,  412.1,  424.9,  429.8,  427.5,  421.2,  414.4,  411.3,  362.7,  354.7,  350.4,  348.1,  346.4,  351.3,  358.1,  365.9,  375.1,  386.8,  349.2,  345.2,  340.8,  336.8,  352.7,  351.3,  350.2,  353.6,  357.5,  359.3,  358.4,  359.7,  361.7,  359.4,  358.4,  367.8,  369.2,  372.4,  377.1,  373.0,  370.0,  371.0,  359.2,  357.3,  358.3,  360.4,  368.6,  381.3,  369.3,  362.3,  359.7,  359.1,  362.8,  368.8,  358.4,  359.4,  361.8,  377.2,  362.2,  359.6,  359.3,  2.352,  0.234,  -0.177,  0.091,  644.436,  462.342,  -15.279,  6.871,  -9.093,  2.516,  -8.632,  8.893,  0.113,  5.001,  18.870,  -10.663,  -12.551,  -5.398,  -6.457,  -0.950,  -3.382,  9.394,  -2.232,  0.314,  -6.238,  -4.314,  1.317,  -2.236,  -0.119,  -1.503,  1.243,  -0.156,  -0.511,  -0.898,  -0.375,  -0.623,  -0.070,  -0.230,  0.371,  0.164, 0.00, 0.17, 0.00, 0.00, 0.00, 0.00, 0.00, 0.43, 0.00, 0.19, 0.08, 0.40, 0.43, 0.26, 0.69, 0.48, 0.21, 0.00, 0.00, 0.00, 0.00, 0.00, 0.00, 0.00, 0.00, 0.00, 1.00, 0.00, 1.00, 1.00, 0.00, 0.00, 0.00, 0.00, 0.00
24,  0,  0.767,  0.98,  1,  0.189490,  0.261386,  -0.946452,  -0.073558,  0.217323,  -0.973324,  0.060,  0.244,  563.7,  568.0,  579.3,  591.0,  596.1,  592.5,  580.5,  568.8,  549.0,  557.4,  567.2,  579.0,  590.6,  598.8,  604.5,  596.8,  587.3,  576.6,  566.3,  557.1,  573.9,  579.9,  585.7,  588.0,  585.4,  579.4,  573.6,  571.3,  706.6,  710.8,  720.9,  731.0,  735.2,  731.0,  720.9,  710.0,  698.3,  705.6,  715.1,  726.4,  736.8,  744.7,  749.2,  743.3,  734.9,  724.8,  714.6,  705.1,  716.1,  720.7,  725.3,  727.2,  725.3,  720.7,  716.1,  714.2,  365.5,  354.8,  350.5,  355.1,  365.9,  377.7,  380.9,  376.3,  369.0,  363.1,  359.6,  358.0,  359.9,  364.3,  370.9,  373.2,  373.4,  373.4,  372.6,  371.4,  372.2,  374.6,  372.4,  367.0,  361.4,  359.1,  361.2,  366.7,  368.3,  358.2,  353.8,  357.7,  367.6,  377.7,  382.0,  378.7,  373.1,  366.5,  361.9,  360.3,  361.9,  365.1,  370.0,  374.6,  377.3,  378.0,  377.2,  375.8,  372.2,  374.0,  372.0,  367.4,  362.9,  361.1,  363.1,  367.7,  -29.2,  -27.7,  -23.5,  -19.0,  -16.9,  -18.1,  -22.6,  -27.1,  -35.0,  -31.6,  -27.8,  -23.3,  -18.9,  -15.8,  -13.7,  -16.5,  -20.0,  -24.0,  -28.0,  -31.7,  -25.3,  -23.0,  -20.8,  -20.0,  -21.1,  -23.4,  -25.6,  -26.4,  27.1,  28.8,  32.9,  37.0,  38.8,  37.2,  33.1,  28.6,  23.9,  26.7,  30.5,  35.0,  39.5,  43.1,  45.4,  42.7,  38.9,  34.6,  30.4,  26.6,  31.1,  33.0,  34.9,  35.7,  34.8,  32.9,  31.1,  30.3,  2.1,  -2.0,  -3.7,  -1.9,  2.3,  6.8,  7.9,  6.2,  3.5,  1.2,  -0.2,  -0.8,  -0.0,  1.6,  4.2,  5.0,  5.1,  5.1,  4.8,  4.3,  4.7,  5.6,  4.8,  2.7,  0.6,  -0.4,  0.5,  2.6,  3.4,  -0.7,  -2.5,  -0.9,  3.1,  7.2,  9.0,  7.6,  5.4,  2.6,  0.8,  0.1,  0.8,  2.1,  4.2,  6.0,  7.1,  7.3,  7.0,  6.5,  5.0,  5.7,  4.9,  3.0,  1.2,  0.4,  1.3,  3.1,  334.9,  337.2,  338.5,  338.2,  336.4,  334.3,  332.7,  333.0,  336.5,  335.0,  333.9,  333.7,  334.5,  335.6,  336.4,  333.9,  331.8,  331.0,  332.0,  334.0,  335.1,  334.9,  335.6,  336.8,  337.7,  337.9,  337.2,  336.0,  356.3,  355.4,  355.4,  356.1,  357.2,  358.0,  358.1,  357.7,  358.5,  356.2,  354.7,  354.7,  356.9,  360.5,  364.1,  361.4,  358.8,  357.1,  356.8,  357.6,  357.8,  358.2,  358.1,  357.8,  357.3,  356.9,  356.9,  357.3,  2.8,  42.8,  367.9,  0.104,  -0.148,  0.071,  460.3,  460.0,  464.2,  472.5,  492.9,  523.3,  557.4,  598.3,  639.8,  674.5,  703.0,  727.4,  750.6,  767.9,  779.5,  790.1,  796.7,  504.3,  531.5,  566.1,  599.6,  630.7,  691.3,  720.7,  748.3,  774.4,  789.0,  659.7,  660.9,  662.3,  663.4,  620.1,  637.9,  655.7,  673.1,  688.4,  547.6,  567.6,  589.0,  606.6,  588.1,  566.7,  696.1,  714.6,  735.1,  750.4,  735.6,  716.0,  578.5,  609.2,  634.2,  651.6,  670.7,  691.0,  707.8,  690.9,  670.7,  650.4,  631.5,  606.2,  590.4,  633.2,  650.9,  670.1,  698.5,  669.8,  650.5,  632.3,  333.0,  385.8,  438.6,  488.8,  537.8,  580.0,  614.5,  640.0,  647.3,  641.0,  618.6,  588.7,  552.7,  510.9,  464.7,  415.7,  364.4,  337.5,  319.1,  316.8,  324.4,  336.6,  337.1,  325.1,  320.6,  324.3,  341.4,  367.0,  394.8,  422.9,  452.5,  471.6,  478.7,  485.0,  479.6,  472.9,  367.5,  359.2,  359.0,  369.0,  374.6,  374.6,  372.2,  361.6,  362.3,  371.1,  377.9,  377.4,  533.0,  525.8,  522.6,  527.5,  523.9,  528.1,  535.6,  556.1,  565.4,  567.3,  565.0,  554.7,  534.6,  535.0,  537.3,  535.2,  537.3,  544.6,  546.8,  544.3,  -81.3,  -82.4,  -81.6,  -78.3,  -68.2,  -53.4,  -37.1,  -18.3,  -0.1,  15.6,  29.6,  42.3,  53.9,  61.9,  66.6,  70.7,  73.4,  -56.2,  -44.1,  -29.6,  -16.1,  -3.7,  20.6,  33.1,  45.4,  57.8,  66.1,  7.9,  8.3,  8.7,  9.0,  -8.0,  -0.9,  6.3,  13.4,  19.8,  -38.0,  -29.7,  -21.0,  -13.8,  -21.3,  -30.0,  23.6,  31.5,  40.5,  47.6,  40.8,  32.1,  -26.2,  -12.7,  -2.4,  4.8,  12.7,  21.6,  29.6,  21.6,  12.8,  4.3,  -3.5,  -14.0,  -21.0,  -2.8,  4.5,  12.5,  25.3,  12.4,  4.3,  -3.2,  -12.2,  11.8,  36.5,  60.3,  82.4,  100.8,  114.2,  123.0,  126.4,  126.8,  121.7,  110.7,  94.0,  73.0,  50.0,  26.2,  2.1,  -9.3,  -16.6,  -17.3,  -14.2,  -9.3,  -9.2,  -14.3,  -16.5,  -15.3,  -8.3,  2.8,  13.8,  24.6,  35.7,  45.0,  47.7,  50.1,  48.4,  46.2,  3.1,  -0.3,  -0.4,  3.7,  6.0,  6.0,  5.1,  0.7,  1.0,  4.8,  7.6,  7.4,  73.6,  68.3,  66.5,  68.7,  67.6,  71.0,  76.8,  83.1,  85.3,  85.5,  84.4,  81.0,  73.9,  71.8,  73.0,  72.7,  76.7,  76.7,  77.0,  75.9,  395.9,  400.7,  406.4,  409.2,  405.5,  400.8,  392.7,  384.4,  384.9,  394.9,  411.7,  423.5,  426.7,  423.6,  417.6,  411.9,  410.1,  362.6,  355.2,  350.8,  348.4,  346.5,  351.3,  358.6,  366.6,  376.2,  388.0,  350.0,  346.1,  341.6,  337.6,  353.3,  351.6,  350.4,  353.9,  358.0,  359.6,  358.5,  359.9,  361.7,  359.4,  358.4,  368.0,  369.5,  372.7,  377.5,  373.1,  370.1,  372.4,  360.5,  358.1,  359.0,  361.2,  369.7,  382.6,  370.7,  363.6,  360.9,  360.3,  364.1,  370.2,  359.3,  360.2,  362.8,  378.6,  363.5,  360.7,  360.4,  2.349,  0.230,  -0.166,  0.074,  646.142,  461.425,  -21.904,  14.058,  -7.121,  4.119,  -3.301,  9.307,  -0.607,  3.325,  15.271,  -11.757,  -12.138,  -4.352,  -6.314,  -0.319,  -3.380,  10.135,  -2.711,  -0.747,  -5.485,  -4.882,  2.251,  -1.993,  0.018,  -1.796,  1.989,  -0.193,  -0.744,  -0.770,  -0.562,  -0.653,  -0.041,  -0.296,  0.415,  0.249, 0.28, 0.58, 0.00, 0.20, 0.00, 0.00, 0.00, 0.30, 0.00, 0.16, 0.20, 0.27, 0.52, 0.11, 0.88, 0.51, 0.19, 0.00, 1.00, 0.00, 1.00, 0.00, 0.00, 0.00, 0.00, 0.00, 1.00, 0.00, 0.00, 0.00, 0.00, 0.00, 0.00, 0.00, 0.00
25,  0,  0.801,  0.98,  1,  0.203632,  0.212501,  -0.955708,  -0.089717,  0.197836,  -0.976121,  0.059,  0.209,  565.6,  571.2,  583.3,  595.0,  599.4,  594.7,  581.7,  570.0,  552.5,  559.8,  569.3,  581.0,  592.9,  601.4,  606.8,  598.7,  589.0,  578.3,  568.3,  559.6,  576.0,  582.1,  588.5,  591.4,  589.1,  583.0,  576.6,  573.7,  707.4,  711.6,  721.8,  732.0,  736.3,  732.1,  721.9,  710.9,  699.5,  706.7,  716.4,  727.8,  738.4,  746.6,  751.0,  745.1,  736.5,  726.2,  715.8,  706.3,  717.4,  721.7,  726.1,  727.9,  726.1,  721.7,  717.3,  715.5,  364.6,  352.8,  348.3,  353.8,  366.1,  378.7,  382.4,  376.9,  366.1,  361.2,  359.1,  357.9,  359.6,  364.4,  372.9,  377.1,  379.8,  380.4,  377.4,  372.4,  371.0,  373.9,  371.6,  365.4,  359.0,  356.1,  358.4,  364.6,  366.8,  356.6,  352.2,  356.2,  366.1,  376.2,  380.6,  377.3,  372.5,  365.2,  360.1,  358.2,  359.9,  363.2,  368.5,  373.3,  376.2,  377.0,  376.3,  375.0,  370.4,  372.1,  370.2,  365.9,  361.6,  359.9,  361.8,  366.1,  -27.6,  -25.5,  -21.0,  -16.7,  -15.1,  -16.9,  -21.7,  -26.1,  -32.7,  -29.8,  -26.1,  -21.7,  -17.4,  -14.3,  -12.4,  -15.3,  -18.9,  -22.8,  -26.6,  -30.0,  -23.9,  -21.6,  -19.2,  -18.1,  -18.9,  -21.2,  -23.6,  -24.7,  27.1,  28.7,  32.7,  36.9,  38.7,  37.1,  33.0,  28.6,  24.1,  26.8,  30.5,  35.1,  39.5,  43.3,  45.5,  42.8,  39.0,  34.7,  30.5,  26.7,  31.2,  33.0,  34.7,  35.4,  34.6,  32.9,  31.1,  30.4,  1.7,  -2.7,  -4.3,  -2.3,  2.3,  7.0,  8.4,  6.3,  2.3,  0.5,  -0.3,  -0.8,  -0.2,  1.6,  4.8,  6.4,  7.3,  7.5,  6.5,  4.6,  4.1,  5.2,  4.3,  2.0,  -0.4,  -1.5,  -0.6,  1.7,  2.7,  -1.4,  -3.1,  -1.5,  2.5,  6.6,  8.3,  7.0,  5.0,  2.1,  0.0,  -0.7,  -0.1,  1.3,  3.5,  5.4,  6.5,  6.9,  6.6,  6.1,  4.2,  4.9,  4.1,  2.4,  0.6,  -0.0,  0.7,  2.5,  325.0,  324.1,  323.8,  324.2,  325.1,  326.3,  326.2,  325.8,  327.5,  325.0,  322.7,  321.8,  322.5,  324.0,  326.2,  325.3,  324.2,  323.8,  324.7,  326.3,  326.3,  326.5,  326.3,  325.9,  325.5,  325.3,  325.4,  325.8,  351.3,  350.4,  350.2,  350.9,  352.0,  352.9,  353.1,  352.8,  353.6,  351.2,  349.6,  349.4,  351.6,  355.4,  359.0,  356.4,  353.9,  352.3,  352.0,  352.8,  352.8,  353.1,  353.0,  352.6,  352.1,  351.8,  351.9,  352.3,  3.6,  42.4,  370.0,  0.110,  -0.157,  0.071,  458.8,  460.2,  465.8,  474.1,  493.4,  523.0,  556.9,  600.5,  643.6,  678.8,  707.5,  731.4,  753.6,  769.7,  781.2,  792.1,  799.0,  505.3,  532.9,  567.5,  601.0,  632.4,  693.6,  722.7,  749.8,  775.7,  791.6,  661.9,  663.1,  664.4,  665.5,  621.7,  639.8,  657.6,  674.9,  690.4,  549.6,  569.7,  592.2,  609.3,  590.6,  568.2,  697.4,  715.5,  736.9,  752.1,  737.5,  717.3,  578.8,  610.0,  635.1,  653.5,  673.1,  693.8,  710.6,  693.8,  673.4,  652.6,  632.8,  607.1,  591.1,  634.0,  652.6,  672.5,  701.1,  672.3,  652.7,  633.5,  334.4,  385.2,  435.6,  484.4,  532.0,  574.7,  610.5,  637.2,  644.2,  637.8,  615.3,  585.6,  550.6,  510.2,  465.2,  416.8,  366.1,  334.9,  315.7,  312.8,  319.5,  331.4,  331.9,  319.0,  315.0,  318.2,  335.3,  366.4,  394.2,  422.4,  451.9,  472.1,  478.8,  484.8,  479.8,  473.5,  368.3,  358.8,  358.8,  370.7,  377.0,  376.7,  371.9,  359.7,  359.8,  369.6,  377.9,  377.9,  534.2,  525.1,  521.2,  526.1,  522.3,  527.0,  535.9,  555.8,  564.8,  566.8,  564.6,  554.9,  535.2,  535.1,  537.3,  535.1,  537.3,  543.3,  545.6,  543.2,  -82.1,  -82.3,  -80.7,  -77.3,  -67.7,  -53.5,  -37.3,  -17.4,  1.6,  17.5,  31.7,  44.1,  55.2,  62.7,  67.4,  71.9,  75.0,  -55.6,  -43.4,  -29.0,  -15.5,  -3.0,  21.6,  34.0,  46.2,  58.6,  67.4,  8.8,  9.2,  9.6,  10.0,  -7.5,  -0.1,  7.1,  14.3,  20.8,  -37.2,  -28.8,  -19.7,  -12.7,  -20.3,  -29.5,  24.3,  32.1,  41.5,  48.7,  41.9,  32.9,  -26.2,  -12.4,  -2.0,  5.6,  13.8,  22.9,  31.0,  22.9,  13.9,  5.2,  -3.0,  -13.7,  -20.8,  -2.5,  5.2,  13.6,  26.6,  13.5,  5.2,  -2.7,  -11.6,  11.5,  35.0,  57.9,  79.4,  98.1,  112.6,  122.0,  125.2,  125.3,  119.9,  108.9,  92.6,  72.6,  50.2,  26.9,  2.9,  -10.4,  -17.9,  -18.9,  -16.1,  -11.4,  -11.3,  -16.9,  -18.9,  -18.0,  -11.0,  2.6,  13.7,  24.7,  36.0,  45.8,  48.4,  50.7,  49.1,  47.0,  3.4,  -0.5,  -0.5,  4.4,  7.0,  6.9,  5.1,  -0.1,  -0.1,  4.2,  7.7,  7.6,  74.4,  68.4,  66.4,  68.6,  67.4,  71.0,  77.4,  83.3,  85.4,  85.6,  84.6,  81.4,  74.5,  72.4,  73.5,  73.1,  77.2,  76.4,  76.8,  75.7,  396.3,  400.6,  405.3,  407.5,  404.0,  400.0,  393.4,  385.3,  385.5,  394.7,  410.8,  422.3,  425.4,  422.7,  417.8,  413.7,  413.0,  360.9,  354.3,  349.9,  347.9,  347.0,  352.6,  360.3,  368.2,  377.8,  389.0,  352.5,  349.6,  346.2,  343.2,  357.6,  356.4,  355.5,  358.6,  362.1,  360.1,  359.0,  360.6,  362.8,  360.4,  359.3,  370.3,  371.7,  375.2,  380.5,  376.1,  372.6,  373.9,  362.5,  360.5,  361.5,  363.5,  371.8,  385.0,  372.5,  364.8,  362.1,  361.7,  365.5,  372.1,  361.9,  362.9,  365.2,  380.8,  364.9,  362.1,  361.8,  2.339,  0.231,  -0.179,  0.075,  647.965,  460.013,  -29.055,  13.031,  -12.780,  -0.423,  -0.285,  6.082,  -3.202,  6.509,  12.765,  -6.582,  -16.536,  -2.285,  -10.068,  4.293,  -2.089,  10.420,  -0.598,  0.946,  -3.747,  -5.276,  0.174,  -2.613,  -0.186,  -2.690,  0.690,  0.630,  -0.006,  -2.168,  -0.139,  -0.037,  -0.985,  -0.513,  0.356,  0.150, 1.02, 1.15, 0.00, 0.66, 0.00, 0.00, 0.00, 0.16, 0.01, 0.16, 0.31, 0.13, 0.57, 0.00, 0.87, 0.35, 0.07, 1.00, 1.00, 0.00, 1.00, 0.00, 0.00, 0.00, 0.00, 0.00, 1.00, 0.00, 0.00, 0.00, 0.00, 0.00, 0.00, 0.00, 0.00
26,  0,  0.834,  0.98,  1,  0.198918,  0.209207,  -0.957426,  -0.080564,  0.208090,  -0.974786,  0.061,  0.213,  566.4,  571.6,  583.3,  594.7,  599.1,  594.7,  582.2,  570.8,  552.6,  560.0,  569.8,  581.9,  593.9,  602.3,  607.8,  599.6,  589.7,  579.0,  568.7,  559.9,  576.5,  582.5,  588.6,  591.4,  589.1,  583.2,  577.0,  574.2,  708.4,  712.4,  722.5,  732.9,  737.4,  733.5,  723.3,  712.2,  700.9,  707.9,  717.2,  728.5,  739.0,  747.5,  752.6,  746.8,  738.3,  728.0,  717.6,  708.0,  718.3,  723.0,  727.6,  729.4,  727.3,  722.6,  718.0,  716.2,  365.6,  353.9,  349.4,  354.7,  366.6,  379.0,  382.8,  377.5,  366.9,  361.7,  359.0,  358.0,  360.2,  365.5,  374.1,  378.5,  381.0,  381.4,  378.6,  373.7,  371.8,  374.6,  372.3,  366.2,  359.9,  357.1,  359.4,  365.5,  366.9,  356.5,  351.8,  355.7,  365.9,  376.4,  381.0,  377.8,  373.1,  365.3,  359.6,  357.0,  358.6,  362.4,  368.2,  373.0,  375.7,  376.7,  376.4,  375.6,  371.1,  372.9,  370.8,  366.0,  361.4,  359.6,  361.7,  366.5,  -27.2,  -25.2,  -20.9,  -16.7,  -15.1,  -16.8,  -21.4,  -25.7,  -32.6,  -29.6,  -25.8,  -21.3,  -16.9,  -13.9,  -12.0,  -15.0,  -18.6,  -22.5,  -26.3,  -29.8,  -23.6,  -21.4,  -19.1,  -18.0,  -18.8,  -21.0,  -23.3,  -24.4,  27.4,  28.9,  33.0,  37.2,  39.0,  37.5,  33.4,  28.9,  24.5,  27.1,  30.7,  35.2,  39.7,  43.5,  46.0,  43.3,  39.5,  35.2,  31.1,  27.3,  31.4,  33.3,  35.2,  35.9,  35.0,  33.1,  31.3,  30.5,  2.1,  -2.3,  -3.9,  -2.0,  2.5,  7.1,  8.5,  6.5,  2.6,  0.6,  -0.3,  -0.7,  0.1,  2.0,  5.2,  6.9,  7.7,  7.9,  6.9,  5.1,  4.4,  5.4,  4.6,  2.3,  -0.1,  -1.1,  -0.2,  2.0,  2.8,  -1.4,  -3.3,  -1.7,  2.4,  6.6,  8.4,  7.1,  5.3,  2.1,  -0.2,  -1.2,  -0.6,  1.0,  3.4,  5.3,  6.3,  6.7,  6.6,  6.3,  4.5,  5.2,  4.3,  2.4,  0.6,  -0.2,  0.7,  2.6,  323.7,  323.0,  322.7,  322.9,  323.5,  324.5,  324.5,  324.3,  326.8,  324.0,  321.6,  320.5,  321.2,  322.8,  324.9,  323.9,  322.7,  322.5,  323.4,  325.1,  324.8,  324.9,  324.7,  324.4,  324.1,  324.0,  324.2,  324.5,  349.8,  349.5,  349.5,  350.0,  350.5,  350.8,  350.8,  350.7,  351.8,  349.8,  348.5,  348.4,  350.4,  354.0,  357.3,  354.5,  351.8,  350.2,  350.0,  350.8,  351.1,  351.3,  351.3,  351.1,  350.9,  350.7,  350.7,  350.8,  4.2,  41.8,  369.5,  0.110,  -0.162,  0.063,  461.3,  461.3,  466.1,  475.0,  496.1,  527.6,  561.4,  602.5,  644.1,  678.6,  707.3,  732.0,  755.1,  771.9,  782.6,  792.0,  797.7,  507.5,  534.2,  568.3,  601.7,  632.4,  698.0,  726.7,  753.0,  777.2,  790.4,  663.0,  664.3,  665.7,  667.0,  623.2,  641.3,  659.1,  676.4,  691.5,  549.9,  570.3,  592.9,  610.1,  591.2,  568.5,  698.3,  716.5,  738.2,  753.1,  739.4,  718.7,  580.5,  611.7,  636.7,  655.1,  674.9,  695.1,  711.4,  694.8,  674.8,  653.8,  634.0,  608.6,  592.6,  635.6,  654.2,  674.3,  702.4,  673.9,  654.0,  634.8,  332.4,  385.5,  438.6,  489.4,  537.7,  579.2,  612.5,  636.8,  643.0,  636.1,  612.6,  581.9,  546.0,  504.9,  459.9,  411.9,  361.7,  333.4,  313.0,  308.7,  314.5,  325.8,  325.3,  312.9,  308.6,  312.8,  330.8,  364.6,  392.7,  421.0,  450.7,  472.4,  478.8,  484.8,  479.6,  473.1,  369.0,  359.3,  359.5,  371.7,  378.1,  377.8,  372.2,  359.1,  358.8,  368.9,  377.6,  378.0,  533.3,  524.8,  520.8,  525.7,  521.8,  526.0,  533.7,  553.3,  562.5,  564.7,  562.6,  553.1,  534.6,  534.9,  537.1,  534.8,  535.6,  541.9,  544.5,  542.2,  -80.4,  -81.3,  -80.2,  -76.6,  -66.3,  -51.4,  -35.4,  -16.6,  1.8,  17.5,  31.6,  44.3,  55.7,  63.4,  67.9,  71.7,  74.4,  -54.6,  -42.9,  -28.7,  -15.3,  -3.0,  23.4,  35.7,  47.6,  59.3,  67.0,  9.3,  9.7,  10.2,  10.6,  -6.8,  0.5,  7.8,  14.9,  21.3,  -37.0,  -28.5,  -19.3,  -12.4,  -20.0,  -29.3,  24.6,  32.5,  42.0,  49.1,  42.6,  33.4,  -25.4,  -11.7,  -1.4,  6.2,  14.5,  23.4,  31.4,  23.3,  14.5,  5.7,  -2.5,  -13.1,  -20.1,  -1.8,  5.9,  14.3,  27.1,  14.1,  5.8,  -2.2,  -12.4,  11.6,  36.2,  60.1,  81.9,  100.1,  113.7,  122.4,  125.1,  124.9,  118.5,  106.8,  90.0,  69.6,  47.5,  24.5,  0.8,  -11.0,  -19.0,  -20.6,  -18.1,  -13.6,  -14.0,  -19.4,  -21.6,  -20.4,  -13.0,  1.8,  13.1,  24.1,  35.5,  45.9,  48.3,  50.6,  48.9,  46.8,  3.7,  -0.3,  -0.2,  4.8,  7.4,  7.3,  5.1,  -0.4,  -0.5,  3.8,  7.5,  7.6,  73.9,  68.2,  66.2,  68.4,  67.2,  70.5,  76.4,  82.3,  84.4,  84.6,  83.6,  80.4,  74.0,  72.2,  73.4,  72.9,  76.4,  75.8,  76.3,  75.2,  393.7,  398.3,  403.6,  406.2,  403.2,  399.7,  394.1,  387.0,  386.9,  395.8,  410.5,  421.3,  423.4,  420.5,  416.4,  413.1,  412.8,  360.4,  354.6,  350.5,  348.3,  347.6,  352.5,  360.0,  368.3,  378.5,  389.9,  353.0,  349.8,  346.2,  343.0,  357.3,  356.0,  354.9,  358.0,  361.8,  359.4,  357.9,  359.5,  361.5,  359.2,  358.1,  369.6,  371.1,  374.4,  379.7,  375.1,  371.8,  372.9,  362.1,  359.9,  361.0,  363.3,  371.8,  384.8,  372.3,  364.5,  361.6,  360.9,  364.5,  371.0,  361.3,  362.5,  365.1,  380.5,  364.7,  361.8,  361.2,  2.342,  0.231,  -0.186,  0.067,  649.323,  458.697,  -32.280,  14.144,  -13.601,  2.039,  1.870,  4.998,  -5.372,  2.163,  7.061,  -7.496,  -17.916,  -0.072,  -8.094,  3.672,  -1.447,  10.836,  -3.965,  0.507,  -3.885,  -5.239,  0.305,  -1.702,  -0.034,  -1.216,  2.793,  0.324,  -0.348,  -0.761,  -0.166,  -0.120,  -1.095,  -0.486,  0.464,  -0.011, 1.87, 1.80, 0.00, 0.94, 0.00, 0.00, 0.00, 0.09, 0.04, 0.17, 0.35, 0.14, 0.49, 0.00, 0.74, 0.27, 0.00, 1.00, 1.00, 0.00, 1.00, 0.00, 0.00, 0.00, 0.00, 0.00, 1.00, 0.00, 0.00, 0.00, 0.00, 0.00, 0.00, 0.00, 0.00
27,  0,  0.868,  0.98,  1,  0.209378,  0.221113,  -0.952507,  -0.088013,  0.221319,  -0.971222,  0.063,  0.226,  568.5,  573.8,  585.6,  597.1,  601.4,  596.9,  584.3,  572.9,  554.1,  561.8,  571.9,  584.1,  596.0,  604.2,  609.5,  601.7,  592.0,  581.4,  570.9,  561.7,  578.5,  584.5,  590.6,  593.4,  591.1,  585.2,  579.0,  576.3,  710.1,  714.2,  724.5,  734.9,  739.4,  735.3,  725.0,  713.8,  702.8,  709.8,  719.2,  730.7,  741.3,  749.6,  754.5,  748.9,  740.5,  730.3,  719.9,  710.1,  719.8,  724.7,  729.6,  731.5,  729.4,  724.5,  719.6,  717.6,  366.8,  355.1,  350.5,  355.6,  367.4,  379.7,  383.7,  378.6,  367.7,  362.8,  360.4,  359.1,  360.8,  365.5,  373.5,  378.4,  381.4,  382.2,  379.4,  374.4,  372.6,  375.3,  372.9,  366.8,  360.7,  358.0,  360.4,  366.4,  367.2,  356.7,  352.1,  356.2,  366.5,  377.0,  381.6,  378.2,  373.4,  365.8,  360.3,  357.8,  359.3,  362.9,  368.6,  373.3,  375.9,  376.8,  376.6,  375.9,  371.8,  373.7,  371.5,  366.5,  361.6,  359.7,  361.9,  366.9,  -26.4,  -24.4,  -20.0,  -15.9,  -14.3,  -16.0,  -20.7,  -24.9,  -32.0,  -28.9,  -25.0,  -20.5,  -16.2,  -13.2,  -11.4,  -14.2,  -17.7,  -21.6,  -25.5,  -29.1,  -22.8,  -20.7,  -18.4,  -17.3,  -18.1,  -20.3,  -22.6,  -23.6,  27.7,  29.3,  33.4,  37.6,  39.5,  37.9,  33.8,  29.3,  25.0,  27.6,  31.2,  35.8,  40.2,  43.9,  46.4,  43.7,  40.1,  35.8,  31.6,  27.8,  31.7,  33.7,  35.6,  36.4,  35.5,  33.5,  31.6,  30.8,  2.5,  -1.8,  -3.5,  -1.6,  2.7,  7.3,  8.8,  6.9,  2.9,  1.0,  0.1,  -0.3,  0.3,  2.0,  5.0,  6.8,  7.9,  8.2,  7.2,  5.4,  4.7,  5.7,  4.8,  2.5,  0.2,  -0.7,  0.1,  2.4,  2.9,  -1.3,  -3.1,  -1.5,  2.6,  6.8,  8.6,  7.2,  5.3,  2.3,  0.1,  -0.9,  -0.3,  1.2,  3.5,  5.3,  6.3,  6.7,  6.6,  6.3,  4.7,  5.4,  4.6,  2.6,  0.6,  -0.1,  0.8,  2.7,  323.5,  322.6,  322.5,  323.2,  324.4,  325.6,  325.4,  324.7,  326.2,  323.5,  321.4,  320.6,  321.7,  323.5,  325.9,  324.8,  323.5,  323.0,  323.6,  324.9,  325.1,  325.5,  325.4,  325.0,  324.4,  324.1,  324.1,  324.6,  346.4,  346.1,  346.2,  346.7,  347.2,  347.6,  347.5,  347.3,  348.3,  346.4,  345.1,  345.1,  347.2,  350.8,  354.3,  351.4,  348.7,  347.0,  346.7,  347.3,  347.7,  347.9,  348.0,  347.9,  347.6,  347.3,  347.3,  347.4,  5.2,  41.6,  369.2,  0.112,  -0.164,  0.057,  462.2,  462.4,  467.4,  476.9,  498.8,  531.0,  564.9,  605.4,  646.8,  681.6,  710.4,  735.2,  758.0,  774.5,  784.7,  793.6,  798.7,  510.1,  536.6,  570.4,  603.7,  634.4,  701.4,  729.7,  755.5,  779.0,  791.5,  665.6,  666.9,  668.4,  669.9,  625.7,  644.0,  662.0,  679.4,  694.3,  551.8,  572.4,  594.9,  612.1,  593.2,  570.6,  700.4,  718.7,  740.3,  755.2,  741.5,  720.9,  583.1,  614.2,  639.2,  658.0,  678.2,  698.2,  714.0,  697.6,  677.7,  656.5,  636.3,  611.1,  595.1,  638.0,  657.0,  677.4,  705.0,  677.1,  656.8,  637.2,  333.4,  387.0,  440.5,  491.6,  539.9,  580.8,  613.1,  636.3,  641.9,  634.6,  610.4,  579.1,  542.9,  501.8,  457.4,  410.1,  360.7,  333.0,  312.4,  307.4,  312.8,  323.8,  322.8,  310.6,  306.3,  310.7,  328.7,  364.2,  392.6,  421.2,  451.1,  472.9,  479.1,  485.0,  479.9,  473.3,  369.8,  360.4,  360.5,  372.1,  378.6,  378.5,  372.3,  359.7,  359.3,  368.9,  377.6,  378.1,  533.4,  524.4,  520.2,  525.2,  521.1,  525.4,  533.3,  552.1,  561.2,  563.6,  561.5,  552.3,  534.7,  534.9,  537.1,  534.7,  535.2,  540.3,  543.1,  540.9,  -80.0,  -80.8,  -79.6,  -75.8,  -65.1,  -49.8,  -33.8,  -15.3,  3.0,  18.9,  33.0,  45.8,  57.0,  64.5,  68.8,  72.4,  74.9,  -53.4,  -41.9,  -27.8,  -14.4,  -2.2,  24.7,  36.8,  48.5,  60.1,  67.5,  10.3,  10.8,  11.3,  11.7,  -5.8,  1.6,  8.9,  16.1,  22.5,  -36.2,  -27.6,  -18.5,  -11.5,  -19.2,  -28.3,  25.5,  33.3,  42.9,  49.9,  43.5,  34.3,  -24.2,  -10.6,  -0.3,  7.4,  15.8,  24.7,  32.5,  24.5,  15.7,  6.8,  -1.5,  -12.0,  -19.0,  -0.8,  7.0,  15.6,  28.3,  15.4,  6.9,  -1.1,  -12.0,  12.3,  37.1,  61.1,  82.9,  100.8,  113.9,  122.2,  124.7,  124.3,  117.6,  105.5,  88.5,  68.0,  46.3,  23.6,  0.3,  -11.1,  -19.3,  -21.1,  -18.8,  -14.4,  -14.9,  -20.3,  -22.6,  -21.3,  -14.0,  1.7,  13.0,  24.2,  35.7,  46.1,  48.5,  50.7,  49.0,  46.8,  4.0,  0.2,  0.2,  5.0,  7.6,  7.6,  5.2,  -0.1,  -0.3,  3.9,  7.6,  7.7,  73.8,  67.9,  65.8,  68.1,  66.8,  70.2,  76.2,  81.7,  83.7,  84.0,  83.0,  79.9,  73.9,  72.1,  73.3,  72.9,  76.1,  75.1,  75.6,  74.6,  393.6,  398.2,  403.7,  406.4,  403.3,  399.6,  393.8,  386.8,  387.1,  396.2,  410.8,  421.5,  423.2,  419.9,  415.8,  412.7,  412.9,  359.5,  354.1,  350.0,  347.7,  346.8,  351.8,  359.4,  367.9,  378.2,  389.5,  352.9,  349.8,  346.3,  343.2,  357.3,  356.1,  354.9,  357.9,  361.7,  358.7,  357.1,  358.7,  360.6,  358.4,  357.3,  369.2,  370.8,  374.0,  379.3,  374.6,  371.4,  372.2,  361.6,  359.4,  360.5,  362.9,  371.4,  384.5,  372.0,  364.1,  361.0,  360.2,  363.8,  370.3,  360.9,  362.2,  364.9,  380.2,  364.3,  361.2,  360.6,  2.344,  0.233,  -0.189,  0.061,  651.772,  458.231,  -31.755,  15.942,  -14.678,  1.524,  2.635,  4.837,  -5.946,  1.320,  3.854,  -7.120,  -18.090,  -0.206,  -7.225,  4.133,  -0.919,  10.230,  -4.340,  0.192,  -3.960,  -6.120,  0.594,  -1.370,  0.700,  -1.405,  2.904,  -0.206,  -0.434,  -0.436,  -0.330,  -0.257,  -0.818,  -0.524,  0.424,  0.135, 2.64, 2.35, 0.00, 1.04, 0.00, 0.00, 0.00, 0.15, 0.07, 0.25, 0.36, 0.11, 0.25, 0.00, 0.73, 0.14, 0.00, 1.00, 1.00, 0.00, 1.00, 0.00, 0.00, 0.00, 0.00, 0.00, 1.00, 0.00, 0.00, 0.00, 0.00, 0.00, 0.00, 0.00, 0.00
28,  0,  0.901,  0.98,  1,  0.217845,  0.229726,  -0.948562,  -0.081729,  0.234074,  -0.968777,  0.071,  0.237,  570.7,  575.9,  587.9,  599.7,  604.4,  600.0,  587.2,  575.4,  556.3,  564.1,  574.3,  586.3,  598.3,  606.8,  612.2,  604.3,  594.5,  583.7,  573.2,  563.9,  581.1,  587.2,  593.4,  596.1,  593.7,  587.6,  581.4,  578.7,  712.3,  716.4,  726.7,  737.1,  741.5,  737.4,  727.1,  716.0,  705.1,  712.0,  721.3,  732.7,  743.2,  751.5,  756.5,  750.9,  742.6,  732.5,  722.1,  712.2,  722.1,  726.9,  731.6,  733.5,  731.5,  726.7,  722.0,  720.1,  368.3,  356.3,  351.3,  356.3,  368.4,  381.1,  385.4,  380.4,  369.0,  363.8,  361.3,  359.9,  361.6,  366.4,  374.6,  379.6,  382.6,  383.4,  380.7,  375.7,  374.2,  376.8,  374.3,  368.1,  361.8,  359.2,  361.7,  367.9,  367.6,  357.1,  352.6,  356.7,  367.0,  377.5,  382.0,  378.6,  373.1,  365.9,  360.7,  358.4,  359.8,  363.4,  369.0,  373.7,  376.3,  377.2,  376.9,  375.9,  372.0,  373.9,  371.8,  367.0,  362.3,  360.4,  362.5,  367.3,  -25.3,  -23.4,  -19.0,  -14.7,  -13.1,  -14.7,  -19.4,  -23.7,  -30.8,  -27.7,  -23.9,  -19.5,  -15.1,  -12.1,  -10.2,  -13.1,  -16.6,  -20.5,  -24.4,  -27.9,  -21.6,  -19.4,  -17.1,  -16.1,  -17.0,  -19.2,  -21.5,  -22.5,  28.9,  30.6,  34.7,  38.9,  40.8,  39.1,  35.0,  30.5,  26.2,  28.8,  32.4,  37.0,  41.4,  45.2,  47.7,  45.0,  41.3,  37.1,  32.9,  29.0,  33.0,  34.9,  36.8,  37.6,  36.7,  34.8,  32.9,  32.1,  3.0,  -1.4,  -3.2,  -1.3,  3.1,  7.8,  9.3,  7.5,  3.3,  1.4,  0.5,  -0.0,  0.6,  2.3,  5.4,  7.2,  8.3,  8.6,  7.6,  5.8,  5.2,  6.2,  5.2,  3.0,  0.7,  -0.3,  0.6,  2.9,  3.0,  -1.1,  -3.0,  -1.3,  2.8,  7.0,  8.8,  7.5,  5.3,  2.4,  0.3,  -0.7,  -0.1,  1.4,  3.7,  5.5,  6.6,  6.9,  6.8,  6.4,  4.8,  5.6,  4.8,  2.8,  0.9,  0.2,  1.0,  2.9,  319.9,  319.2,  319.1,  319.7,  320.7,  321.8,  321.5,  320.9,  322.5,  320.0,  317.8,  317.1,  318.1,  319.8,  322.1,  321.0,  319.7,  319.2,  319.8,  321.2,  321.4,  321.7,  321.7,  321.4,  320.9,  320.6,  320.6,  321.0,  350.4,  350.1,  350.2,  350.6,  351.1,  351.4,  351.3,  351.2,  352.2,  350.3,  349.0,  349.0,  351.1,  354.6,  358.0,  355.2,  352.5,  350.8,  350.5,  351.2,  351.6,  351.8,  351.9,  351.8,  351.5,  351.3,  351.3,  351.4,  6.3,  41.7,  369.2,  0.117,  -0.167,  0.052,  463.2,  463.7,  468.8,  478.5,  500.6,  533.1,  567.7,  609.2,  651.1,  686.0,  714.6,  738.9,  761.0,  776.9,  786.7,  795.4,  800.4,  512.5,  538.9,  572.7,  606.0,  636.9,  704.3,  732.5,  758.0,  781.0,  793.2,  668.0,  669.5,  671.1,  672.7,  628.5,  646.8,  664.8,  682.1,  696.9,  554.1,  574.7,  597.2,  614.5,  595.6,  573.1,  702.5,  720.8,  742.5,  757.2,  743.7,  723.1,  586.2,  617.1,  642.0,  661.2,  681.6,  701.7,  717.0,  701.0,  681.1,  659.6,  639.1,  614.0,  598.3,  640.8,  660.1,  680.8,  708.0,  680.4,  659.9,  640.0,  334.9,  388.2,  441.2,  492.0,  540.2,  581.4,  614.0,  637.4,  642.6,  634.4,  609.1,  577.1,  540.7,  499.7,  455.9,  409.3,  360.8,  333.7,  312.8,  307.2,  312.2,  322.8,  321.5,  309.3,  305.1,  309.4,  327.3,  364.4,  393.0,  421.7,  451.7,  473.6,  479.6,  485.5,  480.2,  473.5,  371.1,  361.6,  361.5,  373.0,  379.7,  379.7,  372.5,  360.0,  359.6,  369.0,  377.8,  378.4,  534.3,  524.4,  519.8,  524.7,  520.5,  524.9,  533.4,  552.6,  562.0,  564.7,  562.8,  553.6,  535.4,  535.1,  537.2,  534.7,  535.3,  540.4,  543.4,  541.4,  -79.3,  -80.0,  -78.9,  -74.9,  -64.2,  -48.8,  -32.5,  -13.6,  4.9,  20.9,  35.1,  47.7,  58.5,  65.6,  69.6,  73.2,  75.5,  -52.2,  -40.8,  -26.9,  -13.5,  -1.2,  25.8,  37.9,  49.6,  60.9,  68.2,  11.3,  11.8,  12.3,  12.9,  -4.7,  2.8,  10.1,  17.2,  23.5,  -35.1,  -26.6,  -17.5,  -10.5,  -18.1,  -27.3,  26.4,  34.2,  43.8,  50.8,  44.4,  35.2,  -22.9,  -9.5,  0.8,  8.7,  17.2,  26.2,  33.8,  25.9,  17.1,  8.1,  -0.4,  -10.8,  -17.6,  0.3,  8.3,  17.0,  29.5,  16.8,  8.2,  0.0,  -11.3,  12.8,  37.4,  61.2,  83.0,  101.0,  114.3,  122.7,  125.3,  124.5,  117.2,  104.6,  87.3,  66.9,  45.5,  23.2,  0.4,  -10.8,  -19.0,  -21.1,  -19.0,  -14.7,  -15.4,  -20.8,  -23.1,  -21.8,  -14.6,  1.8,  13.2,  24.5,  36.0,  46.4,  48.8,  51.0,  49.2,  47.0,  4.6,  0.7,  0.6,  5.4,  8.1,  8.0,  5.3,  0.0,  -0.2,  3.9,  7.6,  7.8,  74.0,  67.8,  65.6,  67.8,  66.5,  69.9,  76.1,  81.9,  84.2,  84.5,  83.5,  80.4,  74.1,  72.2,  73.4,  72.9,  76.1,  75.2,  75.8,  74.8,  392.4,  397.3,  403.1,  405.9,  403.0,  399.4,  393.9,  387.1,  387.9,  397.1,  411.5,  421.6,  422.8,  419.3,  415.0,  412.1,  412.2,  358.4,  353.2,  349.1,  346.9,  346.1,  351.3,  359.0,  367.6,  378.0,  389.3,  352.7,  349.9,  346.7,  344.0,  357.7,  356.6,  355.6,  358.4,  362.2,  357.9,  356.3,  358.0,  360.0,  357.8,  356.6,  369.0,  370.6,  373.8,  379.1,  374.6,  371.3,  371.6,  361.0,  359.0,  360.2,  362.7,  371.0,  384.1,  372.1,  364.5,  361.3,  360.4,  363.5,  369.7,  360.8,  362.2,  364.9,  379.8,  364.5,  361.4,  360.6,  2.346,  0.239,  -0.195,  0.057,  654.427,  458.362,  -33.155,  17.221,  -15.735,  0.927,  2.273,  2.759,  -6.247,  1.439,  2.476,  -6.847,  -18.536,  -1.180,  -7.030,  5.050,  0.075,  9.968,  -4.843,  0.939,  -3.457,  -6.350,  0.568,  -1.252,  0.801,  -1.480,  2.359,  -0.270,  -0.656,  -0.333,  -0.260,  -0.334,  -0.900,  -0.533,  0.388,  0.135, 3.06, 2.74, 0.00, 0.77, 0.00, 0.00, 0.00, 0.17, 0.10, 0.22, 0.30, 0.07, 0.09, 0.00, 0.93, 0.20, 0.00, 1.00, 1.00, 0.00, 1.00, 0.00, 0.00, 0.00, 0.00, 0.00, 1.00, 0.00, 0.00, 0.00, 0.00, 0.00, 0.00, 0.00, 0.00
29,  0,  0.934,  0.98,  1,  0.207804,  0.243270,  -0.947437,  -0.077617,  0.238668,  -0.967994,  0.068,  0.246,  572.3,  577.4,  589.3,  601.0,  605.7,  601.4,  588.7,  576.9,  558.4,  566.0,  575.9,  587.8,  599.8,  608.3,  613.9,  606.1,  596.5,  585.6,  575.2,  566.0,  582.6,  588.7,  594.9,  597.5,  595.1,  589.0,  582.9,  580.2,  714.3,  718.4,  728.7,  739.0,  743.4,  739.2,  729.0,  717.9,  707.0,  713.9,  723.2,  734.5,  745.0,  753.2,  758.2,  752.8,  744.5,  734.5,  724.0,  714.2,  724.1,  728.8,  733.4,  735.3,  733.3,  728.6,  723.9,  722.1,  369.3,  357.5,  352.6,  357.5,  369.3,  381.6,  385.9,  381.0,  369.7,  364.8,  362.5,  361.0,  362.2,  366.4,  374.0,  379.2,  382.6,  383.8,  381.1,  376.2,  374.8,  377.3,  374.8,  368.7,  362.6,  360.1,  362.6,  368.7,  368.2,  357.8,  353.3,  357.4,  367.7,  378.1,  382.5,  379.1,  373.5,  366.6,  361.5,  359.3,  360.7,  364.2,  369.7,  374.3,  376.8,  377.7,  377.4,  376.4,  372.6,  374.5,  372.4,  367.7,  363.0,  361.1,  363.2,  367.9,  -25.1,  -23.1,  -18.7,  -14.4,  -12.7,  -14.4,  -19.1,  -23.4,  -30.4,  -27.4,  -23.6,  -19.1,  -14.8,  -11.7,  -9.7,  -12.6,  -16.1,  -20.1,  -24.0,  -27.5,  -21.4,  -19.1,  -16.8,  -15.8,  -16.7,  -18.9,  -21.2,  -22.2,  29.9,  31.6,  35.7,  39.9,  41.7,  40.1,  35.9,  31.5,  27.1,  29.8,  33.4,  37.9,  42.4,  46.2,  48.7,  46.1,  42.4,  38.1,  33.9,  30.0,  34.0,  35.9,  37.8,  38.6,  37.7,  35.8,  33.9,  33.2,  3.4,  -0.9,  -2.7,  -0.9,  3.4,  8.1,  9.6,  7.8,  3.6,  1.8,  0.9,  0.4,  0.8,  2.4,  5.2,  7.1,  8.4,  8.8,  7.8,  6.0,  5.5,  6.5,  5.5,  3.2,  1.0,  0.0,  1.0,  3.2,  3.3,  -0.9,  -2.7,  -1.0,  3.1,  7.3,  9.1,  7.7,  5.5,  2.7,  0.6,  -0.3,  0.3,  1.7,  4.0,  5.8,  6.8,  7.1,  7.0,  6.6,  5.1,  5.9,  5.0,  3.1,  1.2,  0.5,  1.3,  3.2,  323.9,  322.8,  322.6,  323.3,  324.6,  326.1,  326.0,  325.2,  326.4,  323.8,  321.6,  320.9,  321.9,  323.7,  326.2,  325.2,  323.9,  323.4,  324.1,  325.3,  325.6,  326.0,  325.8,  325.3,  324.6,  324.3,  324.4,  324.9,  352.5,  352.3,  352.4,  352.9,  353.3,  353.5,  353.4,  353.2,  354.3,  352.5,  351.3,  351.3,  353.3,  356.8,  360.2,  357.4,  354.6,  352.9,  352.6,  353.3,  353.8,  354.0,  354.0,  353.9,  353.7,  353.5,  353.4,  353.5,  7.1,  42.2,  368.4,  0.118,  -0.173,  0.052,  464.2,  464.6,  469.7,  479.7,  502.4,  535.5,  570.3,  611.4,  653.1,  687.8,  716.1,  740.1,  762.0,  777.6,  787.5,  796.2,  801.3,  514.3,  540.7,  574.8,  608.4,  639.6,  706.7,  734.8,  759.9,  782.5,  794.2,  670.4,  671.9,  673.6,  675.3,  631.2,  649.3,  667.1,  684.2,  698.7,  556.0,  576.6,  598.9,  616.2,  597.4,  575.1,  704.6,  722.9,  744.3,  758.9,  745.3,  724.9,  588.7,  619.1,  644.5,  663.6,  683.7,  704.0,  718.5,  702.6,  682.4,  661.1,  640.7,  615.4,  600.9,  643.2,  662.3,  682.7,  709.4,  682.0,  661.7,  641.9,  336.1,  389.6,  442.8,  493.9,  542.6,  584.3,  617.4,  641.2,  646.2,  637.3,  610.7,  578.0,  541.5,  501.0,  458.2,  412.5,  365.1,  334.8,  313.7,  307.8,  312.5,  323.2,  321.8,  309.9,  305.9,  310.2,  327.7,  364.7,  393.4,  422.2,  452.2,  474.4,  480.2,  486.1,  480.7,  474.0,  371.9,  362.5,  362.3,  373.3,  379.9,  380.0,  372.8,  360.9,  360.5,  369.7,  378.2,  378.6,  536.3,  525.2,  520.1,  525.0,  520.8,  525.6,  535.2,  556.3,  566.9,  569.8,  568.0,  558.1,  537.3,  536.0,  538.0,  535.5,  537.2,  543.9,  547.2,  545.4,  -78.4,  -79.3,  -78.2,  -74.1,  -63.1,  -47.5,  -31.3,  -12.6,  5.8,  21.7,  35.7,  48.1,  58.7,  65.6,  69.6,  73.3,  75.7,  -51.2,  -39.9,  -25.9,  -12.5,  -0.1,  26.7,  38.8,  50.3,  61.5,  68.5,  12.2,  12.7,  13.3,  13.9,  -3.6,  3.8,  11.0,  18.0,  24.2,  -34.2,  -25.7,  -16.8,  -9.8,  -17.3,  -26.4,  27.2,  35.0,  44.5,  51.4,  45.0,  36.0,  -21.7,  -8.6,  1.9,  9.7,  18.0,  27.1,  34.3,  26.6,  17.7,  8.7,  0.3,  -10.2,  -16.5,  1.3,  9.2,  17.8,  30.0,  17.5,  8.9,  0.8,  -10.6,  13.4,  38.0,  61.9,  83.8,  101.9,  115.4,  124.1,  126.8,  125.9,  117.8,  104.8,  87.4,  67.2,  46.3,  24.6,  2.4,  -10.3,  -18.6,  -20.7,  -18.8,  -14.5,  -15.3,  -20.5,  -22.7,  -21.5,  -14.4,  1.9,  13.3,  24.6,  36.2,  46.6,  48.9,  51.1,  49.3,  47.1,  4.9,  1.0,  0.9,  5.4,  8.1,  8.1,  5.4,  0.4,  0.2,  4.2,  7.8,  7.9,  74.6,  67.9,  65.4,  67.7,  66.4,  70.0,  76.6,  83.5,  86.4,  86.8,  85.8,  82.2,  74.7,  72.4,  73.5,  73.1,  76.7,  76.7,  77.3,  76.4,  390.1,  395.5,  401.8,  404.7,  401.6,  397.7,  392.3,  386.2,  387.7,  397.3,  411.3,  420.6,  421.2,  417.3,  412.9,  410.4,  410.6,  356.6,  351.6,  347.6,  345.5,  344.8,  350.6,  358.4,  367.2,  377.5,  388.7,  351.6,  348.8,  345.8,  343.1,  356.5,  355.6,  354.6,  357.4,  361.2,  356.2,  354.8,  356.5,  358.5,  356.4,  355.2,  368.3,  370.0,  373.2,  378.5,  373.9,  370.7,  370.0,  359.6,  357.6,  358.9,  361.5,  369.7,  382.6,  372.1,  365.2,  361.9,  360.7,  363.0,  368.4,  359.9,  361.4,  364.2,  378.6,  364.7,  361.5,  360.4,  2.352,  0.241,  -0.202,  0.057,  656.271,  459.892,  -37.066,  19.804,  -14.382,  2.678,  2.736,  -0.059,  -4.877,  2.529,  3.739,  -7.217,  -17.763,  -2.422,  -6.116,  5.321,  0.409,  9.050,  -5.567,  1.669,  -3.261,  -6.369,  1.518,  -1.492,  1.383,  -1.059,  1.944,  -0.152,  -0.492,  -0.158,  -0.380,  -0.431,  -0.760,  -0.474,  0.431,  0.197, 3.22, 2.86, 0.00, 0.53, 0.00, 0.00, 0.00, 0.13, 0.07, 0.14, 0.27, 0.03, 0.04, 0.00, 1.38, 0.46, 0.18, 1.00, 1.00, 0.00, 1.00, 0.00, 0.00, 0.00, 0.00, 0.00, 0.00, 0.00, 0.00, 0.00, 0.00, 0.00, 0.00, 0.00, 0.00
30,  0,  0.968,  0.98,  1,  0.213468,  0.278167,  -0.936512,  -0.009714,  0.272166,  -0.962201,  0.107,  0.282,  577.3,  582.0,  592.6,  603.0,  607.1,  603.0,  591.8,  581.4,  561.4,  568.7,  578.8,  591.2,  602.9,  610.7,  615.7,  608.9,  599.8,  589.0,  578.4,  568.9,  586.9,  591.8,  596.7,  598.9,  597.0,  592.2,  587.2,  585.0,  719.3,  723.4,  733.4,  743.5,  747.8,  743.7,  733.7,  722.8,  710.0,  716.4,  725.2,  736.6,  747.0,  754.7,  759.4,  754.5,  746.9,  737.4,  727.0,  717.2,  728.7,  733.2,  737.7,  739.6,  737.6,  733.1,  728.6,  726.8,  369.1,  358.5,  354.1,  358.6,  369.3,  380.5,  384.3,  379.8,  371.2,  366.3,  363.5,  361.9,  363.5,  367.5,  373.8,  376.6,  377.9,  378.4,  377.4,  375.0,  373.8,  375.9,  373.8,  368.9,  363.9,  361.8,  363.9,  368.8,  369.1,  358.6,  354.0,  358.0,  368.1,  378.6,  383.2,  379.9,  374.5,  367.6,  362.8,  360.6,  361.8,  364.6,  369.8,  374.2,  377.0,  378.3,  378.2,  377.2,  373.2,  375.0,  372.9,  368.2,  363.6,  361.9,  363.9,  368.6,  -24.9,  -23.1,  -18.8,  -14.7,  -13.2,  -14.8,  -19.3,  -23.4,  -31.6,  -28.5,  -24.3,  -19.3,  -14.7,  -11.7,  -9.8,  -12.5,  -16.0,  -20.3,  -24.5,  -28.5,  -21.2,  -19.3,  -17.3,  -16.5,  -17.2,  -19.1,  -21.1,  -22.0,  32.7,  34.3,  38.5,  42.8,  44.7,  43.0,  38.8,  34.2,  29.0,  31.5,  35.0,  39.7,  44.2,  47.9,  50.3,  47.9,  44.4,  40.2,  35.9,  31.9,  36.7,  38.7,  40.5,  41.3,  40.5,  38.5,  36.6,  35.9,  3.6,  -0.6,  -2.3,  -0.6,  3.7,  8.2,  9.7,  7.9,  4.5,  2.5,  1.4,  0.7,  1.4,  3.0,  5.6,  6.6,  7.2,  7.3,  6.9,  6.0,  5.5,  6.4,  5.5,  3.6,  1.6,  0.7,  1.5,  3.5,  3.7,  -0.6,  -2.5,  -0.8,  3.4,  7.7,  9.6,  8.2,  6.0,  3.1,  1.2,  0.2,  0.7,  1.9,  4.1,  6.0,  7.1,  7.6,  7.5,  7.1,  5.5,  6.2,  5.4,  3.4,  1.5,  0.8,  1.6,  3.6,  348.4,  347.8,  348.0,  348.8,  349.9,  350.9,  350.4,  349.5,  352.3,  349.4,  347.1,  346.3,  347.7,  350.0,  352.6,  350.8,  349.0,  348.2,  348.8,  350.4,  350.1,  350.5,  350.6,  350.3,  349.8,  349.4,  349.4,  349.7,  360.5,  360.3,  360.9,  361.8,  362.7,  362.9,  362.3,  361.6,  362.3,  360.6,  359.5,  359.7,  361.8,  365.2,  368.6,  366.0,  363.2,  361.4,  360.9,  361.5,  362.3,  362.7,  363.0,  362.9,  362.5,  362.1,  361.8,  361.9,  8.0,  43.5,  365.8,  0.151,  -0.162,  0.044,  462.0,  464.3,  472.1,  485.5,  510.8,  544.3,  578.2,  616.9,  657.3,  691.4,  718.7,  741.6,  762.6,  777.7,  788.6,  798.8,  804.8,  515.5,  542.9,  577.4,  611.8,  643.9,  707.0,  734.9,  760.6,  784.4,  797.1,  673.1,  674.0,  675.4,  676.8,  633.9,  651.6,  669.3,  686.5,  701.0,  559.0,  579.7,  601.6,  618.9,  600.4,  578.5,  707.3,  725.4,  746.6,  761.4,  747.1,  726.9,  593.5,  622.3,  648.3,  665.8,  684.0,  704.5,  718.4,  703.1,  682.6,  663.1,  643.8,  618.6,  605.3,  647.3,  664.9,  683.2,  708.9,  682.2,  663.8,  645.5,  337.8,  394.2,  449.7,  502.1,  551.4,  592.5,  624.8,  646.2,  649.7,  640.3,  613.6,  580.3,  543.0,  502.3,  459.6,  413.6,  365.6,  336.4,  315.5,  309.9,  315.0,  326.7,  325.5,  313.4,  309.1,  312.5,  328.9,  364.9,  394.3,  423.7,  454.3,  475.3,  481.2,  487.1,  481.3,  474.0,  372.1,  363.0,  362.3,  372.1,  378.8,  379.1,  372.7,  362.0,  362.1,  370.4,  378.4,  378.4,  541.5,  528.6,  522.7,  527.3,  523.2,  528.7,  539.8,  565.5,  577.7,  580.9,  579.3,  567.9,  542.3,  537.5,  539.1,  536.8,  541.9,  554.0,  557.3,  555.6,  -79.1,  -79.2,  -77.0,  -71.4,  -59.1,  -43.3,  -27.5,  -10.1,  7.6,  23.3,  37.0,  48.6,  58.5,  64.9,  69.0,  73.3,  76.2,  -50.2,  -38.5,  -24.5,  -11.0,  1.5,  26.4,  38.3,  49.9,  61.3,  68.7,  13.1,  13.4,  13.8,  14.3,  -2.4,  4.7,  11.7,  18.8,  24.9,  -32.6,  -24.2,  -15.5,  -8.6,  -16.0,  -24.7,  27.9,  35.6,  44.8,  51.8,  45.2,  36.3,  -19.6,  -7.3,  3.4,  10.6,  18.1,  27.1,  34.1,  26.8,  17.9,  9.6,  1.6,  -8.9,  -14.6,  3.0,  10.2,  17.9,  29.7,  17.6,  9.9,  2.3,  -9.8,  15.4,  41.2,  65.6,  87.5,  105.2,  117.9,  125.7,  128.1,  127.0,  119.1,  105.4,  87.3,  67.0,  46.3,  24.7,  2.6,  -9.5,  -17.6,  -19.6,  -17.5,  -12.9,  -13.6,  -18.8,  -21.0,  -20.2,  -13.6,  1.9,  13.5,  24.8,  36.5,  46.4,  48.7,  50.9,  49.0,  46.5,  4.9,  1.2,  0.9,  4.9,  7.6,  7.7,  5.3,  0.8,  0.9,  4.4,  7.7,  7.7,  76.7,  69.1,  66.2,  68.3,  67.1,  70.9,  78.1,  87.3,  91.2,  91.8,  90.9,  86.6,  76.7,  72.8,  73.7,  73.2,  78.4,  81.0,  81.8,  80.8,  388.7,  394.8,  401.4,  404.1,  400.2,  396.0,  389.7,  384.2,  386.9,  396.6,  410.8,  418.7,  417.5,  412.1,  406.5,  404.0,  404.6,  352.7,  346.8,  342.5,  340.0,  338.2,  344.7,  352.9,  361.6,  371.6,  382.6,  346.3,  343.9,  341.0,  338.6,  351.9,  351.1,  350.5,  353.4,  357.2,  352.3,  351.1,  352.7,  354.6,  352.8,  351.5,  363.2,  364.7,  367.9,  373.4,  368.9,  365.7,  369.8,  358.9,  356.2,  357.4,  359.7,  367.7,  380.4,  372.0,  366.7,  363.9,  362.8,  364.3,  368.2,  358.7,  360.0,  362.4,  377.0,  365.5,  362.5,  361.5,  2.371,  0.270,  -0.186,  0.049,  658.743,  463.154,  -45.115,  25.449,  -9.503,  8.361,  8.597,  -0.236,  2.519,  2.500,  7.385,  -8.511,  -14.955,  -6.974,  -5.877,  2.612,  -2.281,  7.689,  -1.176,  -0.037,  -4.557,  -6.030,  5.408,  -1.645,  1.215,  -2.549,  1.079,  0.700,  -0.769,  -0.321,  -0.906,  -0.788,  0.066,  -0.833,  0.552,  0.489, 2.92, 2.40, 0.00, 0.27, 0.00, 0.02, 0.00, 0.04, 0.04, 0.01, 0.13, 0.00, 0.04, 0.00, 1.79, 0.91, 0.32, 1.00, 1.00, 0.00, 1.00, 0.00, 0.00, 0.00, 0.00, 0.00, 0.00, 0.00, 0.00, 0.00, 0.00, 1.00, 1.00, 0.00, 0.00
31,  0,  1.001,  0.98,  1,  0.283865,  0.290683,  -0.913742,  0.051990,  0.254063,  -0.965789,  0.177,  0.282,  582.3,  586.6,  596.7,  606.6,  610.6,  606.7,  596.2,  586.2,  562.9,  570.7,  581.7,  594.4,  605.7,  612.9,  617.3,  611.3,  602.7,  592.0,  581.1,  570.9,  591.3,  595.8,  600.3,  602.3,  600.5,  596.0,  591.5,  589.5,  721.3,  724.8,  734.9,  745.6,  750.7,  747.2,  737.1,  725.5,  710.7,  717.3,  726.5,  737.6,  747.5,  755.0,  759.9,  755.5,  748.4,  739.2,  728.5,  718.3,  731.1,  735.8,  740.3,  741.9,  739.6,  734.9,  730.4,  728.8,  371.1,  360.8,  355.9,  359.4,  369.2,  380.1,  384.5,  381.0,  372.0,  367.6,  365.0,  363.5,  364.8,  368.2,  373.7,  376.6,  378.2,  379.0,  378.3,  376.0,  374.5,  376.1,  373.9,  369.2,  364.8,  363.2,  365.4,  370.1,  370.2,  358.9,  353.8,  357.7,  368.5,  379.8,  385.0,  381.8,  376.6,  370.1,  365.4,  363.2,  363.9,  366.2,  370.4,  374.7,  377.5,  379.1,  379.4,  379.0,  374.7,  376.5,  374.2,  369.2,  364.4,  362.6,  364.9,  369.9,  -22.9,  -21.1,  -17.2,  -13.3,  -11.8,  -13.4,  -17.6,  -21.4,  -30.9,  -27.6,  -23.1,  -18.0,  -13.6,  -10.8,  -9.2,  -11.5,  -14.9,  -19.1,  -23.5,  -27.6,  -19.5,  -17.7,  -15.9,  -15.1,  -15.8,  -17.5,  -19.3,  -20.1,  32.8,  34.3,  38.5,  43.0,  45.1,  43.6,  39.3,  34.5,  28.6,  31.2,  34.9,  39.4,  43.7,  47.1,  49.6,  47.4,  44.1,  40.1,  35.7,  31.6,  36.9,  38.9,  40.8,  41.5,  40.6,  38.6,  36.7,  36.0,  4.4,  0.3,  -1.6,  -0.2,  3.7,  8.1,  9.8,  8.4,  4.8,  3.0,  2.0,  1.4,  1.9,  3.3,  5.6,  6.7,  7.3,  7.6,  7.3,  6.4,  5.8,  6.5,  5.6,  3.7,  1.9,  1.3,  2.1,  4.0,  4.1,  -0.4,  -2.5,  -0.9,  3.5,  8.1,  10.1,  8.8,  6.7,  4.1,  2.2,  1.3,  1.6,  2.5,  4.3,  6.0,  7.1,  7.7,  7.8,  7.7,  6.0,  6.7,  5.8,  3.7,  1.8,  1.1,  2.0,  4.0,  347.2,  346.4,  346.9,  348.5,  350.3,  351.5,  350.6,  348.9,  351.3,  348.4,  346.2,  345.7,  347.7,  350.6,  353.6,  351.7,  349.5,  348.3,  348.4,  349.6,  349.6,  350.3,  350.6,  350.2,  349.4,  348.7,  348.4,  348.8,  352.9,  353.6,  355.0,  356.3,  356.7,  356.0,  354.6,  353.5,  353.9,  353.0,  352.7,  353.3,  355.4,  358.7,  361.6,  358.9,  355.8,  353.6,  352.9,  353.3,  354.9,  355.5,  356.2,  356.5,  356.3,  355.7,  355.1,  354.8,  7.4,  44.5,  364.8,  0.160,  -0.166,  0.059,  465.7,  465.8,  471.5,  483.3,  507.8,  540.5,  573.6,  610.0,  648.7,  682.7,  711.5,  736.5,  759.0,  776.0,  788.3,  798.9,  805.2,  517.4,  543.0,  577.4,  611.5,  643.0,  707.7,  735.0,  760.1,  783.5,  795.7,  674.0,  674.6,  675.5,  676.5,  634.0,  651.0,  668.2,  685.1,  699.3,  561.4,  582.4,  603.6,  620.5,  602.3,  580.9,  708.5,  726.8,  747.3,  761.5,  747.6,  727.8,  595.5,  621.8,  647.5,  664.2,  681.8,  700.4,  711.9,  697.2,  677.5,  658.2,  639.6,  616.2,  607.0,  645.8,  662.6,  680.3,  702.6,  678.0,  659.8,  642.3,  337.5,  393.8,  449.5,  502.4,  553.7,  596.0,  629.6,  651.3,  655.5,  645.3,  616.8,  581.6,  543.3,  502.0,  459.0,  412.9,  364.6,  340.5,  319.1,  313.4,  319.1,  331.0,  329.8,  318.8,  313.8,  316.7,  332.7,  367.4,  396.4,  425.4,  455.6,  475.6,  481.8,  487.9,  482.4,  475.3,  372.3,  364.3,  363.8,  373.3,  379.0,  379.2,  373.8,  364.0,  364.2,  372.0,  379.6,  379.4,  544.2,  530.2,  523.7,  528.7,  524.6,  531.4,  544.3,  571.1,  583.7,  586.7,  584.8,  572.5,  545.0,  538.5,  540.3,  538.5,  546.3,  559.5,  562.8,  560.8,  -76.4,  -77.8,  -76.8,  -72.2,  -60.5,  -45.2,  -29.7,  -13.3,  3.9,  19.4,  33.5,  46.1,  56.7,  64.1,  69.0,  73.4,  76.3,  -49.3,  -38.4,  -24.5,  -11.1,  1.2,  26.8,  38.4,  49.6,  60.8,  67.8,  13.4,  13.5,  13.8,  14.0,  -2.4,  4.4,  11.2,  18.1,  24.1,  -31.5,  -23.0,  -14.6,  -7.9,  -15.1,  -23.6,  28.3,  36.0,  44.9,  51.6,  45.2,  36.5,  -18.7,  -7.4,  3.0,  9.8,  17.1,  25.3,  31.0,  24.3,  15.7,  7.6,  -0.2,  -9.9,  -13.8,  2.4,  9.3,  16.6,  26.8,  15.9,  8.2,  1.0,  -9.9,  15.1,  40.8,  65.6,  88.6,  107.1,  120.7,  128.8,  131.5,  129.8,  120.4,  105.8,  87.3,  66.9,  46.1,  24.4,  2.1,  -7.8,  -16.2,  -18.2,  -15.9,  -11.2,  -12.0,  -16.6,  -19.1,  -18.4,  -11.9,  2.9,  14.3,  25.4,  36.8,  46.2,  48.6,  51.0,  49.2,  46.8,  4.9,  1.7,  1.5,  5.4,  7.6,  7.7,  5.7,  1.7,  1.8,  5.1,  8.2,  8.1,  77.4,  69.5,  66.3,  68.6,  67.4,  71.7,  79.6,  89.7,  94.0,  94.6,  93.5,  88.4,  77.4,  72.9,  73.9,  73.7,  79.8,  83.4,  84.2,  83.1,  383.8,  390.8,  398.9,  403.0,  400.1,  397.0,  391.6,  387.0,  389.3,  398.2,  410.4,  417.7,  417.1,  412.5,  407.2,  404.2,  404.2,  352.0,  345.9,  341.9,  340.2,  339.1,  346.7,  353.7,  361.5,  370.7,  380.9,  345.5,  342.7,  339.6,  336.8,  349.9,  349.1,  348.6,  351.7,  355.4,  350.2,  349.0,  350.7,  352.3,  350.7,  349.4,  362.0,  363.1,  366.2,  371.5,  367.2,  364.0,  367.7,  357.3,  354.5,  355.7,  358.1,  366.0,  377.8,  371.7,  367.8,  365.1,  363.8,  364.0,  366.2,  357.4,  358.6,  361.3,  374.8,  366.0,  363.2,  362.1,  2.376,  0.285,  -0.191,  0.064,  657.323,  465.592,  -46.718,  23.799,  -8.091,  13.369,  4.688,  -5.083,  6.693,  -3.425,  9.862,  -11.322,  -11.376,  -3.640,  -0.046,  2.219,  -1.544,  5.920,  -2.650,  0.473,  -5.508,  -5.070,  5.126,  -3.326,  1.006,  -2.552,  2.917,  1.650,  0.554,  0.320,  -0.759,  -0.523,  0.003,  -0.233,  0.683,  0.033, 2.16, 1.71, 0.00, 0.15, 0.00, 0.08, 0.00, 0.03, 0.00, 0.00, 0.08, 0.00, 0.04, 0.00, 2.11, 1.35, 0.53, 1.00, 1.00, 0.00, 1.00, 0.00, 0.00, 0.00, 0.00, 0.00, 0.00, 0.00, 0.00, 0.00, 0.00, 1.00, 1.00, 0.00, 0.00
32,  0,  1.034,  0.98,  1,  0.302062,  0.297921,  -0.905539,  0.041261,  0.273153,  -0.961085,  0.182,  0.297,  582.8,  587.2,  597.3,  607.3,  611.2,  607.3,  596.7,  586.7,  563.1,  570.5,  581.3,  593.8,  605.1,  612.7,  617.5,  611.5,  602.9,  592.3,  581.2,  571.0,  591.8,  596.3,  600.9,  602.9,  601.1,  596.6,  592.0,  590.0,  720.5,  724.7,  735.5,  746.4,  751.2,  747.0,  736.3,  724.5,  710.4,  716.9,  726.3,  737.8,  748.1,  755.9,  760.9,  755.7,  748.0,  738.4,  727.5,  717.4,  730.5,  735.6,  740.6,  742.6,  740.4,  735.2,  730.2,  728.3,  372.1,  361.7,  356.9,  360.4,  370.3,  381.1,  385.4,  381.9,  372.8,  368.3,  365.6,  364.0,  365.3,  368.9,  374.7,  377.4,  378.9,  379.7,  379.1,  376.8,  375.4,  377.0,  374.9,  370.2,  365.7,  364.1,  366.3,  371.0,  372.2,  361.1,  355.7,  359.3,  369.7,  380.8,  386.1,  383.2,  375.3,  369.7,  366.1,  364.8,  365.6,  367.0,  370.8,  375.5,  379.1,  381.0,  380.5,  378.7,  375.9,  377.6,  375.1,  369.9,  365.0,  363.4,  365.8,  371.0,  -22.7,  -20.9,  -16.9,  -13.0,  -11.5,  -13.1,  -17.4,  -21.3,  -30.9,  -27.7,  -23.2,  -18.3,  -13.9,  -10.9,  -9.1,  -11.5,  -14.8,  -19.0,  -23.4,  -27.6,  -19.3,  -17.5,  -15.7,  -14.9,  -15.5,  -17.3,  -19.1,  -19.9,  32.5,  34.1,  38.5,  43.1,  45.2,  43.6,  39.1,  34.2,  28.6,  31.1,  34.7,  39.4,  43.7,  47.3,  49.8,  47.4,  44.0,  39.9,  35.4,  31.4,  36.7,  38.9,  40.9,  41.7,  40.7,  38.6,  36.5,  35.8,  4.8,  0.7,  -1.2,  0.2,  4.1,  8.5,  10.2,  8.7,  5.2,  3.3,  2.2,  1.6,  2.1,  3.6,  6.0,  7.0,  7.5,  7.8,  7.6,  6.7,  6.2,  6.8,  6.0,  4.1,  2.3,  1.7,  2.5,  4.4,  4.9,  0.4,  -1.7,  -0.3,  3.9,  8.5,  10.6,  9.4,  6.2,  3.9,  2.4,  1.9,  2.3,  2.9,  4.4,  6.3,  7.8,  8.5,  8.3,  7.6,  6.5,  7.2,  6.1,  4.0,  2.0,  1.4,  2.4,  4.5,  347.4,  346.5,  347.0,  348.6,  350.4,  351.7,  350.8,  349.2,  351.7,  348.8,  346.4,  345.9,  347.7,  350.5,  353.6,  351.7,  349.6,  348.5,  348.7,  350.0,  349.8,  350.5,  350.7,  350.3,  349.5,  348.8,  348.6,  349.0,  353.0,  352.3,  352.7,  354.0,  355.4,  356.1,  355.7,  354.7,  355.2,  353.2,  352.2,  352.3,  354.0,  357.1,  360.2,  358.5,  356.2,  354.4,  354.0,  354.6,  355.2,  355.8,  356.0,  355.6,  355.0,  354.4,  354.2,  354.5,  7.3,  45.2,  365.8,  0.153,  -0.159,  0.058,  465.6,  466.5,  472.7,  484.5,  508.7,  540.7,  573.5,  609.3,  647.5,  681.3,  710.3,  735.6,  758.3,  775.6,  788.3,  799.7,  806.3,  515.2,  541.6,  576.8,  611.1,  643.0,  704.8,  732.6,  758.6,  783.6,  797.2,  673.5,  673.9,  674.5,  675.3,  633.0,  650.0,  667.4,  684.5,  699.1,  561.2,  582.4,  603.6,  620.5,  602.2,  580.8,  708.4,  726.8,  747.2,  761.8,  747.4,  727.7,  596.0,  621.6,  647.0,  663.6,  681.3,  699.4,  711.0,  696.6,  677.3,  657.8,  639.1,  616.0,  607.5,  645.3,  662.1,  680.0,  701.6,  677.9,  659.4,  641.9,  337.6,  395.0,  451.5,  504.9,  556.3,  597.9,  630.6,  651.5,  656.0,  646.7,  619.7,  585.1,  546.6,  504.5,  460.2,  412.6,  362.4,  344.8,  323.8,  319.1,  325.3,  337.2,  336.1,  325.3,  319.9,  322.1,  338.0,  369.4,  398.1,  426.8,  456.8,  475.7,  482.3,  488.4,  482.9,  475.8,  372.8,  365.1,  364.4,  374.0,  379.4,  379.6,  374.6,  365.0,  365.4,  373.0,  380.4,  380.1,  545.5,  530.7,  524.0,  529.1,  525.0,  532.3,  546.1,  572.3,  584.5,  587.3,  585.3,  573.0,  546.0,  538.3,  540.3,  538.6,  547.8,  560.1,  563.3,  561.1,  -77.0,  -78.0,  -76.7,  -72.1,  -60.4,  -45.3,  -29.9,  -13.6,  3.3,  18.8,  33.1,  45.8,  56.7,  64.3,  69.4,  74.0,  77.0,  -50.6,  -39.1,  -24.9,  -11.3,  1.2,  25.8,  37.7,  49.2,  61.1,  68.7,  13.3,  13.3,  13.4,  13.6,  -2.8,  4.0,  10.9,  17.9,  24.0,  -31.7,  -23.1,  -14.7,  -7.9,  -15.2,  -23.8,  28.4,  36.1,  45.0,  51.9,  45.2,  36.6,  -18.5,  -7.5,  2.8,  9.6,  17.0,  24.9,  30.7,  24.1,  15.7,  7.4,  -0.4,  -10.0,  -13.6,  2.2,  9.1,  16.5,  26.4,  15.9,  8.1,  0.8,  -9.9,  15.7,  42.0,  67.1,  90.3,  108.6,  121.6,  129.2,  131.8,  130.6,  122.1,  107.9,  89.4,  68.5,  46.9,  24.4,  1.1,  -6.2,  -14.4,  -16.1,  -13.6,  -8.9,  -9.5,  -14.1,  -16.6,  -16.1,  -9.6,  3.7,  15.0,  26.0,  37.4,  46.3,  48.9,  51.2,  49.5,  47.1,  5.2,  2.0,  1.8,  5.7,  7.8,  7.9,  6.1,  2.1,  2.3,  5.5,  8.6,  8.4,  78.3,  69.9,  66.7,  68.9,  67.7,  72.3,  80.5,  90.3,  94.5,  95.1,  94.0,  89.0,  78.1,  73.0,  74.0,  73.9,  80.5,  83.8,  84.6,  83.5,  386.2,  393.3,  401.4,  405.4,  402.6,  399.4,  393.3,  387.9,  389.6,  398.6,  411.4,  419.3,  419.4,  414.9,  409.2,  405.4,  405.2,  354.8,  348.0,  343.9,  342.4,  341.1,  348.9,  355.8,  363.1,  372.1,  382.4,  346.6,  343.7,  340.5,  337.5,  350.5,  349.4,  349.0,  352.3,  356.0,  351.9,  350.8,  352.5,  354.0,  352.3,  351.0,  363.3,  364.3,  367.5,  372.6,  368.3,  365.2,  369.1,  358.5,  355.6,  356.7,  359.1,  367.0,  378.2,  372.2,  368.4,  366.0,  365.0,  365.5,  367.5,  358.3,  359.2,  361.9,  375.3,  366.6,  364.0,  363.2,  2.368,  0.280,  -0.183,  0.063,  656.951,  467.230,  -43.294,  22.940,  -6.554,  12.902,  3.008,  -3.650,  7.901,  -5.174,  13.332,  -14.655,  -9.084,  -3.288,  0.955,  3.177,  -2.511,  6.750,  -0.930,  -0.728,  -6.027,  -4.751,  5.457,  -3.561,  0.513,  -2.998,  3.117,  1.604,  0.358,  -0.284,  -0.286,  -0.437,  -0.080,  -0.201,  0.557,  0.054, 1.33, 1.01, 0.00, 0.10, 0.00, 0.21, 0.00, 0.07, 0.00, 0.00, 0.00, 0.04, 0.00, 0.00, 2.26, 1.56, 0.51, 1.00, 1.00, 0.00, 0.00, 0.00, 0.00, 0.00, 0.00, 0.00, 0.00, 0.00, 0.00, 0.00, 0.00, 1.00, 1.00, 0.00, 1.00
33,  0,  1.068,  0.98,  1,  0.302103,  0.285995,  -0.909363,  0.031250,  0.279960,  -0.959503,  0.177,  0.294,  582.5,  586.8,  596.9,  606.9,  611.0,  607.3,  596.7,  586.6,  562.5,  570.2,  581.1,  593.5,  604.8,  612.5,  617.4,  611.4,  602.6,  591.9,  580.8,  570.6,  591.6,  596.2,  600.7,  602.7,  600.8,  596.3,  591.7,  589.7,  719.9,  724.1,  735.0,  746.4,  751.4,  747.2,  736.3,  724.0,  709.5,  716.5,  726.3,  738.1,  748.5,  756.1,  760.9,  755.8,  748.2,  738.7,  727.3,  716.7,  730.1,  735.4,  740.5,  742.4,  740.1,  734.8,  729.7,  727.8,  370.9,  360.3,  355.5,  359.3,  369.5,  380.7,  385.0,  381.1,  372.4,  367.7,  364.8,  363.1,  364.7,  368.5,  374.1,  377.0,  378.3,  378.9,  378.4,  376.4,  374.9,  376.6,  374.4,  369.6,  364.9,  363.2,  365.4,  370.2,  372.6,  361.0,  355.2,  358.6,  369.1,  380.7,  386.5,  383.7,  374.3,  369.0,  365.6,  364.6,  365.4,  366.6,  370.3,  375.0,  378.8,  380.8,  380.3,  378.2,  376.0,  377.6,  374.9,  369.5,  364.6,  363.0,  365.7,  371.1,  -22.7,  -21.0,  -17.1,  -13.2,  -11.6,  -13.1,  -17.3,  -21.2,  -31.0,  -27.7,  -23.3,  -18.3,  -13.9,  -11.0,  -9.1,  -11.5,  -14.9,  -19.1,  -23.5,  -27.6,  -19.3,  -17.5,  -15.7,  -14.9,  -15.6,  -17.4,  -19.2,  -20.0,  31.3,  32.8,  37.2,  41.8,  44.0,  42.4,  38.0,  33.1,  27.3,  30.0,  33.7,  38.4,  42.7,  46.1,  48.4,  46.2,  42.8,  38.8,  34.3,  30.2,  35.5,  37.7,  39.7,  40.5,  39.4,  37.3,  35.3,  34.5,  4.3,  0.1,  -1.8,  -0.3,  3.8,  8.3,  10.0,  8.4,  5.0,  3.1,  1.9,  1.2,  1.9,  3.4,  5.7,  6.8,  7.3,  7.5,  7.3,  6.5,  5.9,  6.6,  5.8,  3.8,  2.0,  1.3,  2.1,  4.1,  4.9,  0.4,  -1.9,  -0.6,  3.6,  8.2,  10.5,  9.3,  5.6,  3.5,  2.2,  1.8,  2.1,  2.6,  4.1,  6.0,  7.4,  8.2,  8.0,  7.1,  6.3,  7.0,  5.9,  3.8,  1.8,  1.2,  2.3,  4.4,  346.1,  345.7,  346.5,  347.9,  349.2,  350.0,  348.8,  347.3,  350.3,  347.6,  345.4,  345.0,  346.7,  349.3,  352.1,  350.1,  347.9,  346.8,  347.0,  348.4,  348.3,  348.9,  349.3,  349.1,  348.5,  347.9,  347.5,  347.7,  342.6,  341.8,  342.4,  343.9,  345.5,  346.2,  345.7,  344.5,  344.4,  342.6,  341.8,  342.2,  344.1,  347.3,  350.4,  348.7,  346.3,  344.3,  343.6,  344.0,  344.9,  345.6,  345.9,  345.5,  344.8,  344.1,  343.8,  344.2,  7.3,  45.2,  365.8,  0.147,  -0.151,  0.054,  465.8,  466.7,  473.1,  485.2,  510.1,  542.7,  575.6,  610.8,  647.9,  681.0,  710.0,  735.6,  758.5,  776.3,  789.2,  800.8,  807.2,  514.7,  541.7,  576.9,  610.9,  642.5,  703.7,  731.7,  758.1,  783.8,  798.0,  673.1,  673.4,  674.0,  674.7,  632.7,  649.6,  667.0,  684.1,  698.7,  560.7,  582.1,  603.4,  620.3,  601.9,  580.3,  708.2,  726.8,  747.2,  762.0,  747.3,  727.5,  597.0,  622.1,  646.9,  663.5,  681.3,  698.8,  710.1,  696.2,  677.3,  657.7,  639.0,  616.4,  608.5,  645.3,  662.0,  679.9,  700.6,  678.0,  659.5,  642.0,  336.8,  394.9,  452.5,  506.7,  558.4,  599.6,  631.8,  651.5,  655.5,  646.4,  619.8,  585.5,  547.0,  504.3,  459.2,  410.7,  359.5,  345.2,  325.0,  321.2,  327.9,  339.7,  338.7,  328.2,  322.6,  324.4,  340.3,  369.6,  398.0,  426.3,  456.0,  474.9,  481.5,  487.5,  482.1,  475.2,  371.9,  364.4,  363.7,  373.6,  378.8,  378.9,  374.2,  364.6,  365.1,  372.7,  380.1,  379.7,  545.7,  530.2,  523.0,  528.2,  524.0,  531.9,  546.4,  572.1,  584.1,  586.8,  584.6,  572.5,  546.1,  537.4,  539.4,  537.7,  547.9,  559.3,  562.3,  560.1,  -77.2,  -78.3,  -76.9,  -72.1,  -60.0,  -44.6,  -29.0,  -13.0,  3.5,  18.7,  32.9,  45.8,  56.9,  64.7,  69.9,  74.5,  77.3,  -51.0,  -39.2,  -24.9,  -11.4,  1.0,  25.4,  37.4,  49.1,  61.3,  69.2,  13.1,  13.1,  13.2,  13.4,  -2.9,  3.8,  10.7,  17.7,  23.9,  -32.0,  -23.3,  -14.8,  -8.0,  -15.4,  -24.0,  28.3,  36.1,  45.1,  52.0,  45.2,  36.5,  -18.1,  -7.4,  2.8,  9.6,  16.9,  24.7,  30.3,  23.9,  15.7,  7.4,  -0.4,  -9.9,  -13.2,  2.2,  9.0,  16.5,  26.0,  15.9,  8.1,  0.8,  -10.3,  15.8,  42.7,  68.3,  91.7,  109.8,  122.5,  129.5,  131.7,  130.6,  122.3,  108.1,  89.8,  68.5,  46.4,  23.5,  -0.2,  -6.0,  -13.9,  -15.3,  -12.6,  -7.9,  -8.5,  -13.0,  -15.6,  -15.2,  -8.6,  3.8,  14.9,  25.8,  37.0,  46.0,  48.5,  50.8,  49.1,  46.8,  4.8,  1.8,  1.5,  5.5,  7.6,  7.6,  5.9,  1.9,  2.1,  5.4,  8.5,  8.2,  78.4,  69.7,  66.2,  68.5,  67.3,  72.1,  80.5,  90.1,  94.3,  94.8,  93.7,  88.8,  78.2,  72.6,  73.6,  73.5,  80.5,  83.4,  84.1,  83.0,  387.8,  395.2,  403.5,  407.4,  404.4,  401.1,  394.3,  388.6,  390.0,  398.9,  411.7,  419.7,  420.0,  415.6,  409.6,  405.3,  404.6,  356.0,  348.9,  345.0,  343.7,  342.3,  349.8,  356.7,  363.8,  372.7,  383.0,  347.0,  343.9,  340.3,  337.1,  350.2,  349.0,  348.6,  352.0,  355.8,  352.7,  351.6,  353.3,  354.7,  353.0,  351.7,  363.7,  364.5,  367.8,  372.9,  368.6,  365.3,  369.4,  358.5,  355.5,  356.4,  358.9,  366.8,  377.8,  371.8,  368.2,  365.9,  365.0,  365.7,  367.7,  358.3,  359.0,  361.7,  374.9,  366.3,  363.8,  363.2,  2.365,  0.275,  -0.174,  0.059,  656.990,  467.233,  -40.548,  24.237,  -5.769,  13.436,  2.039,  -3.270,  8.841,  -6.760,  14.435,  -17.800,  -6.822,  -2.911,  1.877,  2.931,  -3.102,  7.443,  -0.492,  -1.724,  -5.939,  -5.028,  5.133,  -3.712,  -0.051,  -3.002,  3.378,  1.502,  0.519,  -0.510,  -0.027,  -0.399,  -0.038,  -0.118,  0.539,  0.028, 0.62, 0.55, 0.00, 0.07, 0.00, 0.19, 0.00, 0.23, 0.00, 0.00, 0.00, 0.09, 0.00, 0.00, 2.25, 1.47, 0.58, 1.00, 1.00, 0.00, 1.00, 0.00, 0.00, 0.00, 0.00, 0.00, 0.00, 0.00, 0.00, 0.00, 0.00, 1.00, 1.00, 0.00, 1.00
34,  0,  1.101,  0.98,  1,  0.301970,  0.276145,  -0.912446,  0.057554,  0.270005,  -0.961137,  0.190,  0.284,  582.8,  586.9,  596.9,  606.9,  611.0,  607.4,  596.9,  586.9,  562.4,  570.4,  581.2,  593.4,  604.5,  612.2,  617.3,  611.2,  602.5,  591.9,  580.9,  570.7,  591.7,  596.3,  600.9,  602.9,  600.9,  596.3,  591.7,  589.8,  720.9,  725.5,  736.5,  747.5,  752.1,  747.6,  736.6,  724.6,  709.1,  716.7,  726.8,  738.4,  748.6,  756.3,  761.3,  755.8,  747.6,  737.8,  726.6,  716.2,  731.1,  736.0,  740.8,  742.8,  740.8,  736.0,  731.1,  729.1,  369.8,  359.1,  354.4,  358.4,  368.8,  380.1,  384.1,  380.1,  371.9,  367.3,  364.3,  362.7,  364.3,  368.1,  373.4,  376.5,  377.8,  378.4,  377.9,  375.9,  374.1,  376.0,  373.8,  368.9,  364.1,  362.2,  364.4,  369.3,  371.6,  360.2,  354.8,  358.6,  369.2,  380.6,  386.0,  382.8,  373.5,  368.7,  365.6,  364.9,  365.8,  367.1,  370.4,  375.5,  379.2,  380.9,  380.0,  377.6,  375.1,  376.7,  374.4,  369.4,  364.7,  363.0,  365.4,  370.4,  -22.7,  -21.1,  -17.2,  -13.2,  -11.6,  -13.1,  -17.2,  -21.1,  -31.2,  -27.8,  -23.3,  -18.5,  -14.1,  -11.1,  -9.2,  -11.5,  -15.0,  -19.1,  -23.5,  -27.7,  -19.3,  -17.5,  -15.7,  -14.9,  -15.6,  -17.4,  -19.3,  -20.0,  31.9,  33.6,  38.0,  42.5,  44.6,  42.9,  38.4,  33.5,  27.4,  30.2,  34.1,  38.7,  42.9,  46.5,  48.9,  46.4,  42.8,  38.7,  34.2,  30.2,  36.2,  38.2,  40.1,  40.9,  40.0,  38.0,  36.1,  35.3,  3.9,  -0.3,  -2.2,  -0.6,  3.5,  8.1,  9.6,  8.0,  4.8,  2.9,  1.7,  1.1,  1.7,  3.2,  5.4,  6.6,  7.1,  7.3,  7.1,  6.4,  5.6,  6.4,  5.5,  3.6,  1.6,  0.9,  1.8,  3.7,  4.6,  0.1,  -2.0,  -0.6,  3.7,  8.2,  10.3,  9.0,  5.4,  3.4,  2.2,  1.9,  2.3,  2.8,  4.2,  6.2,  7.6,  8.3,  7.9,  7.0,  6.0,  6.7,  5.7,  3.7,  1.9,  1.2,  2.1,  4.1,  347.4,  347.4,  348.3,  349.7,  350.7,  351.1,  349.7,  348.4,  351.6,  348.9,  346.9,  346.5,  348.1,  350.6,  353.3,  351.2,  349.0,  347.9,  348.1,  349.5,  349.5,  350.1,  350.6,  350.6,  350.1,  349.5,  349.1,  349.1,  344.9,  344.1,  344.7,  346.3,  347.9,  348.7,  348.1,  346.8,  346.8,  345.0,  344.0,  344.3,  346.2,  349.4,  352.6,  350.7,  348.3,  346.4,  345.8,  346.4,  347.3,  348.0,  348.2,  347.9,  347.2,  346.5,  346.2,  346.6,  6.9,  44.7,  366.9,  0.144,  -0.151,  0.066,  466.4,  467.1,  472.7,  482.8,  504.6,  535.2,  568.2,  606.2,  645.2,  679.7,  709.6,  735.5,  758.5,  775.9,  789.0,  801.5,  808.9,  514.5,  540.6,  575.6,  609.3,  641.1,  702.2,  730.5,  757.2,  783.6,  799.3,  672.3,  672.8,  673.4,  674.0,  632.2,  649.1,  666.1,  682.9,  697.7,  560.8,  581.9,  603.2,  620.3,  601.8,  580.3,  708.0,  726.7,  747.2,  762.1,  747.1,  727.3,  595.5,  621.3,  646.1,  662.7,  680.4,  698.4,  710.1,  695.8,  676.7,  657.3,  638.5,  615.8,  607.6,  643.8,  660.9,  678.7,  700.4,  677.2,  658.9,  641.4,  335.4,  390.0,  444.1,  495.9,  546.9,  590.0,  625.3,  648.8,  654.6,  645.9,  619.5,  585.2,  546.9,  504.4,  459.2,  410.9,  360.0,  345.3,  325.1,  321.5,  328.6,  340.6,  340.3,  329.3,  324.0,  325.7,  341.6,  370.3,  398.2,  426.2,  455.7,  473.9,  480.6,  486.5,  481.3,  475.0,  371.2,  364.0,  363.3,  372.9,  378.3,  378.3,  373.7,  364.8,  365.5,  372.8,  380.1,  379.5,  544.3,  528.7,  521.3,  526.7,  522.6,  531.1,  546.6,  570.6,  581.1,  583.3,  580.9,  569.6,  544.7,  537.3,  539.4,  538.1,  547.7,  554.8,  557.1,  554.8,  -77.0,  -78.2,  -77.2,  -73.3,  -62.7,  -48.1,  -32.4,  -15.0,  2.3,  18.1,  32.9,  46.1,  57.4,  65.2,  70.3,  75.1,  78.1,  -51.2,  -39.8,  -25.5,  -12.1,  0.4,  25.0,  37.0,  48.8,  61.1,  69.6,  12.9,  13.0,  13.1,  13.2,  -3.1,  3.6,  10.5,  17.4,  23.6,  -32.1,  -23.5,  -14.9,  -8.0,  -15.5,  -24.1,  28.4,  36.3,  45.2,  52.2,  45.3,  36.6,  -18.8,  -7.7,  2.5,  9.3,  16.6,  24.5,  30.3,  23.7,  15.4,  7.2,  -0.6,  -10.1,  -13.6,  1.6,  8.6,  16.0,  25.9,  15.5,  7.8,  0.6,  -10.9,  13.6,  38.8,  63.3,  86.5,  105.6,  119.7,  128.3,  131.4,  130.5,  122.6,  108.7,  90.5,  69.3,  46.8,  23.7,  -0.0,  -6.0,  -13.9,  -15.2,  -12.4,  -7.6,  -7.9,  -12.6,  -15.0,  -14.6,  -8.0,  4.1,  15.1,  25.9,  37.2,  45.9,  48.5,  50.8,  49.2,  47.0,  4.5,  1.6,  1.3,  5.3,  7.4,  7.4,  5.7,  2.0,  2.3,  5.5,  8.5,  8.2,  77.9,  69.1,  65.6,  68.0,  66.7,  71.7,  80.6,  89.3,  92.7,  93.1,  91.9,  87.5,  77.7,  72.8,  73.8,  73.7,  80.4,  81.2,  81.7,  80.6,  388.4,  395.5,  403.7,  407.7,  405.1,  401.8,  394.9,  388.7,  390.2,  399.4,  413.3,  422.4,  423.9,  419.6,  412.8,  407.0,  404.9,  357.0,  349.8,  345.9,  345.1,  344.3,  351.7,  358.1,  364.5,  372.6,  382.2,  348.3,  345.6,  342.5,  339.8,  352.4,  351.6,  351.3,  354.6,  358.0,  354.1,  353.1,  354.8,  356.3,  354.6,  353.4,  365.3,  365.9,  369.2,  374.0,  370.2,  367.0,  369.9,  358.6,  355.9,  356.9,  359.0,  366.9,  378.2,  371.2,  367.0,  364.7,  364.0,  365.2,  368.1,  359.1,  359.8,  362.2,  375.0,  364.9,  362.6,  362.1,  2.359,  0.275,  -0.174,  0.071,  656.108,  465.854,  -34.994,  19.446,  -10.830,  9.220,  -5.140,  -3.536,  6.524,  -3.908,  15.230,  -17.861,  -8.551,  -3.438,  1.200,  3.877,  -2.650,  7.067,  0.921,  -0.552,  -4.816,  -5.044,  3.563,  -5.201,  1.151,  -3.438,  1.837,  1.303,  0.879,  -0.827,  0.174,  -0.409,  0.143,  -0.212,  0.439,  -0.078, 0.30, 0.25, 0.00, 0.00, 0.00, 0.12, 0.00, 0.35, 0.00, 0.04, 0.00, 0.13, 0.00, 0.00, 2.19, 1.40, 0.50, 0.00, 1.00, 0.00, 1.00, 0.00, 0.00, 0.00, 0.00, 0.00, 0.00, 0.00, 0.00, 0.00, 0.00, 1.00, 1.00, 0.00, 1.00
35,  0,  1.134,  0.98,  1,  0.322978,  0.268154,  -0.907623,  0.082613,  0.272053,  -0.958729,  0.214,  0.282,  584.0,  588.1,  598.1,  608.2,  612.4,  608.9,  598.3,  588.2,  564.3,  571.6,  581.5,  592.7,  603.5,  612.0,  617.9,  611.7,  602.7,  592.4,  581.7,  571.9,  593.1,  597.8,  602.4,  604.3,  602.4,  597.7,  593.1,  591.2,  722.7,  727.8,  738.8,  749.3,  753.2,  748.1,  737.1,  725.6,  709.6,  717.1,  727.1,  739.0,  749.4,  757.2,  761.8,  756.3,  748.1,  738.1,  727.0,  716.6,  732.3,  737.0,  741.9,  744.2,  742.4,  737.7,  732.8,  730.5,  369.0,  358.5,  354.1,  358.3,  368.6,  379.8,  383.6,  379.4,  371.5,  367.2,  364.1,  362.7,  364.3,  368.2,  373.4,  376.6,  377.8,  378.4,  377.9,  375.8,  373.7,  375.6,  373.6,  368.8,  364.0,  362.0,  364.1,  368.9,  371.3,  360.5,  355.7,  359.7,  370.2,  381.0,  385.8,  382.4,  373.6,  369.3,  366.5,  365.7,  366.7,  367.8,  370.9,  376.2,  379.9,  381.4,  380.3,  377.8,  375.1,  376.9,  374.7,  369.9,  365.2,  363.4,  365.5,  370.4,  -22.7,  -21.1,  -17.0,  -13.0,  -11.3,  -12.7,  -17.0,  -21.0,  -31.1,  -27.9,  -23.7,  -19.1,  -14.8,  -11.4,  -9.1,  -11.6,  -15.2,  -19.3,  -23.7,  -27.8,  -19.1,  -17.2,  -15.3,  -14.6,  -15.4,  -17.2,  -19.1,  -19.9,  32.5,  34.4,  38.8,  43.2,  44.9,  43.0,  38.6,  33.9,  27.5,  30.3,  34.2,  38.9,  43.2,  46.7,  49.0,  46.6,  43.0,  38.8,  34.3,  30.3,  36.5,  38.5,  40.5,  41.3,  40.6,  38.6,  36.6,  35.8,  3.7,  -0.6,  -2.4,  -0.7,  3.5,  8.1,  9.6,  7.9,  4.7,  2.9,  1.7,  1.1,  1.8,  3.3,  5.5,  6.8,  7.2,  7.5,  7.3,  6.4,  5.6,  6.4,  5.6,  3.6,  1.6,  0.8,  1.7,  3.6,  4.5,  0.2,  -1.7,  -0.1,  4.0,  8.4,  10.3,  8.9,  5.4,  3.7,  2.5,  2.3,  2.6,  3.1,  4.4,  6.5,  7.9,  8.5,  8.0,  7.1,  6.0,  6.7,  5.9,  3.9,  2.1,  1.3,  2.2,  4.1,  354.6,  354.9,  355.8,  356.8,  357.2,  357.3,  356.0,  355.1,  359.5,  356.8,  354.6,  353.7,  354.8,  356.9,  359.2,  357.3,  355.5,  354.7,  355.3,  357.1,  356.4,  356.8,  357.2,  357.3,  357.1,  356.7,  356.3,  356.1,  344.1,  343.2,  343.9,  345.6,  347.4,  348.3,  347.6,  346.2,  346.4,  344.4,  343.3,  343.5,  345.6,  349.0,  352.4,  350.5,  348.0,  346.1,  345.5,  346.0,  346.6,  347.4,  347.7,  347.3,  346.5,  345.7,  345.4,  345.8,  7.0,  44.5,  367.3,  0.160,  -0.149,  0.076,  467.5,  467.9,  472.8,  481.8,  502.1,  531.8,  565.5,  605.3,  645.6,  680.4,  710.4,  736.1,  759.1,  776.3,  789.7,  802.5,  810.7,  515.4,  540.6,  575.6,  609.7,  641.9,  702.3,  731.2,  758.2,  784.5,  800.1,  672.3,  672.9,  673.5,  674.0,  632.4,  649.2,  666.0,  682.6,  697.4,  561.7,  582.3,  603.4,  620.5,  602.3,  581.2,  708.8,  727.4,  747.7,  762.5,  747.5,  727.9,  595.6,  621.0,  645.3,  662.6,  681.2,  699.7,  711.1,  696.7,  677.3,  657.1,  637.8,  615.5,  607.9,  643.1,  660.7,  679.4,  701.4,  677.6,  658.6,  640.3,  335.0,  386.6,  437.2,  486.8,  537.3,  581.8,  619.9,  646.7,  653.6,  644.4,  617.6,  584.1,  546.7,  505.3,  460.8,  413.3,  363.1,  345.9,  325.8,  322.2,  329.4,  341.5,  341.4,  330.2,  325.2,  327.6,  343.3,  371.8,  399.3,  427.0,  456.2,  473.7,  480.4,  486.3,  481.3,  475.2,  371.3,  364.1,  363.4,  372.8,  378.2,  378.1,  374.1,  365.4,  366.2,  373.4,  380.5,  379.9,  543.0,  528.0,  521.0,  526.4,  522.5,  530.6,  545.9,  569.7,  580.4,  582.7,  580.2,  568.7,  543.4,  536.6,  538.9,  537.5,  546.8,  554.7,  557.2,  554.6,  -76.5,  -77.8,  -77.1,  -73.7,  -63.8,  -49.7,  -33.6,  -15.4,  2.5,  18.5,  33.4,  46.5,  57.9,  65.7,  71.0,  75.9,  79.3,  -50.9,  -39.7,  -25.4,  -11.9,  0.7,  25.0,  37.2,  49.1,  61.4,  69.8,  12.8,  13.0,  13.1,  13.2,  -3.1,  3.7,  10.5,  17.3,  23.5,  -31.7,  -23.3,  -14.8,  -8.0,  -15.3,  -23.8,  28.7,  36.5,  45.4,  52.3,  45.5,  36.9,  -18.8,  -7.8,  2.2,  9.2,  16.9,  25.1,  30.7,  24.1,  15.7,  7.2,  -0.9,  -10.2,  -13.5,  1.3,  8.5,  16.3,  26.3,  15.7,  7.7,  0.1,  -11.1,  12.0,  35.6,  59.1,  82.0,  101.8,  117.4,  127.5,  131.3,  130.3,  122.1,  108.5,  90.8,  70.0,  47.8,  24.9,  1.4,  -5.7,  -13.7,  -14.9,  -12.1,  -7.3,  -7.4,  -12.2,  -14.5,  -13.7,  -7.3,  4.7,  15.5,  26.2,  37.3,  45.9,  48.5,  50.8,  49.2,  47.2,  4.6,  1.7,  1.4,  5.2,  7.4,  7.3,  5.9,  2.3,  2.6,  5.7,  8.7,  8.4,  77.4,  68.8,  65.6,  68.0,  66.7,  71.6,  80.4,  89.2,  92.8,  93.1,  91.9,  87.2,  77.2,  72.6,  73.7,  73.6,  80.1,  81.4,  82.0,  80.7,  388.3,  395.3,  403.3,  407.4,  404.9,  401.7,  395.2,  389.2,  391.4,  400.8,  414.6,  423.6,  425.4,  421.7,  414.9,  409.0,  406.5,  357.4,  349.6,  345.4,  344.2,  343.6,  350.9,  357.0,  363.6,  371.7,  381.5,  347.7,  345.2,  342.3,  339.7,  353.1,  352.4,  352.2,  355.2,  358.3,  354.2,  353.3,  355.0,  356.6,  355.0,  353.9,  365.2,  365.7,  369.0,  373.9,  370.3,  367.1,  369.9,  358.4,  356.2,  357.3,  359.3,  367.1,  378.5,  372.3,  368.3,  366.0,  365.1,  365.7,  368.2,  359.5,  360.4,  362.7,  375.2,  366.0,  363.7,  363.0,  2.357,  0.289,  -0.175,  0.082,  656.307,  465.299,  -31.684,  16.010,  -10.551,  7.277,  -5.968,  -5.189,  7.410,  -0.564,  17.672,  -15.347,  -10.144,  -5.469,  0.793,  4.239,  -2.189,  6.107,  -0.265,  1.387,  -4.339,  -5.451,  2.741,  -4.823,  0.903,  -3.890,  1.351,  1.102,  1.219,  -0.906,  0.280,  -0.231,  0.081,  -0.324,  0.314,  -0.058, 0.13, 0.06, 0.00, 0.00, 0.00, 0.06, 0.00, 0.45, 0.00, 0.09, 0.03, 0.09, 0.00, 0.00, 2.08, 1.21, 0.48, 0.00, 1.00, 0.00, 0.00, 0.00, 0.00, 0.00, 0.00, 0.00, 0.00, 0.00, 0.00, 0.00, 0.00, 1.00, 1.00, 0.00, 1.00
36,  0,  1.168,  0.98,  1,  0.323927,  0.269759,  -0.906808,  0.080688,  0.286228,  -0.954758,  0.214,  0.290,  584.9,  588.9,  599.0,  609.2,  613.5,  610.0,  599.4,  589.2,  565.0,  572.9,  582.9,  593.7,  604.3,  612.9,  619.1,  612.9,  603.8,  593.5,  582.7,  572.7,  594.4,  598.8,  603.1,  604.8,  603.0,  598.6,  594.3,  592.6,  723.9,  728.5,  739.4,  750.2,  754.6,  749.9,  739.0,  727.2,  710.7,  718.4,  728.4,  740.2,  750.6,  758.3,  763.1,  757.4,  749.4,  739.6,  728.5,  718.1,  733.5,  738.5,  743.5,  745.7,  743.7,  738.7,  733.6,  731.5,  368.8,  358.6,  354.8,  359.5,  370.0,  381.1,  384.0,  379.3,  372.7,  367.6,  363.9,  362.3,  364.2,  368.5,  374.2,  377.6,  378.4,  378.8,  378.2,  376.5,  374.2,  376.2,  374.5,  370.2,  365.7,  363.6,  365.3,  369.7,  373.2,  361.9,  356.5,  360.1,  370.7,  382.0,  387.4,  384.4,  374.3,  369.7,  366.9,  366.3,  367.3,  368.7,  371.9,  376.9,  380.5,  382.1,  381.1,  378.5,  376.8,  378.5,  376.1,  370.8,  365.9,  364.2,  366.7,  371.9,  -22.3,  -20.7,  -16.7,  -12.6,  -10.8,  -12.2,  -16.4,  -20.5,  -30.6,  -27.2,  -23.1,  -18.7,  -14.4,  -11.0,  -8.6,  -11.0,  -14.6,  -18.7,  -23.1,  -27.3,  -18.5,  -16.7,  -15.0,  -14.3,  -15.1,  -16.8,  -18.6,  -19.2,  32.9,  34.7,  39.0,  43.5,  45.4,  43.7,  39.3,  34.5,  27.9,  30.8,  34.6,  39.2,  43.6,  47.1,  49.5,  46.9,  43.4,  39.3,  34.8,  30.8,  37.0,  39.0,  41.1,  41.9,  41.0,  38.9,  36.9,  36.1,  3.6,  -0.6,  -2.1,  -0.2,  4.1,  8.6,  9.7,  7.8,  5.2,  3.1,  1.6,  0.9,  1.7,  3.5,  5.8,  7.2,  7.4,  7.6,  7.4,  6.7,  5.7,  6.6,  5.9,  4.1,  2.3,  1.5,  2.1,  3.9,  5.2,  0.7,  -1.4,  0.1,  4.3,  8.8,  10.9,  9.6,  5.7,  3.8,  2.7,  2.5,  2.9,  3.5,  4.8,  6.8,  8.1,  8.7,  8.3,  7.3,  6.7,  7.4,  6.4,  4.3,  2.3,  1.7,  2.6,  4.7,  353.3,  354.8,  356.2,  356.8,  356.3,  355.1,  353.4,  352.8,  357.4,  355.3,  353.5,  353.0,  354.0,  355.7,  357.6,  355.3,  353.1,  352.2,  352.7,  354.7,  354.7,  355.0,  355.6,  356.2,  356.5,  356.2,  355.6,  355.0,  343.6,  342.8,  343.5,  345.3,  347.1,  347.9,  347.2,  345.7,  345.3,  343.4,  342.4,  342.8,  344.9,  348.2,  351.6,  349.4,  346.9,  345.0,  344.3,  344.8,  346.2,  347.0,  347.3,  346.9,  346.1,  345.3,  345.0,  345.3,  7.9,  44.9,  369.1,  0.160,  -0.141,  0.063,  468.1,  468.9,  474.5,  485.1,  508.0,  539.8,  573.6,  611.3,  649.9,  683.7,  713.2,  738.7,  761.8,  779.1,  791.9,  803.9,  811.1,  516.9,  543.7,  578.8,  612.5,  644.2,  702.8,  731.7,  759.0,  785.8,  801.4,  673.5,  673.9,  674.4,  674.8,  633.0,  650.1,  667.4,  684.4,  699.6,  562.5,  583.5,  604.6,  621.6,  603.3,  582.0,  709.9,  728.6,  749.0,  764.0,  748.9,  729.2,  595.5,  621.8,  646.5,  664.3,  683.7,  702.6,  715.0,  700.3,  680.7,  659.8,  639.9,  616.8,  607.3,  644.7,  662.8,  682.3,  705.3,  680.9,  661.1,  642.3,  335.2,  389.7,  443.4,  495.0,  545.4,  587.7,  622.6,  645.7,  650.8,  642.0,  615.9,  582.8,  545.3,  503.3,  458.3,  410.3,  359.4,  345.9,  326.8,  323.9,  331.1,  343.1,  343.0,  331.8,  326.7,  329.0,  344.9,  371.8,  399.6,  427.6,  457.0,  474.4,  481.2,  487.3,  481.9,  475.5,  371.8,  364.3,  363.7,  373.4,  378.6,  378.6,  375.0,  365.9,  366.7,  374.1,  381.1,  380.6,  541.3,  527.6,  521.2,  526.5,  522.4,  529.7,  543.5,  567.5,  578.8,  581.3,  578.7,  566.9,  542.1,  536.1,  538.4,  536.6,  544.7,  553.8,  556.5,  553.8,  -77.0,  -78.0,  -77.0,  -72.8,  -61.6,  -46.3,  -30.1,  -12.8,  4.4,  20.1,  34.9,  48.0,  59.4,  67.1,  72.0,  76.6,  79.5,  -50.6,  -38.7,  -24.3,  -10.9,  1.7,  25.3,  37.6,  49.7,  62.2,  70.8,  13.4,  13.4,  13.5,  13.6,  -2.8,  4.1,  11.0,  18.1,  24.5,  -31.5,  -22.9,  -14.4,  -7.5,  -15.0,  -23.6,  29.3,  37.2,  46.1,  53.2,  46.2,  37.6,  -19.0,  -7.5,  2.7,  10.0,  18.1,  26.5,  32.7,  25.8,  17.2,  8.3,  -0.1,  -9.8,  -13.9,  1.9,  9.5,  17.6,  28.2,  17.2,  8.8,  1.0,  -11.1,  13.6,  38.8,  63.5,  86.5,  105.3,  119.1,  127.5,  130.5,  129.7,  121.9,  108.4,  90.3,  69.1,  46.6,  23.5,  -0.3,  -5.8,  -13.4,  -14.4,  -11.5,  -6.7,  -6.9,  -11.5,  -13.9,  -13.2,  -6.6,  4.7,  15.7,  26.6,  37.8,  46.4,  49.0,  51.4,  49.7,  47.5,  4.8,  1.8,  1.5,  5.5,  7.6,  7.6,  6.3,  2.5,  2.8,  6.0,  9.0,  8.7,  77.3,  69.2,  66.1,  68.5,  67.2,  71.8,  80.0,  88.9,  92.6,  93.0,  91.8,  87.1,  77.3,  72.8,  73.9,  73.7,  79.9,  81.6,  82.1,  80.9,  392.0,  399.1,  407.3,  411.3,  408.3,  404.5,  396.9,  390.6,  392.8,  402.5,  416.8,  425.6,  426.5,  422.1,  414.9,  409.0,  406.8,  359.6,  351.8,  347.9,  346.7,  345.6,  352.4,  358.7,  365.4,  373.5,  383.5,  349.7,  347.0,  343.8,  341.2,  354.5,  353.5,  353.3,  356.5,  360.0,  356.2,  355.2,  356.9,  358.6,  356.8,  355.6,  366.7,  367.1,  370.3,  375.2,  371.5,  368.4,  373.2,  361.6,  359.0,  360.0,  362.3,  370.4,  381.7,  374.9,  370.3,  367.8,  367.1,  368.5,  371.5,  361.9,  362.7,  365.2,  378.6,  368.3,  365.7,  365.2,  2.344,  0.288,  -0.164,  0.068,  658.401,  465.533,  -33.238,  19.922,  -7.583,  5.683,  -3.306,  -0.813,  6.453,  -3.041,  15.773,  -16.970,  -8.360,  -5.957,  0.606,  3.841,  -4.747,  7.587,  0.128,  -0.969,  -3.902,  -6.127,  3.789,  -3.900,  -0.106,  -3.378,  2.412,  1.089,  0.452,  -0.725,  0.268,  -0.466,  0.067,  -0.285,  0.284,  0.054, 0.12, 0.02, 0.00, 0.00, 0.00, 0.07, 0.03, 0.51, 0.00, 0.18, 0.11, 0.04, 0.00, 0.00, 1.96, 0.99, 0.34, 0.00, 0.00, 0.00, 0.00, 0.00, 0.00, 0.00, 0.00, 0.00, 0.00, 0.00, 0.00, 0.00, 0.00, 1.00, 1.00, 0.00, 1.00
37,  0,  1.201,  0.98,  1,  0.317981,  0.267696,  -0.909520,  0.087996,  0.296833,  -0.950866,  0.215,  0.295,  586.2,  590.2,  600.1,  610.3,  614.7,  611.3,  600.8,  590.6,  566.5,  574.3,  584.4,  595.4,  605.9,  614.3,  620.2,  614.4,  605.5,  595.2,  584.4,  574.3,  595.5,  600.0,  604.4,  606.2,  604.2,  599.7,  595.3,  593.6,  725.7,  730.3,  741.0,  751.6,  755.9,  751.3,  740.6,  729.0,  711.9,  720.0,  730.1,  741.6,  751.7,  759.3,  764.3,  758.8,  751.0,  741.1,  730.0,  719.5,  734.6,  739.9,  745.4,  747.7,  745.5,  740.2,  734.8,  732.4,  369.6,  359.3,  355.2,  359.8,  370.4,  381.6,  384.7,  380.1,  373.2,  368.2,  364.7,  363.1,  364.8,  368.9,  374.4,  377.8,  378.7,  379.2,  378.7,  377.0,  374.9,  376.9,  375.2,  370.6,  365.9,  363.9,  365.7,  370.2,  373.7,  362.3,  357.2,  361.2,  372.0,  383.4,  388.6,  385.2,  375.0,  370.5,  367.5,  366.5,  367.4,  369.2,  372.4,  377.5,  380.8,  382.1,  381.3,  379.2,  378.4,  380.5,  377.9,  372.1,  366.6,  364.6,  367.2,  372.9,  -21.8,  -20.2,  -16.3,  -12.1,  -10.3,  -11.7,  -15.9,  -20.0,  -30.1,  -26.7,  -22.5,  -18.1,  -13.8,  -10.5,  -8.1,  -10.4,  -14.0,  -18.1,  -22.5,  -26.7,  -18.1,  -16.3,  -14.5,  -13.8,  -14.6,  -16.4,  -18.2,  -18.9,  33.6,  35.3,  39.7,  44.1,  45.9,  44.2,  39.8,  35.0,  28.3,  31.4,  35.3,  39.8,  44.0,  47.5,  50.0,  47.4,  43.9,  39.7,  35.3,  31.3,  37.3,  39.5,  41.8,  42.7,  41.7,  39.5,  37.3,  36.4,  3.9,  -0.3,  -1.9,  -0.1,  4.2,  8.8,  10.0,  8.1,  5.4,  3.3,  1.9,  1.3,  2.0,  3.6,  5.9,  7.3,  7.6,  7.7,  7.6,  6.9,  6.1,  6.9,  6.2,  4.3,  2.4,  1.6,  2.3,  4.2,  5.4,  0.9,  -1.1,  0.5,  4.8,  9.3,  11.3,  9.9,  5.9,  4.1,  2.9,  2.5,  2.9,  3.7,  5.0,  7.0,  8.2,  8.7,  8.4,  7.5,  7.3,  8.1,  7.1,  4.8,  2.6,  1.8,  2.8,  5.1,  354.0,  355.3,  356.8,  357.6,  357.3,  356.4,  354.6,  353.7,  357.8,  355.8,  354.3,  354.0,  355.1,  357.0,  359.1,  356.7,  354.4,  353.2,  353.6,  355.4,  355.6,  356.0,  356.6,  357.2,  357.3,  356.9,  356.3,  355.7,  342.8,  342.5,  343.6,  345.4,  346.8,  347.1,  346.0,  344.4,  344.4,  342.9,  342.2,  342.7,  344.9,  348.2,  351.7,  349.0,  346.2,  344.1,  343.4,  343.8,  345.3,  346.2,  346.7,  346.6,  345.9,  345.0,  344.5,  344.6,  8.2,  44.5,  370.4,  0.157,  -0.148,  0.077,  469.6,  470.4,  475.1,  483.5,  503.2,  532.8,  567.3,  607.9,  648.8,  683.9,  714.0,  739.4,  762.5,  779.6,  792.6,  804.9,  812.8,  517.5,  543.3,  578.2,  612.2,  644.6,  704.4,  733.4,  760.3,  786.7,  802.8,  674.5,  675.0,  675.6,  676.0,  633.7,  651.1,  668.4,  685.4,  700.6,  564.2,  584.9,  605.9,  622.8,  604.8,  583.9,  711.5,  730.0,  750.3,  765.2,  750.2,  730.8,  594.9,  622.0,  646.6,  665.1,  685.3,  704.6,  717.4,  702.3,  682.6,  660.9,  640.5,  617.1,  607.0,  644.6,  663.5,  683.8,  707.9,  682.6,  662.0,  642.5,  336.1,  387.1,  436.8,  485.3,  534.3,  577.6,  614.7,  641.1,  648.0,  639.6,  614.1,  582.3,  546.1,  505.4,  461.5,  414.7,  364.9,  347.2,  327.9,  324.6,  331.6,  343.4,  343.3,  332.2,  327.5,  329.9,  345.3,  373.2,  400.7,  428.5,  457.5,  474.2,  481.1,  487.2,  482.0,  475.9,  372.4,  364.9,  364.2,  374.0,  379.1,  379.0,  375.6,  366.3,  367.0,  374.6,  381.4,  380.9,  538.7,  526.2,  520.4,  525.8,  521.9,  528.6,  541.6,  563.7,  574.5,  577.0,  574.3,  563.2,  539.5,  535.2,  537.7,  536.0,  542.8,  550.3,  553.0,  550.1,  -76.5,  -77.3,  -76.6,  -73.4,  -63.7,  -49.5,  -33.0,  -14.3,  3.9,  20.2,  35.3,  48.6,  60.2,  68.1,  73.3,  78.2,  81.6,  -50.6,  -39.1,  -24.7,  -11.0,  1.8,  26.0,  38.4,  50.5,  62.9,  71.6,  13.8,  14.0,  14.1,  14.1,  -2.6,  4.5,  11.5,  18.6,  25.1,  -31.0,  -22.4,  -14.0,  -7.1,  -14.4,  -22.9,  30.1,  38.0,  46.9,  54.0,  47.1,  38.4,  -19.3,  -7.5,  2.7,  10.4,  18.8,  27.4,  33.9,  26.7,  18.0,  8.8,  0.2,  -9.6,  -14.0,  1.9,  9.8,  18.3,  29.4,  17.9,  9.2,  1.1,  -10.7,  12.4,  35.7,  58.7,  81.2,  100.5,  115.6,  125.4,  129.1,  128.5,  121.2,  108.6,  91.5,  70.9,  48.8,  25.9,  2.3,  -5.3,  -13.0,  -14.1,  -11.3,  -6.6,  -6.7,  -11.4,  -13.6,  -12.9,  -6.5,  5.3,  16.2,  27.0,  38.2,  46.5,  49.2,  51.7,  50.0,  47.9,  5.1,  2.0,  1.7,  5.7,  7.8,  7.8,  6.6,  2.7,  3.0,  6.3,  9.1,  8.9,  76.3,  68.8,  66.0,  68.4,  67.2,  71.5,  79.5,  87.4,  90.8,  91.2,  89.9,  85.6,  76.3,  72.6,  73.9,  73.6,  79.3,  80.1,  80.7,  79.4,  392.9,  399.0,  406.3,  410.1,  407.6,  404.2,  397.1,  390.3,  392.3,  402.3,  417.4,  427.5,  430.0,  427.0,  420.4,  414.9,  413.0,  361.5,  353.4,  349.1,  347.7,  346.7,  354.1,  360.2,  367.0,  375.1,  385.0,  351.0,  348.5,  345.6,  343.0,  356.7,  355.8,  355.4,  358.5,  361.7,  357.8,  356.7,  358.5,  360.4,  358.4,  357.2,  368.8,  369.2,  372.5,  377.4,  373.6,  370.5,  373.5,  362.1,  360.0,  361.0,  363.3,  371.3,  383.0,  375.4,  370.2,  367.6,  366.9,  368.4,  371.9,  362.7,  363.6,  366.1,  379.6,  368.4,  365.9,  365.3,  2.336,  0.283,  -0.180,  0.083,  658.967,  464.452,  -25.757,  12.637,  -8.974,  0.446,  -5.137,  -0.961,  4.957,  0.817,  17.100,  -12.376,  -10.915,  -5.202,  0.391,  5.398,  -2.975,  6.807,  -0.256,  1.628,  -3.802,  -6.130,  3.334,  -4.165,  0.150,  -3.996,  1.889,  0.847,  0.779,  -0.803,  0.298,  -0.435,  0.152,  -0.153,  0.250,  -0.028, 0.14, 0.10, 0.00, 0.00, 0.00, 0.21, 0.04, 0.62, 0.00, 0.15, 0.16, 0.07, 0.00, 0.00, 1.80, 0.62, 0.31, 0.00, 0.00, 0.00, 0.00, 0.00, 0.00, 0.00, 1.00, 0.00, 0.00, 0.00, 0.00, 0.00, 0.00, 1.00, 0.00, 0.00, 1.00
38,  0,  1.235,  0.98,  1,  0.316793,  0.261291,  -0.911795,  0.084018,  0.289771,  -0.953401,  0.212,  0.287,  587.5,  591.4,  601.3,  611.3,  615.7,  612.3,  601.9,  591.9,  567.7,  575.4,  585.5,  596.4,  606.9,  615.5,  621.7,  615.8,  607.0,  596.9,  585.9,  575.7,  596.8,  601.2,  605.6,  607.3,  605.4,  601.0,  596.6,  594.9,  726.4,  731.0,  741.9,  752.6,  756.9,  752.2,  741.4,  729.7,  713.1,  720.9,  731.1,  742.7,  752.8,  760.3,  765.1,  759.6,  751.8,  742.1,  731.0,  720.6,  735.6,  740.8,  746.0,  748.3,  746.2,  741.1,  735.8,  733.5,  369.7,  359.3,  354.9,  359.2,  369.6,  380.8,  384.3,  380.1,  372.8,  368.1,  364.5,  362.8,  364.5,  368.5,  374.0,  377.3,  378.3,  378.9,  378.6,  376.8,  374.4,  376.3,  374.4,  369.8,  365.3,  363.4,  365.3,  369.9,  373.6,  362.3,  356.9,  360.6,  371.2,  382.6,  388.0,  384.9,  374.8,  370.2,  367.3,  366.6,  367.5,  368.9,  371.9,  376.8,  380.2,  381.8,  380.9,  378.7,  377.6,  379.4,  376.9,  371.4,  366.2,  364.4,  367.0,  372.4,  -21.4,  -19.8,  -15.8,  -11.8,  -10.0,  -11.3,  -15.5,  -19.6,  -29.8,  -26.5,  -22.2,  -17.7,  -13.5,  -10.1,  -7.5,  -9.9,  -13.4,  -17.5,  -22.0,  -26.3,  -17.7,  -15.9,  -14.1,  -13.4,  -14.2,  -16.0,  -17.7,  -18.4,  34.0,  35.7,  40.1,  44.5,  46.5,  44.7,  40.3,  35.5,  28.9,  31.8,  35.7,  40.3,  44.6,  48.0,  50.4,  47.9,  44.4,  40.3,  35.9,  31.8,  37.9,  40.0,  42.2,  43.0,  42.1,  40.0,  37.8,  37.0,  3.9,  -0.3,  -2.1,  -0.3,  3.9,  8.5,  9.9,  8.2,  5.3,  3.3,  1.8,  1.2,  1.8,  3.5,  5.8,  7.1,  7.4,  7.7,  7.6,  6.9,  5.9,  6.7,  5.9,  4.0,  2.2,  1.4,  2.2,  4.0,  5.4,  0.9,  -1.2,  0.2,  4.5,  9.0,  11.1,  9.9,  5.8,  4.0,  2.9,  2.6,  3.0,  3.5,  4.8,  6.7,  8.0,  8.6,  8.2,  7.4,  7.0,  7.7,  6.7,  4.5,  2.5,  1.7,  2.8,  4.9,  356.1,  356.9,  358.1,  359.0,  359.1,  358.6,  357.1,  356.2,  360.5,  358.2,  356.2,  355.7,  356.8,  358.8,  361.1,  358.9,  356.8,  355.8,  356.2,  358.0,  357.8,  358.2,  358.7,  359.0,  359.0,  358.6,  358.1,  357.8,  344.1,  343.5,  344.4,  346.2,  348.0,  348.7,  347.8,  346.2,  345.7,  344.1,  343.3,  343.8,  345.9,  349.3,  352.7,  350.4,  347.7,  345.6,  344.9,  345.3,  346.8,  347.7,  348.1,  347.8,  347.0,  346.1,  345.6,  345.9,  9.2,  44.3,  372.6,  0.144,  -0.145,  0.064,  470.4,  471.5,  476.5,  486.0,  508.0,  539.5,  574.0,  613.2,  652.9,  687.1,  716.8,  741.9,  765.0,  782.0,  794.3,  805.9,  813.0,  519.1,  546.3,  581.2,  614.8,  646.7,  705.3,  734.3,  761.2,  787.7,  804.2,  675.7,  676.1,  676.7,  677.1,  634.4,  652.3,  670.1,  687.5,  702.9,  565.3,  586.4,  607.3,  624.2,  606.1,  585.2,  712.2,  731.0,  751.2,  766.5,  751.3,  731.9,  593.8,  622.7,  648.3,  667.4,  688.4,  708.4,  722.6,  706.8,  686.8,  664.4,  643.3,  618.5,  605.9,  646.6,  666.0,  687.2,  713.0,  686.6,  665.3,  645.2,  336.6,  389.7,  442.1,  492.2,  541.1,  582.7,  617.1,  640.7,  645.9,  637.6,  612.4,  580.7,  544.4,  503.1,  459.0,  412.2,  362.5,  346.1,  327.7,  324.8,  331.7,  343.5,  343.3,  332.0,  326.8,  328.8,  344.1,  371.8,  399.5,  427.6,  457.0,  473.7,  480.7,  486.9,  481.1,  474.5,  372.0,  364.9,  364.2,  373.5,  378.6,  378.6,  375.2,  366.2,  366.8,  374.2,  380.8,  380.3,  534.9,  523.7,  518.7,  524.0,  519.8,  525.6,  536.9,  559.0,  570.3,  573.2,  570.7,  559.5,  536.0,  533.5,  536.0,  533.9,  538.4,  545.9,  548.8,  546.1,  -76.9,  -77.6,  -76.6,  -72.8,  -62.0,  -46.7,  -30.1,  -12.0,  5.8,  21.7,  36.8,  50.0,  61.6,  69.4,  74.3,  78.9,  82.0,  -50.4,  -38.2,  -23.7,  -10.1,  2.7,  26.6,  39.1,  51.2,  63.9,  72.9,  14.4,  14.5,  14.6,  14.7,  -2.3,  5.0,  12.3,  19.6,  26.2,  -30.8,  -22.1,  -13.5,  -6.5,  -14.0,  -22.5,  30.6,  38.7,  47.7,  54.9,  47.8,  39.2,  -19.9,  -7.2,  3.4,  11.4,  20.2,  29.3,  36.5,  28.8,  19.9,  10.3,  1.4,  -9.1,  -14.6,  2.7,  10.9,  19.9,  31.9,  19.7,  10.6,  2.2,  -10.6,  13.7,  38.5,  62.5,  85.0,  103.5,  117.2,  125.6,  128.6,  128.1,  121.0,  108.4,  90.9,  70.0,  47.7,  24.8,  1.2,  -5.8,  -13.2,  -14.2,  -11.3,  -6.6,  -6.8,  -11.6,  -14.0,  -13.5,  -7.1,  4.8,  15.9,  26.9,  38.3,  46.7,  49.4,  51.8,  49.9,  47.7,  5.0,  2.0,  1.7,  5.6,  7.7,  7.7,  6.4,  2.6,  2.9,  6.1,  8.9,  8.6,  75.3,  68.3,  65.8,  68.2,  66.9,  70.8,  78.1,  85.8,  89.3,  89.8,  88.6,  84.5,  75.5,  72.4,  73.7,  73.3,  78.1,  78.6,  79.2,  78.0,  397.0,  402.8,  410.1,  413.6,  410.6,  406.6,  398.7,  391.5,  393.6,  403.9,  419.5,  429.6,  431.4,  427.9,  421.2,  416.0,  414.8,  364.5,  356.6,  352.6,  351.1,  349.8,  356.4,  362.7,  369.8,  378.4,  388.6,  354.0,  351.4,  348.3,  345.6,  359.0,  357.9,  357.4,  360.9,  364.6,  360.8,  359.8,  361.6,  363.5,  361.2,  360.0,  371.4,  371.9,  375.1,  379.8,  376.0,  373.0,  376.8,  365.1,  362.7,  363.6,  366.1,  374.3,  386.3,  377.5,  371.5,  368.6,  368.0,  370.5,  375.1,  365.2,  366.1,  368.8,  382.9,  369.9,  367.1,  366.7,  2.320,  0.270,  -0.176,  0.070,  661.138,  463.409,  -26.471,  15.543,  -6.361,  -2.263,  -4.066,  3.474,  2.520,  -1.249,  13.459,  -14.272,  -9.963,  -5.492,  -1.121,  5.757,  -3.947,  8.015,  -0.811,  0.254,  -2.844,  -7.108,  4.607,  -4.494,  -0.078,  -3.443,  2.491,  0.934,  0.047,  -0.622,  0.152,  -0.678,  0.085,  -0.225,  0.146,  0.144, 0.23, 0.17, 0.00, 0.00, 0.00, 0.45, 0.07, 0.70, 0.00, 0.21, 0.24, 0.11, 0.04, 0.00, 1.67, 0.28, 0.35, 0.00, 0.00, 0.00, 0.00, 0.00, 1.00, 0.00, 1.00, 0.00, 0.00, 0.00, 0.00, 0.00, 0.00, 1.00, 0.00, 0.00, 1.00
39,  0,  1.268,  0.98,  1,  0.310974,  0.249886,  -0.916980,  0.080499,  0.304782,  -0.949014,  0.207,  0.289,  587.4,  591.2,  601.2,  611.4,  616.0,  612.7,  602.2,  591.9,  567.8,  575.8,  585.9,  596.6,  607.0,  615.6,  621.9,  616.2,  607.4,  597.3,  586.4,  576.0,  596.9,  601.4,  605.7,  607.4,  605.4,  600.9,  596.6,  594.9,  726.3,  730.6,  741.5,  752.6,  757.4,  753.1,  742.3,  730.2,  713.2,  721.4,  731.5,  742.6,  752.5,  760.3,  766.2,  760.2,  752.4,  742.4,  731.4,  721.1,  735.5,  741.3,  747.1,  749.4,  746.8,  741.0,  735.2,  732.9,  368.7,  358.2,  353.9,  358.4,  368.9,  380.2,  383.6,  379.2,  372.2,  367.6,  364.0,  362.4,  363.9,  367.8,  373.0,  376.4,  377.4,  378.0,  377.7,  376.0,  373.8,  375.7,  373.8,  369.2,  364.6,  362.6,  364.5,  369.1,  373.3,  361.5,  356.1,  360.3,  371.6,  383.5,  388.8,  385.4,  374.4,  369.6,  366.6,  365.8,  366.8,  368.8,  372.0,  376.5,  379.4,  380.6,  379.9,  378.2,  378.8,  381.0,  378.2,  372.0,  366.0,  363.7,  366.5,  372.7,  -21.3,  -19.8,  -15.8,  -11.7,  -9.8,  -11.1,  -15.4,  -19.5,  -29.6,  -26.1,  -21.9,  -17.6,  -13.4,  -10.0,  -7.4,  -9.7,  -13.2,  -17.3,  -21.7,  -26.0,  -17.6,  -15.7,  -14.0,  -13.3,  -14.1,  -16.0,  -17.7,  -18.4,  33.9,  35.6,  40.0,  44.5,  46.6,  44.9,  40.4,  35.5,  28.8,  31.9,  35.8,  40.3,  44.4,  47.9,  50.7,  47.9,  44.4,  40.2,  35.8,  31.8,  37.7,  40.1,  42.5,  43.4,  42.3,  39.9,  37.6,  36.6,  3.5,  -0.7,  -2.5,  -0.7,  3.6,  8.2,  9.6,  7.8,  5.0,  3.1,  1.6,  1.0,  1.6,  3.2,  5.3,  6.7,  7.0,  7.3,  7.1,  6.5,  5.6,  6.4,  5.6,  3.8,  1.9,  1.1,  1.8,  3.7,  5.2,  0.6,  -1.5,  0.1,  4.6,  9.3,  11.4,  10.0,  5.7,  3.8,  2.6,  2.3,  2.7,  3.5,  4.8,  6.6,  7.6,  8.1,  7.8,  7.1,  7.4,  8.3,  7.2,  4.8,  2.4,  1.5,  2.6,  5.0,  354.5,  355.6,  357.1,  357.9,  357.7,  356.9,  355.1,  354.3,  358.3,  356.3,  354.6,  354.2,  355.3,  357.3,  359.5,  357.2,  354.9,  353.7,  354.1,  355.8,  356.1,  356.5,  357.1,  357.6,  357.7,  357.3,  356.7,  356.2,  343.2,  343.4,  344.7,  346.2,  347.2,  347.0,  345.7,  344.4,  344.5,  343.2,  342.8,  343.3,  345.2,  348.2,  351.4,  348.4,  345.6,  343.5,  343.0,  343.6,  345.5,  346.3,  346.9,  347.1,  346.6,  345.8,  345.2,  345.0,  9.4,  43.8,  373.7,  0.127,  -0.139,  0.059,  470.6,  471.9,  477.1,  486.6,  508.4,  540.0,  574.9,  614.8,  654.8,  689.4,  719.3,  744.3,  766.9,  783.2,  794.8,  806.1,  813.0,  519.3,  546.6,  581.5,  614.8,  646.7,  705.3,  734.2,  761.1,  787.9,  804.8,  675.7,  676.0,  676.5,  676.8,  634.2,  652.2,  670.2,  687.7,  703.3,  565.5,  586.6,  607.4,  624.6,  606.3,  585.5,  712.3,  731.3,  751.5,  767.1,  751.7,  732.2,  592.9,  622.4,  648.4,  667.8,  688.9,  709.4,  724.5,  708.2,  687.9,  665.3,  644.0,  618.6,  604.9,  646.7,  666.4,  687.9,  714.7,  687.6,  666.0,  645.6,  336.4,  390.0,  442.9,  493.3,  541.7,  582.9,  616.7,  639.5,  644.4,  636.2,  611.5,  580.2,  543.8,  502.3,  458.2,  411.3,  361.6,  345.3,  326.8,  324.0,  331.0,  342.9,  342.6,  331.2,  326.1,  328.0,  343.5,  370.5,  398.4,  426.7,  456.2,  472.3,  479.4,  485.8,  479.8,  473.2,  371.3,  364.3,  363.7,  372.7,  377.7,  377.7,  374.5,  365.8,  366.4,  373.6,  380.0,  379.5,  531.9,  520.8,  516.0,  521.3,  517.1,  522.8,  534.1,  556.1,  567.4,  570.2,  567.8,  556.7,  533.2,  531.0,  533.5,  531.3,  535.7,  542.7,  545.5,  542.9,  -77.5,  -77.9,  -76.7,  -72.8,  -62.0,  -46.6,  -29.7,  -11.3,  6.7,  22.8,  38.1,  51.3,  62.8,  70.2,  74.7,  79.1,  82.2,  -50.6,  -38.4,  -23.8,  -10.2,  2.7,  26.7,  39.2,  51.4,  64.2,  73.5,  14.5,  14.6,  14.6,  14.6,  -2.4,  5.0,  12.4,  19.8,  26.5,  -30.9,  -22.1,  -13.5,  -6.5,  -14.0,  -22.6,  30.8,  39.0,  48.0,  55.4,  48.2,  39.5,  -20.4,  -7.4,  3.5,  11.6,  20.5,  29.8,  37.4,  29.4,  20.3,  10.7,  1.7,  -9.1,  -15.1,  2.8,  11.1,  20.2,  32.8,  20.1,  10.9,  2.4,  -10.8,  13.9,  39.1,  63.3,  85.7,  103.9,  117.1,  125.0,  127.8,  127.5,  120.8,  108.4,  90.9,  69.8,  47.4,  24.4,  0.8,  -6.2,  -13.6,  -14.6,  -11.7,  -6.9,  -7.1,  -12.0,  -14.4,  -13.9,  -7.4,  4.3,  15.5,  26.7,  38.2,  46.3,  49.0,  51.6,  49.6,  47.4,  4.7,  1.8,  1.5,  5.3,  7.4,  7.3,  6.2,  2.5,  2.7,  5.9,  8.6,  8.3,  74.3,  67.3,  64.9,  67.2,  65.9,  69.8,  77.0,  84.6,  88.0,  88.5,  87.3,  83.4,  74.5,  71.6,  72.8,  72.4,  77.1,  77.3,  77.9,  76.7,  400.0,  405.4,  412.3,  415.4,  412.4,  408.0,  399.2,  391.2,  393.3,  404.0,  420.4,  430.9,  432.8,  429.1,  422.1,  416.8,  415.7,  367.1,  359.3,  355.4,  353.8,  352.2,  358.2,  364.5,  371.4,  379.9,  389.9,  356.1,  353.5,  350.3,  347.7,  360.6,  359.4,  358.9,  362.5,  366.3,  363.1,  362.2,  364.0,  365.7,  363.3,  362.1,  373.2,  373.8,  376.8,  381.3,  377.6,  374.7,  378.2,  366.3,  363.7,  364.6,  367.1,  375.3,  387.3,  377.6,  371.1,  368.3,  367.7,  370.8,  376.5,  366.1,  367.0,  369.6,  383.8,  370.1,  367.2,  366.9,  2.312,  0.254,  -0.169,  0.065,  661.632,  462.081,  -25.115,  15.847,  -6.203,  -5.052,  -5.779,  4.950,  0.928,  -1.463,  11.454,  -15.099,  -9.821,  -6.492,  -1.354,  6.329,  -4.028,  8.583,  -0.172,  0.497,  -2.990,  -6.638,  4.945,  -4.460,  -0.013,  -3.427,  2.381,  1.261,  0.063,  -0.642,  0.198,  -0.770,  0.191,  -0.162,  0.172,  0.095, 0.31, 0.17, 0.00, 0.00, 0.00, 0.77, 0.19, 0.81, 0.00, 0.24, 0.31, 0.11, 0.04, 0.00, 1.60, 0.07, 0.35, 0.00, 0.00, 0.00, 0.00, 0.00, 1.00, 0.00, 1.00, 0.00, 0.00, 0.00, 0.00, 0.00, 0.00, 1.00, 0.00, 0.00, 1.00
40,  0,  1.301,  0.98,  1,  0.300386,  0.266296,  -0.915890,  0.064463,  0.315880,  -0.946607,  0.193,  0.303,  587.1,  591.0,  600.9,  610.9,  615.3,  612.0,  601.6,  591.5,  567.9,  575.7,  585.8,  596.6,  606.9,  615.3,  621.1,  615.5,  607.0,  596.9,  586.1,  575.9,  596.6,  600.8,  604.9,  606.5,  604.7,  600.5,  596.3,  594.7,  726.2,  730.5,  741.2,  752.1,  756.8,  752.5,  741.8,  730.0,  713.7,  721.8,  731.6,  742.5,  752.2,  759.9,  765.7,  760.0,  752.3,  742.6,  731.8,  721.6,  735.3,  740.9,  746.5,  748.7,  746.3,  740.7,  735.1,  732.9,  369.4,  358.7,  354.2,  358.4,  369.0,  380.5,  384.3,  380.0,  371.9,  368.0,  365.1,  363.6,  364.6,  367.9,  372.5,  375.7,  376.9,  377.6,  377.2,  375.5,  373.9,  375.7,  373.7,  369.3,  364.8,  363.0,  365.0,  369.4,  373.4,  361.8,  356.7,  361.1,  372.4,  384.0,  389.1,  385.5,  374.5,  370.1,  367.3,  366.6,  367.6,  369.5,  372.5,  376.4,  378.9,  380.0,  379.4,  377.9,  379.0,  381.2,  378.6,  372.6,  366.8,  364.5,  367.1,  373.1,  -21.8,  -20.2,  -16.2,  -12.1,  -10.3,  -11.6,  -15.9,  -20.0,  -30.0,  -26.6,  -22.3,  -17.8,  -13.6,  -10.3,  -7.9,  -10.2,  -13.6,  -17.7,  -22.2,  -26.5,  -18.0,  -16.3,  -14.6,  -13.9,  -14.7,  -16.4,  -18.1,  -18.7,  34.7,  36.4,  40.9,  45.5,  47.5,  45.7,  41.2,  36.3,  29.7,  32.9,  36.8,  41.2,  45.4,  48.9,  51.7,  48.9,  45.4,  41.3,  36.8,  32.8,  38.6,  40.9,  43.2,  44.2,  43.1,  40.8,  38.5,  37.6,  3.9,  -0.5,  -2.4,  -0.7,  3.7,  8.5,  10.0,  8.2,  4.9,  3.3,  2.1,  1.5,  1.9,  3.3,  5.2,  6.5,  7.0,  7.2,  7.1,  6.4,  5.8,  6.5,  5.7,  3.8,  2.0,  1.3,  2.1,  3.9,  5.4,  0.7,  -1.3,  0.4,  5.0,  9.7,  11.8,  10.3,  5.9,  4.0,  2.9,  2.6,  3.1,  3.9,  5.1,  6.7,  7.6,  8.0,  7.8,  7.2,  7.7,  8.6,  7.6,  5.1,  2.8,  1.8,  2.9,  5.3,  360.4,  361.0,  362.4,  363.5,  363.9,  363.6,  361.9,  360.7,  363.8,  361.7,  360.0,  359.7,  361.1,  363.3,  365.8,  363.5,  361.2,  359.9,  360.2,  361.7,  362.4,  362.9,  363.4,  363.7,  363.5,  363.0,  362.5,  362.2,  351.8,  352.1,  353.4,  354.9,  355.7,  355.4,  354.1,  352.8,  352.8,  351.6,  351.2,  351.8,  353.6,  356.7,  359.8,  356.8,  353.8,  351.7,  351.2,  351.8,  354.0,  354.7,  355.4,  355.6,  355.2,  354.5,  353.8,  353.6,  9.1,  43.4,  373.1,  0.128,  -0.141,  0.069,  470.9,  472.1,  476.6,  484.8,  504.2,  534.0,  568.8,  610.5,  652.2,  688.2,  718.8,  744.2,  767.0,  783.3,  795.3,  806.8,  814.3,  519.5,  545.2,  579.8,  613.6,  645.8,  704.7,  734.0,  761.1,  787.7,  804.5,  675.1,  675.7,  676.2,  676.5,  633.7,  651.8,  669.9,  687.3,  703.0,  565.7,  586.4,  606.7,  623.9,  606.0,  585.7,  712.7,  731.5,  751.4,  766.8,  751.4,  732.4,  592.8,  621.7,  647.7,  667.4,  689.0,  709.8,  724.1,  708.0,  687.5,  664.4,  642.8,  617.6,  605.0,  645.8,  665.8,  687.6,  714.4,  686.9,  664.9,  644.2,  337.0,  387.6,  436.9,  484.9,  532.7,  575.5,  612.6,  639.5,  646.3,  637.9,  612.6,  581.1,  544.6,  503.5,  459.5,  413.0,  363.8,  346.8,  327.1,  323.5,  330.3,  342.2,  342.1,  330.7,  326.3,  329.1,  345.1,  371.2,  398.7,  426.5,  455.6,  470.7,  478.0,  484.6,  478.7,  472.4,  371.5,  364.9,  364.0,  372.4,  377.3,  377.3,  374.2,  366.4,  367.2,  374.0,  379.9,  379.3,  530.6,  518.7,  513.9,  519.3,  515.3,  521.2,  533.7,  556.4,  567.9,  570.6,  567.9,  556.4,  531.6,  529.0,  531.6,  529.7,  535.0,  543.4,  546.2,  543.3,  -77.0,  -77.4,  -76.6,  -73.3,  -63.7,  -49.2,  -32.4,  -13.2,  5.5,  22.2,  37.8,  51.3,  62.9,  70.5,  75.1,  79.7,  83.1,  -50.5,  -38.9,  -24.4,  -10.6,  2.3,  26.5,  39.1,  51.3,  64.0,  73.1,  14.3,  14.4,  14.5,  14.5,  -2.6,  4.8,  12.2,  19.6,  26.3,  -30.8,  -22.2,  -13.8,  -6.7,  -14.1,  -22.4,  31.0,  39.1,  47.9,  55.2,  48.0,  39.5,  -20.3,  -7.6,  3.2,  11.4,  20.5,  29.8,  37.1,  29.3,  20.1,  10.3,  1.2,  -9.5,  -15.0,  2.4,  10.8,  20.0,  32.6,  19.8,  10.4,  1.8,  -10.5,  12.7,  36.0,  59.0,  81.0,  100.2,  115.0,  124.8,  128.6,  128.2,  121.3,  108.8,  91.5,  70.6,  48.2,  25.3,  1.8,  -5.6,  -13.5,  -14.8,  -12.0,  -7.2,  -7.3,  -12.2,  -14.3,  -13.4,  -6.6,  4.5,  15.6,  26.6,  38.0,  45.6,  48.5,  51.1,  49.1,  47.0,  4.8,  2.0,  1.7,  5.2,  7.2,  7.2,  6.1,  2.7,  3.1,  6.1,  8.6,  8.2,  73.5,  66.1,  63.7,  66.1,  64.9,  68.9,  76.7,  84.6,  88.0,  88.5,  87.2,  83.0,  73.6,  70.5,  71.7,  71.4,  76.5,  77.4,  78.0,  76.7,  398.6,  403.6,  410.1,  413.2,  410.6,  406.6,  398.4,  390.6,  393.0,  403.7,  420.1,  430.7,  433.4,  430.4,  423.5,  418.3,  417.0,  366.8,  358.9,  354.6,  353.1,  351.8,  358.1,  364.1,  370.9,  379.1,  388.7,  355.4,  352.9,  350.0,  347.5,  360.2,  359.3,  358.8,  362.1,  365.7,  362.5,  361.7,  363.6,  365.2,  363.0,  361.8,  372.9,  373.4,  376.4,  380.7,  377.2,  374.4,  376.7,  364.6,  362.3,  363.2,  365.6,  373.8,  386.2,  377.0,  370.5,  367.6,  367.0,  369.7,  375.2,  364.8,  365.6,  368.2,  382.7,  369.5,  366.7,  366.3,  2.316,  0.255,  -0.175,  0.076,  660.960,  461.447,  -22.439,  11.035,  -5.414,  -6.692,  -9.335,  1.080,  1.581,  0.534,  13.358,  -13.328,  -11.837,  -7.147,  -0.755,  6.730,  -2.761,  6.799,  -0.511,  2.042,  -2.835,  -6.303,  3.770,  -3.946,  0.916,  -4.341,  1.687,  1.463,  0.804,  -0.759,  0.132,  -0.709,  0.233,  -0.191,  0.272,  -0.009, 0.25, 0.07, 0.00, 0.00, 0.00, 1.04, 0.33, 0.87, 0.00, 0.33, 0.31, 0.10, 0.04, 0.00, 1.91, 0.36, 0.52, 0.00, 0.00, 0.00, 0.00, 0.00, 1.00, 1.00, 1.00, 0.00, 0.00, 0.00, 0.00, 0.00, 0.00, 1.00, 0.00, 0.00, 1.00
41,  0,  1.335,  0.98,  1,  0.267590,  0.283845,  -0.920776,  -0.079133,  0.296806,  -0.951653,  0.100,  0.301,  583.0,  586.6,  596.8,  607.7,  612.8,  609.8,  599.1,  588.2,  563.6,  572.7,  583.1,  595.2,  606.4,  614.0,  619.2,  613.2,  604.5,  593.7,  582.9,  572.8,  592.2,  597.7,  603.0,  604.8,  602.2,  596.6,  591.4,  589.6,  719.5,  723.0,  733.9,  745.8,  751.8,  748.3,  737.4,  724.6,  712.0,  719.5,  729.2,  740.0,  749.5,  757.1,  763.1,  758.4,  751.4,  742.0,  730.8,  720.2,  729.8,  736.1,  741.9,  743.7,  740.5,  734.2,  728.5,  726.7,  369.6,  358.6,  354.2,  359.2,  370.4,  382.4,  385.7,  380.8,  373.8,  369.1,  366.1,  364.4,  365.5,  368.5,  372.9,  375.7,  376.3,  376.8,  376.6,  375.8,  376.2,  378.7,  376.5,  370.9,  365.1,  362.6,  364.8,  370.4,  372.6,  361.3,  356.1,  360.2,  371.2,  382.5,  387.7,  384.6,  375.1,  370.2,  367.0,  365.7,  366.5,  369.1,  372.9,  376.1,  377.7,  378.4,  378.5,  378.0,  378.8,  381.0,  378.3,  372.2,  366.4,  364.2,  367.0,  373.0,  -22.0,  -20.7,  -16.8,  -12.6,  -10.6,  -11.7,  -15.8,  -20.0,  -29.7,  -26.0,  -21.9,  -17.3,  -13.0,  -10.2,  -8.2,  -10.4,  -13.7,  -17.8,  -22.0,  -25.9,  -18.5,  -16.4,  -14.4,  -13.7,  -14.8,  -16.9,  -18.9,  -19.6,  31.3,  32.8,  37.3,  42.1,  44.3,  42.7,  38.2,  33.2,  28.4,  31.3,  35.1,  39.5,  43.4,  46.8,  49.5,  47.2,  44.0,  40.0,  35.6,  31.5,  35.4,  37.9,  40.3,  41.1,  39.9,  37.4,  35.0,  34.2,  3.7,  -0.6,  -2.2,  -0.3,  4.1,  8.7,  9.9,  8.0,  5.4,  3.5,  2.4,  1.7,  2.1,  3.3,  5.0,  6.1,  6.3,  6.5,  6.4,  6.1,  6.3,  7.2,  6.4,  4.2,  2.0,  1.0,  1.9,  4.1,  5.0,  0.5,  -1.5,  0.1,  4.4,  8.9,  10.9,  9.6,  6.0,  4.0,  2.7,  2.3,  2.6,  3.6,  5.2,  6.4,  7.0,  7.2,  7.2,  7.1,  7.4,  8.3,  7.2,  4.8,  2.5,  1.7,  2.8,  5.1,  337.6,  339.4,  341.4,  342.5,  341.9,  340.4,  338.1,  337.1,  339.5,  337.9,  337.1,  337.5,  339.2,  341.3,  343.3,  340.4,  337.6,  336.1,  336.3,  337.4,  339.2,  339.7,  340.7,  341.6,  341.9,  341.4,  340.4,  339.5,  343.9,  345.6,  347.1,  347.6,  346.8,  345.1,  343.6,  343.2,  344.5,  344.1,  344.3,  345.1,  346.7,  349.5,  352.1,  349.0,  345.8,  343.5,  342.8,  343.4,  345.0,  345.3,  346.1,  347.0,  347.4,  347.1,  346.3,  345.4,  8.9,  44.1,  370.1,  0.127,  -0.135,  0.057,  470.3,  471.8,  477.5,  487.7,  509.3,  540.2,  574.1,  614.0,  654.5,  689.1,  718.4,  743.1,  765.8,  782.6,  794.6,  806.0,  812.8,  518.6,  546.0,  580.8,  614.0,  645.5,  704.0,  733.2,  760.7,  787.5,  803.7,  674.4,  675.0,  675.7,  676.4,  633.2,  651.4,  669.9,  687.7,  703.4,  562.8,  583.6,  604.3,  622.2,  603.5,  582.9,  710.7,  729.5,  749.4,  765.3,  749.5,  730.3,  595.0,  622.5,  648.7,  667.6,  687.7,  707.9,  721.2,  706.0,  685.7,  663.8,  642.9,  618.0,  607.1,  647.0,  666.1,  686.4,  711.1,  685.4,  664.6,  644.8,  336.2,  390.0,  443.3,  494.0,  543.1,  585.6,  621.3,  646.1,  651.7,  642.9,  617.1,  584.0,  546.4,  504.2,  459.5,  411.6,  361.6,  345.6,  326.9,  324.3,  331.0,  342.8,  342.5,  331.6,  326.8,  329.2,  345.4,  371.0,  399.0,  427.1,  456.6,  471.1,  478.5,  485.2,  478.9,  471.9,  371.9,  365.5,  364.5,  372.5,  377.4,  377.6,  373.9,  366.3,  367.1,  373.4,  379.4,  378.7,  535.7,  520.5,  514.0,  519.3,  515.1,  522.4,  537.3,  562.9,  575.3,  578.0,  575.6,  563.3,  536.4,  529.6,  531.8,  530.0,  538.5,  548.9,  551.7,  549.1,  -76.7,  -77.2,  -76.0,  -71.9,  -61.3,  -46.4,  -30.0,  -11.6,  6.5,  22.6,  37.5,  50.4,  61.7,  69.2,  73.7,  78.1,  80.9,  -50.3,  -38.2,  -23.8,  -10.4,  2.2,  25.9,  38.5,  50.8,  63.6,  72.6,  13.8,  14.0,  14.1,  14.3,  -2.8,  4.6,  12.1,  19.5,  26.2,  -31.7,  -23.1,  -14.7,  -7.4,  -15.0,  -23.4,  29.8,  37.9,  46.7,  54.1,  46.8,  38.3,  -19.3,  -7.2,  3.6,  11.3,  19.7,  28.7,  35.5,  28.2,  19.3,  9.9,  1.2,  -9.3,  -14.0,  2.9,  10.8,  19.3,  30.8,  19.0,  10.2,  2.0,  -10.8,  13.8,  39.0,  63.2,  85.8,  104.8,  118.9,  127.5,  130.7,  130.0,  122.8,  109.5,  91.5,  70.0,  47.4,  24.3,  0.7,  -6.0,  -13.4,  -14.4,  -11.6,  -6.9,  -7.1,  -11.7,  -14.0,  -13.3,  -6.5,  4.4,  15.6,  26.6,  38.0,  45.2,  48.1,  50.7,  48.6,  46.3,  4.9,  2.2,  1.8,  5.2,  7.1,  7.2,  5.9,  2.7,  3.1,  5.8,  8.3,  7.9,  75.2,  66.3,  63.1,  65.4,  64.1,  68.7,  77.5,  86.8,  90.7,  91.2,  90.1,  85.6,  75.2,  70.1,  71.1,  70.8,  77.4,  79.3,  79.9,  78.8,  395.5,  401.8,  409.3,  412.7,  410.3,  406.4,  398.1,  390.1,  392.0,  402.3,  418.0,  427.8,  429.4,  424.7,  417.0,  411.4,  409.4,  362.6,  355.4,  351.5,  350.1,  348.3,  353.9,  361.1,  368.2,  377.2,  387.8,  352.1,  349.6,  346.7,  344.4,  356.3,  355.1,  354.5,  358.0,  361.7,  359.5,  358.9,  360.5,  361.6,  359.7,  358.6,  369.3,  370.3,  373.4,  377.7,  373.8,  370.9,  374.6,  361.6,  358.6,  359.2,  361.5,  370.0,  382.6,  374.2,  368.7,  366.2,  365.7,  368.2,  372.9,  361.5,  362.0,  364.4,  379.5,  367.3,  364.8,  364.6,  2.334,  0.258,  -0.163,  0.063,  660.686,  463.638,  -27.582,  18.333,  -2.530,  1.217,  -8.571,  -1.761,  3.888,  -0.377,  12.845,  -19.544,  -8.474,  -7.193,  -0.627,  5.814,  -1.588,  9.211,  0.232,  -0.788,  -3.527,  -5.843,  3.962,  -2.456,  1.888,  -3.904,  0.419,  1.935,  0.635,  -0.541,  -0.199,  -0.916,  0.235,  0.054,  0.257,  -0.137, 0.16, 0.00, 0.08, 0.00, 0.00, 0.97, 0.46, 1.00, 0.00, 0.38, 0.27, 0.18, 0.00, 0.00, 2.16, 0.92, 0.59, 0.00, 0.00, 0.00, 0.00, 0.00, 1.00, 1.00, 1.00, 0.00, 0.00, 0.00, 0.00, 0.00, 0.00, 1.00, 1.00, 0.00, 1.00
42,  0,  1.368,  0.98,  1,  0.223936,  0.301781,  -0.926704,  -0.058528,  0.288905,  -0.955567,  0.088,  0.304,  580.0,  583.6,  594.1,  605.3,  610.7,  607.7,  596.6,  585.4,  562.5,  571.3,  581.5,  593.5,  604.9,  612.6,  617.9,  611.3,  602.6,  591.9,  581.3,  571.4,  589.9,  595.3,  600.4,  602.2,  599.6,  594.1,  589.1,  587.3,  720.8,  724.7,  735.0,  745.7,  750.5,  746.6,  736.3,  724.8,  712.6,  719.3,  728.0,  739.1,  749.3,  757.1,  762.6,  757.1,  749.8,  740.5,  729.9,  720.2,  729.7,  735.7,  741.5,  743.7,  741.0,  734.9,  729.1,  726.9,  371.4,  360.1,  355.5,  360.2,  371.6,  383.9,  387.5,  382.7,  375.0,  369.6,  366.4,  364.4,  365.6,  369.0,  374.6,  377.0,  377.5,  377.9,  377.6,  376.8,  377.6,  379.9,  377.7,  372.3,  366.8,  364.5,  366.7,  372.2,  373.0,  362.1,  357.2,  361.1,  371.6,  382.4,  387.3,  384.2,  376.4,  371.3,  367.7,  366.1,  367.2,  369.6,  373.4,  376.6,  378.5,  379.5,  379.5,  378.8,  378.7,  380.9,  378.1,  371.9,  366.0,  363.7,  366.5,  372.7,  -23.2,  -22.0,  -18.0,  -13.6,  -11.5,  -12.6,  -16.8,  -21.1,  -30.1,  -26.6,  -22.6,  -18.0,  -13.6,  -10.7,  -8.7,  -11.2,  -14.5,  -18.5,  -22.6,  -26.5,  -19.5,  -17.4,  -15.5,  -14.8,  -15.9,  -18.0,  -19.9,  -20.5,  33.4,  35.0,  39.3,  43.8,  45.8,  44.2,  39.9,  35.1,  30.1,  32.7,  36.3,  40.9,  45.3,  48.9,  51.6,  48.9,  45.6,  41.5,  37.1,  33.1,  37.2,  39.7,  42.2,  43.1,  41.9,  39.4,  36.9,  36.0,  4.4,  0.0,  -1.8,  0.1,  4.5,  9.3,  10.7,  8.8,  5.8,  3.7,  2.5,  1.7,  2.2,  3.5,  5.7,  6.6,  6.8,  6.9,  6.8,  6.5,  6.9,  7.8,  6.9,  4.8,  2.7,  1.8,  2.6,  4.7,  5.3,  0.9,  -1.2,  0.5,  4.8,  9.3,  11.3,  10.0,  6.8,  4.6,  3.2,  2.5,  3.0,  4.0,  5.6,  6.9,  7.7,  8.1,  8.0,  7.8,  7.7,  8.7,  7.5,  5.0,  2.5,  1.5,  2.7,  5.3,  339.1,  340.9,  342.7,  343.5,  342.7,  341.2,  339.1,  338.3,  340.5,  338.9,  338.1,  338.4,  339.9,  341.8,  343.5,  340.7,  338.1,  336.8,  337.2,  338.5,  340.5,  340.8,  341.7,  342.6,  342.9,  342.6,  341.7,  340.8,  361.1,  361.4,  362.1,  362.8,  363.1,  362.8,  362.1,  361.7,  362.4,  361.2,  360.5,  360.9,  362.7,  365.6,  368.6,  365.6,  362.9,  361.0,  360.6,  361.3,  362.6,  363.0,  363.4,  363.6,  363.4,  363.0,  362.6,  362.4,  8.4,  44.6,  370.5,  0.127,  -0.141,  0.067,  470.3,  471.5,  476.8,  485.7,  505.4,  535.4,  568.3,  609.7,  651.0,  686.4,  716.6,  741.9,  764.7,  781.7,  793.9,  805.8,  813.3,  517.9,  545.1,  580.4,  613.6,  645.0,  703.8,  733.2,  760.5,  786.9,  803.0,  674.7,  675.8,  676.8,  677.7,  634.3,  652.1,  669.9,  687.2,  702.4,  561.8,  582.1,  603.1,  620.7,  602.0,  581.1,  710.6,  729.0,  748.9,  764.1,  748.9,  729.8,  597.3,  623.7,  648.4,  666.4,  685.5,  704.4,  716.0,  701.6,  682.2,  661.4,  641.5,  618.6,  610.1,  646.0,  664.5,  683.7,  705.9,  682.5,  662.9,  643.9,  336.8,  388.1,  439.0,  488.3,  538.6,  583.7,  622.2,  650.1,  657.0,  647.7,  620.2,  585.3,  547.2,  505.2,  461.0,  414.0,  365.6,  347.2,  328.2,  325.4,  332.4,  344.0,  344.0,  333.2,  328.4,  330.1,  345.8,  372.9,  400.5,  428.2,  457.5,  472.8,  479.9,  486.4,  480.8,  474.2,  372.9,  366.1,  365.1,  373.5,  378.9,  378.9,  374.3,  366.7,  367.6,  374.2,  380.4,  379.7,  541.2,  523.8,  515.9,  521.4,  517.5,  526.1,  543.8,  565.0,  574.4,  576.4,  574.1,  564.1,  541.5,  533.3,  535.4,  534.3,  544.2,  546.9,  549.4,  547.1,  -76.4,  -77.3,  -76.4,  -72.8,  -63.1,  -48.6,  -32.7,  -13.6,  4.9,  21.3,  36.5,  49.7,  61.2,  68.8,  73.4,  77.8,  80.6,  -50.4,  -38.4,  -23.9,  -10.6,  2.0,  25.9,  38.6,  50.8,  63.4,  72.2,  14.0,  14.4,  14.7,  14.9,  -2.3,  4.9,  12.2,  19.4,  25.9,  -32.1,  -23.7,  -15.2,  -8.0,  -15.6,  -24.1,  29.9,  37.8,  46.6,  53.7,  46.7,  38.2,  -18.2,  -6.7,  3.4,  10.9,  18.8,  27.2,  33.1,  26.3,  17.8,  9.0,  0.6,  -9.0,  -12.7,  2.5,  10.1,  18.2,  28.5,  17.8,  9.5,  1.6,  -10.4,  12.9,  37.0,  60.5,  83.7,  103.9,  119.7,  129.9,  133.5,  132.4,  124.1,  110.0,  91.8,  70.5,  48.1,  25.4,  2.6,  -5.3,  -12.9,  -13.9,  -11.0,  -6.4,  -6.5,  -11.1,  -13.3,  -12.9,  -6.3,  5.2,  16.2,  27.2,  38.7,  46.2,  49.0,  51.5,  49.6,  47.3,  5.3,  2.5,  2.1,  5.6,  7.8,  7.7,  6.1,  2.8,  3.2,  6.1,  8.8,  8.4,  77.2,  67.5,  63.9,  66.3,  65.1,  70.2,  80.1,  87.5,  90.4,  90.6,  89.4,  85.6,  76.9,  71.7,  72.7,  72.7,  79.6,  78.4,  78.9,  77.8,  393.9,  401.2,  409.4,  412.9,  410.3,  406.3,  399.5,  391.8,  393.1,  402.7,  417.4,  427.3,  429.4,  424.6,  417.1,  410.6,  407.0,  360.9,  354.2,  350.6,  349.9,  349.3,  355.5,  362.3,  368.6,  377.3,  387.8,  352.6,  350.6,  348.5,  346.8,  358.3,  357.3,  356.6,  359.5,  362.6,  358.9,  358.4,  360.0,  361.1,  359.3,  358.6,  370.5,  371.4,  374.5,  378.7,  375.3,  372.3,  372.9,  360.8,  358.6,  359.5,  361.6,  369.5,  381.4,  373.6,  368.7,  366.3,  365.6,  367.1,  371.0,  361.9,  362.7,  365.0,  378.0,  366.9,  364.5,  364.0,  2.333,  0.261,  -0.166,  0.072,  659.523,  464.944,  -28.757,  19.470,  -11.208,  1.302,  -12.274,  -3.724,  3.487,  -0.239,  15.358,  -20.919,  -8.633,  -4.549,  -1.770,  7.638,  1.713,  7.490,  -1.116,  0.473,  -2.748,  -5.356,  0.491,  -3.324,  4.122,  -4.242,  -1.153,  0.098,  1.184,  0.088,  -0.440,  -0.912,  0.488,  -0.115,  0.243,  -0.177, 0.19, 0.09, 0.15, 0.00, 0.00, 0.83, 0.49, 1.02, 0.00, 0.41, 0.21, 0.34, 0.00, 0.00, 2.44, 1.55, 0.69, 0.00, 0.00, 0.00, 0.00, 0.00, 1.00, 1.00, 1.00, 0.00, 0.00, 0.00, 0.00, 0.00, 0.00, 1.00, 1.00, 0.00, 1.00
43,  0,  1.401,  0.98,  1,  0.233259,  0.298837,  -0.925358,  -0.045801,  0.296458,  -0.953947,  0.099,  0.307,  581.1,  585.1,  595.9,  607.1,  612.1,  608.7,  597.3,  586.1,  564.2,  572.3,  582.0,  594.2,  605.9,  613.9,  619.5,  612.2,  602.9,  592.0,  581.7,  572.4,  591.2,  596.5,  601.7,  603.6,  601.2,  595.9,  590.7,  588.8,  721.9,  725.9,  736.0,  746.5,  751.2,  747.3,  737.1,  725.8,  713.0,  719.5,  728.3,  739.6,  750.3,  758.2,  763.5,  758.0,  750.6,  741.1,  730.4,  720.6,  730.8,  736.5,  742.0,  744.1,  741.6,  735.9,  730.4,  728.3,  372.3,  361.2,  356.6,  361.3,  372.5,  384.7,  388.3,  383.6,  376.3,  370.2,  366.6,  364.3,  365.7,  369.6,  375.9,  378.2,  378.7,  379.1,  378.7,  377.9,  378.4,  380.7,  378.5,  373.2,  367.8,  365.6,  367.8,  373.1,  373.5,  362.8,  357.9,  361.7,  372.0,  382.8,  387.7,  384.6,  377.1,  371.6,  367.8,  366.0,  367.0,  369.4,  373.4,  377.0,  379.1,  380.3,  380.2,  379.5,  378.7,  380.8,  378.1,  372.3,  366.7,  364.6,  367.2,  373.1,  -23.0,  -21.6,  -17.4,  -13.0,  -11.0,  -12.3,  -16.7,  -21.0,  -29.8,  -26.5,  -22.6,  -17.9,  -13.3,  -10.2,  -8.1,  -10.9,  -14.4,  -18.6,  -22.7,  -26.4,  -19.1,  -17.0,  -15.1,  -14.3,  -15.3,  -17.4,  -19.4,  -20.1,  33.6,  35.2,  39.5,  43.9,  45.9,  44.3,  40.0,  35.3,  30.1,  32.6,  36.2,  40.8,  45.4,  49.1,  51.8,  49.1,  45.6,  41.5,  37.1,  33.1,  37.4,  39.8,  42.1,  43.0,  41.9,  39.5,  37.2,  36.4,  4.8,  0.5,  -1.4,  0.5,  4.9,  9.7,  11.0,  9.2,  6.4,  4.0,  2.6,  1.7,  2.2,  3.8,  6.3,  7.1,  7.3,  7.4,  7.3,  7.0,  7.2,  8.1,  7.3,  5.2,  3.1,  2.2,  3.1,  5.1,  5.6,  1.1,  -0.9,  0.7,  5.0,  9.4,  11.4,  10.1,  7.1,  4.8,  3.2,  2.4,  2.9,  3.9,  5.6,  7.1,  7.9,  8.3,  8.3,  8.0,  7.7,  8.6,  7.5,  5.1,  2.7,  1.9,  3.0,  5.4,  342.2,  343.8,  345.1,  345.3,  344.4,  343.0,  341.5,  341.2,  344.2,  342.4,  341.2,  340.9,  341.9,  343.4,  344.7,  342.3,  340.1,  339.3,  340.2,  341.9,  343.1,  343.2,  343.8,  344.6,  345.1,  345.0,  344.3,  343.6,  359.1,  359.0,  359.5,  360.3,  361.0,  361.1,  360.6,  360.0,  360.6,  359.1,  358.2,  358.4,  360.4,  363.5,  366.8,  363.8,  361.2,  359.3,  358.8,  359.5,  360.7,  361.2,  361.5,  361.4,  361.1,  360.6,  360.3,  360.4,  8.8,  45.2,  370.8,  0.135,  -0.149,  0.070,  470.9,  471.8,  476.9,  485.6,  504.9,  535.1,  569.3,  612.2,  653.5,  687.8,  716.9,  741.3,  763.9,  780.8,  793.3,  805.6,  813.4,  519.0,  546.0,  581.1,  614.2,  645.7,  704.7,  733.9,  761.1,  787.4,  803.5,  675.6,  676.9,  678.0,  679.1,  636.3,  653.8,  671.2,  688.1,  703.0,  562.6,  582.8,  604.2,  621.9,  603.1,  581.9,  711.1,  729.4,  749.6,  764.9,  749.7,  730.3,  599.1,  625.2,  650.2,  668.2,  687.1,  706.2,  717.3,  703.1,  683.4,  662.8,  642.7,  619.7,  612.2,  647.5,  666.1,  685.0,  707.1,  683.6,  664.2,  645.2,  337.8,  388.2,  438.1,  486.9,  537.1,  582.8,  622.2,  650.7,  657.7,  648.1,  620.7,  586.5,  549.3,  508.2,  464.2,  417.1,  368.7,  348.9,  329.7,  326.8,  333.6,  345.0,  345.0,  334.0,  329.3,  330.9,  346.5,  374.1,  401.8,  429.7,  459.1,  474.5,  481.2,  487.3,  481.8,  475.4,  373.9,  366.5,  365.6,  374.7,  380.1,  380.0,  375.0,  366.7,  367.4,  374.3,  380.9,  380.3,  543.0,  524.6,  516.1,  521.5,  517.5,  526.8,  545.5,  568.3,  578.4,  580.4,  578.1,  567.7,  543.1,  534.4,  536.4,  535.3,  546.0,  549.2,  551.6,  549.4,  -75.6,  -76.8,  -76.1,  -72.7,  -63.3,  -48.7,  -32.2,  -12.5,  6.1,  22.1,  36.8,  49.6,  60.9,  68.5,  73.2,  77.7,  80.4,  -49.6,  -37.9,  -23.5,  -10.3,  2.3,  26.3,  38.9,  50.9,  63.4,  72.2,  14.3,  14.8,  15.2,  15.6,  -1.5,  5.7,  12.7,  19.8,  26.1,  -31.6,  -23.4,  -14.7,  -7.4,  -15.1,  -23.8,  30.1,  37.9,  46.9,  54.0,  47.0,  38.4,  -17.4,  -6.1,  4.2,  11.6,  19.4,  27.9,  33.7,  27.0,  18.4,  9.6,  1.2,  -8.5,  -11.8,  3.1,  10.8,  18.8,  28.9,  18.3,  10.1,  2.2,  -9.9,  12.9,  36.4,  59.8,  82.9,  103.3,  119.6,  130.2,  133.9,  132.9,  124.6,  110.9,  93.2,  72.1,  49.7,  26.8,  4.0,  -4.5,  -12.2,  -13.2,  -10.5,  -6.0,  -6.1,  -10.8,  -12.9,  -12.5,  -6.0,  5.7,  16.7,  27.8,  39.4,  46.9,  49.6,  52.0,  50.2,  47.9,  5.7,  2.7,  2.3,  6.1,  8.2,  8.2,  6.4,  2.8,  3.2,  6.2,  9.0,  8.6,  77.9,  67.7,  63.9,  66.3,  65.0,  70.3,  80.8,  89.1,  92.3,  92.6,  91.4,  87.2,  77.6,  72.2,  73.1,  73.1,  80.2,  79.5,  80.0,  78.9,  391.3,  399.3,  408.1,  412.1,  409.9,  405.9,  399.2,  391.8,  393.7,  403.7,  418.3,  428.2,  430.5,  425.8,  417.7,  410.4,  405.6,  358.9,  352.6,  349.4,  349.1,  348.9,  355.4,  361.9,  368.0,  376.4,  386.6,  352.3,  350.7,  349.0,  347.8,  358.7,  358.0,  357.5,  360.3,  363.1,  357.8,  357.4,  359.1,  360.3,  358.7,  357.9,  370.1,  370.9,  374.2,  378.4,  375.2,  372.1,  372.5,  360.1,  358.0,  359.1,  361.1,  369.0,  380.9,  374.3,  369.9,  367.5,  366.7,  367.6,  370.8,  362.0,  362.8,  365.1,  377.5,  367.7,  365.3,  364.6,  2.334,  0.272,  -0.176,  0.075,  660.434,  466.138,  -31.063,  18.641,  -12.150,  1.439,  -13.491,  -5.662,  5.370,  3.735,  16.044,  -21.594,  -8.589,  -6.215,  -0.263,  8.474,  1.909,  8.154,  -0.631,  1.430,  -2.032,  -4.754,  0.117,  -3.883,  4.068,  -3.439,  -1.996,  -0.234,  1.123,  -0.114,  -0.427,  -0.832,  0.398,  -0.122,  0.117,  -0.185, 0.28, 0.09, 0.19, 0.00, 0.00, 0.64, 0.42, 1.05, 0.00, 0.41, 0.30, 0.37, 0.00, 0.00, 2.52, 1.69, 0.68, 0.00, 0.00, 0.00, 0.00, 0.00, 1.00, 1.00, 1.00, 0.00, 0.00, 0.00, 0.00, 0.00, 0.00, 1.00, 1.00, 0.00, 1.00
44,  0,  1.435,  0.98,  1,  0.235417,  0.281536,  -0.930224,  -0.039920,  0.263934,  -0.963714,  0.103,  0.280,  581.7,  585.9,  596.9,  608.2,  613.2,  609.7,  598.1,  586.8,  565.1,  573.3,  583.1,  595.2,  607.0,  615.1,  620.8,  613.5,  604.2,  593.3,  582.9,  573.6,  591.7,  597.4,  602.9,  605.0,  602.5,  596.8,  591.3,  589.2,  723.4,  727.4,  737.4,  747.8,  752.3,  748.3,  738.2,  727.1,  714.7,  721.0,  729.8,  741.0,  751.5,  759.5,  764.7,  759.2,  751.5,  742.0,  731.5,  721.9,  732.5,  737.8,  742.9,  744.9,  742.6,  737.3,  732.2,  730.2,  372.0,  360.8,  356.2,  361.0,  372.4,  384.7,  388.2,  383.4,  376.4,  370.4,  366.7,  364.4,  365.8,  369.7,  376.1,  378.2,  378.7,  379.2,  378.8,  378.1,  378.5,  380.9,  378.6,  373.0,  367.4,  365.0,  367.2,  372.8,  371.9,  361.4,  356.7,  360.5,  370.7,  381.2,  386.0,  382.8,  376.6,  370.8,  366.7,  364.8,  365.8,  368.2,  372.4,  376.2,  378.6,  379.8,  379.7,  379.0,  376.7,  378.6,  376.2,  370.8,  365.7,  363.7,  366.1,  371.5,  -22.5,  -21.0,  -16.8,  -12.4,  -10.4,  -11.7,  -16.2,  -20.5,  -29.1,  -25.8,  -21.9,  -17.2,  -12.7,  -9.7,  -7.5,  -10.3,  -13.8,  -17.9,  -21.9,  -25.7,  -18.7,  -16.5,  -14.4,  -13.6,  -14.6,  -16.8,  -18.9,  -19.7,  34.6,  36.2,  40.5,  44.8,  46.8,  45.2,  40.9,  36.3,  31.1,  33.6,  37.1,  41.8,  46.4,  50.1,  52.8,  50.1,  46.5,  42.3,  38.0,  34.1,  38.6,  40.8,  42.9,  43.8,  42.8,  40.5,  38.4,  37.6,  4.6,  0.3,  -1.5,  0.4,  4.8,  9.6,  10.9,  9.0,  6.4,  4.0,  2.6,  1.7,  2.2,  3.7,  6.3,  7.0,  7.2,  7.4,  7.2,  7.0,  7.2,  8.1,  7.2,  5.1,  2.9,  1.9,  2.8,  5.0,  5.0,  0.6,  -1.4,  0.2,  4.5,  8.9,  10.8,  9.5,  6.9,  4.5,  2.8,  2.0,  2.4,  3.5,  5.2,  6.8,  7.8,  8.2,  8.2,  7.9,  6.9,  7.8,  6.8,  4.5,  2.4,  1.5,  2.5,  4.8,  338.2,  339.8,  341.1,  341.3,  340.3,  339.0,  337.4,  337.2,  340.2,  338.4,  337.1,  336.9,  337.9,  339.4,  340.7,  338.3,  336.2,  335.3,  336.1,  337.9,  339.0,  339.1,  339.8,  340.6,  341.1,  341.0,  340.4,  339.6,  363.1,  362.9,  363.2,  364.0,  364.7,  365.0,  364.6,  364.1,  364.8,  363.2,  362.1,  362.1,  364.0,  367.2,  370.4,  367.7,  365.1,  363.3,  363.0,  363.8,  364.7,  365.1,  365.3,  365.2,  364.8,  364.4,  364.2,  364.3,  9.9,  45.3,  370.8,  0.134,  -0.157,  0.056,  471.0,  472.3,  478.3,  488.4,  509.9,  541.5,  576.3,  617.6,  658.3,  691.9,  719.9,  743.5,  765.7,  782.4,  794.4,  805.8,  812.4,  520.1,  548.3,  583.4,  616.6,  648.1,  706.4,  735.4,  762.6,  788.8,  803.9,  677.3,  678.5,  679.8,  681.1,  637.9,  655.9,  673.8,  691.1,  706.2,  563.5,  584.0,  605.4,  623.2,  604.4,  583.0,  712.3,  730.5,  750.8,  766.4,  751.1,  731.6,  601.1,  627.7,  653.5,  671.8,  690.9,  710.4,  722.1,  708.1,  688.3,  667.2,  646.8,  622.7,  613.8,  651.4,  670.1,  689.4,  711.8,  688.2,  668.3,  649.0,  339.2,  392.6,  445.6,  495.7,  544.9,  587.5,  623.0,  648.0,  653.8,  644.9,  618.6,  585.1,  548.0,  506.5,  462.7,  415.3,  366.3,  348.8,  330.2,  327.5,  333.9,  345.2,  344.6,  333.5,  328.5,  330.1,  345.7,  373.4,  401.5,  429.7,  459.3,  474.7,  481.5,  487.6,  481.5,  474.5,  374.3,  366.6,  365.6,  374.9,  380.0,  380.1,  374.9,  365.8,  366.3,  373.3,  379.9,  379.5,  542.5,  524.3,  516.0,  521.2,  516.8,  525.2,  542.9,  567.8,  579.9,  582.4,  580.4,  568.9,  542.5,  533.4,  535.1,  533.7,  543.7,  551.3,  554.1,  552.0,  -75.5,  -76.4,  -75.4,  -71.3,  -60.9,  -45.7,  -29.0,  -10.0,  8.2,  23.9,  38.2,  50.7,  61.9,  69.2,  73.6,  77.8,  80.2,  -49.1,  -36.9,  -22.6,  -9.3,  3.2,  26.9,  39.5,  51.7,  64.2,  72.8,  15.0,  15.4,  15.8,  16.3,  -0.9,  6.5,  13.8,  21.0,  27.4,  -31.3,  -22.9,  -14.2,  -6.9,  -14.6,  -23.3,  30.5,  38.4,  47.4,  54.7,  47.6,  38.9,  -16.6,  -5.1,  5.5,  13.1,  21.0,  29.8,  35.8,  29.2,  20.5,  11.4,  2.9,  -7.3,  -11.1,  4.7,  12.5,  20.6,  31.1,  20.3,  11.8,  3.8,  -9.3,  14.9,  39.9,  63.9,  86.6,  105.5,  119.7,  128.6,  131.8,  131.2,  123.7,  110.3,  92.6,  71.3,  49.0,  25.9,  2.9,  -4.6,  -12.0,  -13.0,  -10.4,  -5.9,  -6.2,  -10.9,  -13.3,  -12.9,  -6.3,  5.4,  16.6,  27.7,  39.3,  46.9,  49.5,  51.9,  49.9,  47.4,  5.8,  2.7,  2.3,  6.1,  8.2,  8.2,  6.3,  2.4,  2.7,  5.8,  8.5,  8.3,  77.8,  67.7,  63.8,  66.1,  64.7,  69.8,  79.8,  89.1,  93.1,  93.6,  92.5,  88.0,  77.5,  71.7,  72.5,  72.4,  79.5,  80.6,  81.2,  80.1,  391.0,  398.9,  407.7,  411.9,  409.9,  405.9,  398.3,  390.8,  392.6,  403.0,  418.5,  428.8,  430.7,  425.6,  417.3,  410.8,  407.0,  358.5,  352.2,  349.4,  348.7,  347.9,  354.7,  362.0,  368.8,  377.7,  388.4,  352.2,  350.4,  348.3,  346.7,  357.4,  356.5,  356.0,  359.2,  362.5,  357.4,  356.9,  358.6,  360.1,  358.3,  357.2,  369.9,  370.9,  374.3,  378.8,  375.0,  371.9,  373.2,  360.6,  358.0,  358.9,  361.2,  369.8,  382.0,  375.3,  370.6,  368.1,  367.2,  368.5,  371.5,  361.7,  362.4,  365.0,  378.8,  368.4,  365.9,  365.3,  2.334,  0.269,  -0.188,  0.062,  662.992,  466.250,  -31.726,  20.454,  -7.474,  2.270,  -9.629,  -4.665,  5.227,  3.798,  15.141,  -21.132,  -6.637,  -6.832,  0.805,  7.877,  0.377,  10.056,  0.517,  -1.150,  -2.413,  -4.827,  2.758,  -2.190,  2.976,  -2.649,  -0.658,  0.515,  0.162,  -0.145,  -0.514,  -0.880,  0.127,  -0.091,  0.180,  0.015, 0.35, 0.09, 0.10, 0.00, 0.00, 0.71, 0.30, 0.94, 0.00, 0.30, 0.48, 0.26, 0.05, 0.00, 2.37, 1.24, 0.58, 0.00, 0.00, 0.00, 0.00, 0.00, 1.00, 1.00, 1.00, 0.00, 0.00, 1.00, 0.00, 0.00, 0.00, 1.00, 1.00, 0.00, 1.00
45,  0,  1.468,  0.98,  1,  0.246896,  0.268143,  -0.931204,  -0.047914,  0.239281,  -0.969768,  0.104,  0.261,  583.2,  587.7,  599.1,  610.6,  615.5,  611.8,  599.6,  588.1,  568.2,  575.4,  584.7,  596.4,  608.5,  617.3,  623.6,  615.4,  605.4,  594.4,  584.3,  575.5,  594.1,  599.4,  604.8,  606.9,  604.6,  599.3,  594.0,  591.8,  724.5,  728.4,  738.4,  748.6,  753.2,  749.3,  739.3,  728.2,  716.1,  722.8,  731.7,  742.6,  752.7,  760.4,  765.3,  759.9,  752.2,  742.6,  732.5,  723.1,  733.8,  738.7,  743.6,  745.5,  743.3,  738.3,  733.5,  731.6,  372.7,  361.0,  356.0,  360.6,  372.0,  384.7,  388.7,  384.2,  376.2,  370.5,  366.8,  364.7,  366.1,  370.2,  377.0,  378.7,  379.0,  379.2,  378.7,  377.9,  378.5,  380.7,  378.3,  372.9,  367.6,  365.4,  367.8,  373.2,  371.4,  360.9,  356.1,  359.8,  369.9,  380.4,  385.2,  382.1,  376.2,  369.9,  365.6,  363.8,  365.0,  367.5,  371.8,  375.7,  378.2,  379.4,  379.2,  378.4,  375.7,  377.5,  375.1,  370.1,  365.2,  363.4,  365.7,  370.8,  -22.0,  -20.3,  -15.9,  -11.4,  -9.5,  -10.9,  -15.6,  -20.0,  -28.1,  -25.1,  -21.3,  -16.8,  -12.1,  -8.8,  -6.3,  -9.5,  -13.3,  -17.5,  -21.4,  -25.0,  -17.8,  -15.7,  -13.7,  -12.9,  -13.8,  -15.9,  -17.9,  -18.7,  35.4,  37.0,  41.2,  45.6,  47.6,  46.0,  41.8,  37.1,  32.0,  34.7,  38.3,  42.9,  47.3,  51.0,  53.6,  50.9,  47.3,  43.1,  38.8,  34.9,  39.5,  41.6,  43.7,  44.4,  43.5,  41.3,  39.3,  38.5,  4.9,  0.4,  -1.6,  0.2,  4.7,  9.5,  11.1,  9.3,  6.3,  4.1,  2.6,  1.8,  2.4,  4.0,  6.6,  7.2,  7.3,  7.4,  7.2,  6.9,  7.2,  8.0,  7.1,  5.0,  2.9,  2.1,  3.0,  5.1,  4.8,  0.4,  -1.6,  -0.1,  4.2,  8.6,  10.6,  9.3,  6.8,  4.2,  2.3,  1.6,  2.1,  3.2,  5.0,  6.7,  7.7,  8.1,  8.1,  7.7,  6.6,  7.4,  6.4,  4.2,  2.2,  1.4,  2.4,  4.5,  339.0,  340.2,  340.7,  340.2,  339.0,  338.0,  337.3,  337.8,  341.8,  339.6,  337.6,  336.6,  336.9,  337.8,  338.8,  337.1,  335.6,  335.4,  336.8,  339.1,  339.2,  339.0,  339.3,  339.8,  340.4,  340.6,  340.4,  339.8,  366.6,  366.2,  366.6,  367.4,  368.3,  368.7,  368.3,  367.7,  368.3,  366.5,  365.5,  365.6,  367.5,  370.8,  374.0,  371.4,  368.7,  367.0,  366.6,  367.4,  368.3,  368.7,  368.9,  368.7,  368.3,  367.9,  367.7,  367.9,  11.6,  45.1,  373.4,  0.117,  -0.160,  0.032,  467.4,  471.8,  480.5,  493.2,  517.6,  551.0,  586.0,  626.7,  667.8,  701.6,  728.9,  750.8,  771.3,  785.9,  796.6,  806.8,  811.9,  519.0,  549.2,  584.9,  618.6,  650.9,  707.2,  736.2,  763.6,  790.0,  805.8,  679.1,  680.2,  681.6,  683.2,  638.6,  658.0,  677.3,  695.4,  711.1,  565.2,  586.0,  607.5,  625.0,  606.5,  584.9,  713.5,  731.5,  752.0,  767.9,  752.3,  732.8,  600.3,  630.1,  656.7,  676.4,  697.1,  717.6,  731.6,  717.8,  698.2,  676.0,  654.3,  627.5,  612.8,  655.9,  675.7,  696.7,  721.2,  697.3,  676.1,  655.6,  342.3,  397.9,  452.9,  503.7,  551.0,  590.3,  621.6,  642.5,  645.9,  637.3,  612.2,  580.4,  544.1,  503.8,  461.6,  416.0,  368.5,  348.7,  331.0,  328.3,  334.4,  345.8,  345.3,  333.9,  328.9,  330.2,  345.6,  372.8,  401.0,  429.3,  458.7,  475.5,  482.0,  488.0,  481.2,  473.4,  374.8,  366.5,  365.4,  374.9,  380.3,  380.7,  375.0,  365.0,  365.3,  372.8,  379.3,  379.1,  540.8,  524.8,  517.4,  522.0,  517.0,  523.0,  537.1,  559.5,  572.6,  576.2,  574.9,  564.9,  541.0,  533.7,  535.0,  532.3,  538.5,  546.0,  549.6,  548.0,  -78.8,  -78.1,  -75.3,  -69.8,  -57.7,  -41.4,  -24.5,  -5.9,  12.4,  28.3,  42.7,  54.6,  64.9,  71.2,  75.0,  79.0,  81.3,  -50.1,  -36.9,  -22.1,  -8.6,  4.4,  27.4,  40.2,  52.7,  65.6,  74.7,  15.9,  16.2,  16.7,  17.2,  -0.6,  7.4,  15.2,  22.9,  29.7,  -30.8,  -22.2,  -13.4,  -6.3,  -13.9,  -22.7,  31.4,  39.2,  48.5,  56.1,  48.7,  39.9,  -17.1,  -4.1,  6.9,  15.1,  23.9,  33.3,  40.7,  33.6,  24.7,  15.1,  6.0,  -5.3,  -11.7,  6.6,  14.9,  23.9,  35.7,  24.2,  15.1,  6.5,  -8.1,  17.6,  43.9,  68.3,  90.0,  107.1,  119.0,  125.6,  127.7,  127.3,  120.9,  108.5,  91.0,  70.1,  48.6,  26.5,  4.0,  -4.7,  -11.8,  -12.8,  -10.2,  -5.7,  -6.0,  -10.9,  -13.2,  -13.0,  -6.5,  5.2,  16.6,  27.7,  39.3,  47.5,  50.0,  52.4,  50.1,  47.4,  6.1,  2.7,  2.2,  6.2,  8.4,  8.5,  6.4,  2.1,  2.3,  5.6,  8.4,  8.2,  78.0,  68.7,  65.1,  67.2,  65.6,  69.9,  78.6,  86.3,  90.2,  91.0,  90.2,  86.8,  77.8,  72.4,  73.1,  72.6,  78.5,  78.6,  79.4,  78.7,  399.7,  406.2,  413.2,  415.7,  412.3,  406.9,  397.9,  389.2,  390.7,  401.9,  419.6,  431.0,  432.4,  426.8,  418.9,  414.4,  413.8,  362.5,  355.3,  351.9,  350.6,  349.1,  356.4,  365.2,  373.1,  382.9,  394.2,  355.2,  353.1,  350.3,  348.2,  359.8,  358.6,  358.0,  361.6,  365.6,  360.9,  360.3,  362.2,  364.4,  361.8,  360.5,  373.9,  375.1,  378.7,  383.9,  379.3,  376.0,  377.5,  364.6,  361.9,  362.9,  365.6,  375.0,  388.3,  378.3,  371.1,  368.1,  367.4,  370.6,  376.0,  364.9,  365.7,  368.6,  384.7,  369.7,  366.6,  366.1,  2.316,  0.243,  -0.192,  0.037,  666.854,  465.286,  -26.270,  25.980,  -4.469,  -3.854,  -2.719,  3.176,  -0.172,  5.939,  14.674,  -16.193,  -7.959,  -6.513,  -3.779,  8.458,  -2.076,  11.536,  2.599,  -3.498,  -0.307,  -7.024,  6.347,  -1.842,  0.942,  -4.161,  0.458,  0.812,  -0.643,  -0.659,  -0.531,  -0.868,  0.242,  -0.325,  0.214,  0.274, 0.33, 0.02, 0.05, 0.00, 0.06, 0.79, 0.31, 0.99, 0.00, 0.28, 0.56, 0.15, 0.05, 0.00, 2.10, 0.60, 0.43, 0.00, 0.00, 0.00, 0.00, 0.00, 1.00, 1.00, 1.00, 0.00, 1.00, 1.00, 0.00, 0.00, 0.00, 1.00, 0.00, 0.00, 0.00
46,  0,  1.502,  0.98,  1,  0.263294,  0.274547,  -0.924824,  -0.035074,  0.262887,  -0.964189,  0.120,  0.277,  583.7,  587.6,  598.3,  609.6,  614.8,  611.6,  600.2,  588.9,  567.2,  574.9,  584.6,  596.6,  608.4,  616.6,  622.3,  614.8,  605.3,  594.4,  584.2,  575.1,  594.1,  599.4,  604.4,  606.3,  603.8,  598.6,  593.5,  591.6,  724.0,  727.4,  737.4,  748.1,  753.2,  749.8,  739.8,  728.3,  715.4,  721.8,  730.4,  741.5,  751.9,  760.0,  765.6,  760.1,  752.7,  743.2,  732.7,  723.0,  733.1,  739.0,  744.4,  746.3,  743.5,  737.6,  732.1,  730.2,  373.0,  361.6,  356.6,  360.9,  372.1,  384.5,  388.5,  384.2,  376.4,  370.4,  366.6,  364.4,  365.8,  369.7,  376.1,  378.3,  378.9,  379.3,  378.9,  378.1,  378.6,  380.7,  378.3,  373.0,  367.7,  365.7,  368.0,  373.4,  372.5,  361.6,  356.3,  359.7,  369.9,  380.8,  386.1,  383.5,  376.4,  370.1,  365.7,  363.4,  364.3,  366.9,  371.3,  374.9,  377.2,  378.5,  378.8,  378.5,  377.5,  379.5,  376.5,  370.5,  364.9,  363.0,  365.9,  371.9,  -22.1,  -20.7,  -16.5,  -12.0,  -10.0,  -11.2,  -15.6,  -20.0,  -28.8,  -25.6,  -21.7,  -17.0,  -12.4,  -9.2,  -7.0,  -9.9,  -13.6,  -17.8,  -21.8,  -25.5,  -18.1,  -16.0,  -14.0,  -13.3,  -14.3,  -16.4,  -18.4,  -19.1,  34.5,  35.9,  40.1,  44.6,  46.8,  45.4,  41.2,  36.4,  31.1,  33.6,  37.1,  41.7,  46.2,  49.9,  52.7,  50.0,  46.5,  42.4,  38.1,  34.1,  38.4,  40.9,  43.2,  44.0,  42.8,  40.3,  38.0,  37.2,  5.1,  0.6,  -1.4,  0.4,  4.8,  9.7,  11.2,  9.5,  6.5,  4.1,  2.6,  1.7,  2.3,  3.8,  6.4,  7.2,  7.4,  7.5,  7.4,  7.1,  7.3,  8.2,  7.2,  5.1,  3.1,  2.3,  3.2,  5.3,  5.1,  0.6,  -1.5,  -0.1,  4.1,  8.6,  10.8,  9.7,  6.8,  4.2,  2.3,  1.4,  1.8,  2.9,  4.7,  6.2,  7.1,  7.6,  7.7,  7.6,  7.2,  8.0,  6.8,  4.3,  2.0,  1.2,  2.4,  4.9,  344.0,  345.3,  346.4,  346.6,  345.7,  344.6,  343.3,  343.1,  346.5,  344.5,  342.9,  342.5,  343.3,  344.7,  345.9,  343.8,  341.8,  341.2,  342.1,  344.0,  344.9,  344.9,  345.4,  346.1,  346.5,  346.4,  345.9,  345.3,  359.7,  359.9,  360.5,  361.2,  361.6,  361.4,  360.8,  360.4,  361.1,  359.8,  359.0,  359.3,  361.1,  364.1,  367.2,  364.1,  361.4,  359.6,  359.2,  360.0,  361.2,  361.6,  361.9,  362.0,  361.8,  361.4,  361.1,  361.0,  11.1,  44.5,  374.6,  0.110,  -0.159,  0.037,  470.1,  472.7,  479.6,  490.7,  513.9,  547.1,  582.5,  622.7,  664.1,  698.9,  727.2,  750.2,  771.3,  786.2,  796.3,  805.1,  809.5,  519.9,  549.0,  584.3,  617.8,  649.7,  708.2,  736.7,  763.2,  788.5,  802.8,  678.9,  680.1,  681.5,  683.1,  638.2,  657.4,  676.5,  694.5,  709.9,  564.9,  585.8,  606.8,  624.1,  605.8,  584.7,  713.2,  731.3,  751.5,  767.0,  752.1,  732.8,  598.2,  628.0,  654.8,  674.5,  695.5,  715.8,  730.3,  715.1,  695.3,  672.6,  651.1,  624.7,  610.4,  653.7,  673.6,  694.9,  720.3,  694.9,  673.1,  652.7,  341.7,  396.5,  451.0,  501.5,  549.1,  588.1,  618.9,  639.9,  644.0,  635.3,  609.5,  577.6,  541.7,  501.9,  460.7,  416.5,  370.3,  349.2,  331.2,  327.9,  334.0,  345.5,  344.1,  332.7,  327.0,  328.1,  343.3,  372.4,  400.6,  429.0,  458.6,  474.8,  481.6,  487.8,  481.2,  473.3,  374.4,  366.5,  365.5,  375.1,  379.9,  380.1,  375.0,  364.7,  364.7,  372.3,  378.6,  378.5,  535.5,  522.1,  516.3,  521.1,  516.3,  521.5,  533.5,  554.6,  567.1,  570.5,  569.0,  558.7,  536.1,  531.8,  533.5,  531.0,  535.1,  542.1,  545.8,  544.2,  -77.9,  -77.8,  -75.9,  -71.2,  -59.7,  -43.5,  -26.3,  -7.7,  10.8,  27.1,  41.9,  54.4,  65.1,  71.8,  75.5,  79.0,  81.0,  -50.2,  -37.3,  -22.6,  -9.0,  3.9,  28.0,  40.6,  52.8,  65.3,  73.8,  15.9,  16.2,  16.7,  17.2,  -0.7,  7.2,  15.0,  22.6,  29.3,  -31.2,  -22.4,  -13.8,  -6.6,  -14.2,  -22.9,  31.4,  39.3,  48.4,  55.9,  48.7,  40.0,  -18.1,  -5.0,  6.1,  14.3,  23.3,  32.6,  40.2,  32.5,  23.5,  13.7,  4.7,  -6.5,  -12.7,  5.7,  14.1,  23.2,  35.4,  23.3,  13.9,  5.3,  -8.4,  17.0,  43.1,  67.5,  89.5,  106.7,  118.6,  125.3,  127.3,  126.8,  119.8,  107.4,  90.1,  69.6,  48.6,  27.0,  4.9,  -4.5,  -11.8,  -13.0,  -10.5,  -5.8,  -6.5,  -11.4,  -14.1,  -14.0,  -7.6,  5.0,  16.5,  27.7,  39.3,  47.4,  50.0,  52.4,  50.2,  47.4,  6.0,  2.7,  2.3,  6.3,  8.2,  8.3,  6.4,  2.0,  2.0,  5.4,  8.1,  8.0,  75.8,  67.8,  64.8,  67.0,  65.6,  69.4,  77.2,  84.3,  88.0,  88.7,  87.9,  84.3,  75.8,  71.8,  72.7,  72.2,  77.2,  77.2,  78.1,  77.3,  400.9,  407.0,  414.1,  417.2,  414.3,  409.4,  400.7,  391.6,  392.2,  403.0,  420.1,  431.8,  433.9,  429.5,  422.7,  418.7,  418.3,  365.5,  358.7,  355.4,  353.7,  352.2,  359.2,  367.0,  374.9,  385.0,  396.6,  357.1,  354.5,  351.4,  348.8,  361.4,  359.8,  358.7,  362.2,  366.3,  363.0,  362.1,  363.9,  365.8,  363.2,  361.9,  375.6,  376.9,  380.1,  384.9,  380.4,  377.4,  378.2,  365.8,  363.0,  364.0,  366.9,  376.1,  389.2,  379.2,  372.0,  368.8,  368.0,  371.1,  376.4,  365.6,  366.6,  369.8,  385.7,  371.0,  367.8,  367.2,  2.306,  0.237,  -0.192,  0.043,  665.556,  463.644,  -21.859,  23.139,  -3.429,  -5.124,  -3.556,  4.067,  -0.803,  3.302,  12.515,  -13.924,  -6.883,  -3.442,  -1.654,  8.582,  -0.140,  11.056,  -0.946,  -0.955,  -1.918,  -6.097,  5.395,  -1.830,  1.902,  -2.732,  2.329,  0.141,  -0.757,  0.270,  -0.618,  -1.070,  0.020,  -0.025,  0.154,  0.204, 0.35, 0.02, 0.08, 0.00, 0.15, 0.78, 0.46, 1.08, 0.00, 0.26, 0.60, 0.14, 0.05, 0.00, 1.83, 0.12, 0.23, 0.00, 0.00, 0.00, 1.00, 0.00, 1.00, 1.00, 1.00, 0.00, 1.00, 1.00, 0.00, 0.00, 0.00, 1.00, 0.00, 0.00, 0.00
47,  0,  1.535,  0.98,  1,  0.261359,  0.268634,  -0.927107,  -0.036732,  0.240558,  -0.969939,  0.118,  0.262,  583.1,  586.7,  597.3,  608.5,  613.9,  610.9,  599.7,  588.4,  565.9,  574.2,  584.1,  596.1,  607.7,  615.5,  621.0,  613.9,  604.9,  594.3,  583.9,  574.4,  593.0,  598.6,  603.8,  605.6,  603.0,  597.4,  592.2,  590.4,  723.8,  727.6,  737.8,  748.4,  753.2,  749.4,  739.2,  727.7,  715.0,  722.4,  731.7,  742.5,  752.3,  759.9,  765.1,  759.7,  752.3,  742.6,  732.3,  722.5,  732.9,  738.4,  743.8,  745.7,  743.2,  737.7,  732.4,  730.4,  371.7,  360.2,  355.3,  359.7,  371.0,  383.4,  387.4,  382.9,  375.2,  369.2,  365.5,  363.2,  364.5,  368.3,  374.6,  376.9,  377.6,  378.1,  377.8,  376.9,  377.6,  379.8,  377.4,  371.8,  366.3,  364.1,  366.5,  372.1,  370.1,  359.1,  354.1,  358.0,  368.5,  379.4,  384.4,  381.3,  373.9,  367.7,  363.5,  361.6,  362.8,  365.6,  369.9,  374.0,  376.4,  377.5,  377.3,  376.5,  375.2,  377.2,  374.6,  368.8,  363.4,  361.3,  364.0,  369.7,  -22.2,  -20.9,  -16.8,  -12.4,  -10.3,  -11.4,  -15.8,  -20.1,  -29.1,  -25.7,  -21.8,  -17.1,  -12.6,  -9.6,  -7.5,  -10.2,  -13.6,  -17.7,  -21.8,  -25.6,  -18.4,  -16.3,  -14.2,  -13.6,  -14.6,  -16.8,  -18.8,  -19.5,  34.1,  35.7,  39.9,  44.3,  46.4,  44.8,  40.5,  35.8,  30.6,  33.5,  37.2,  41.7,  45.9,  49.5,  52.1,  49.4,  46.0,  41.8,  37.5,  33.6,  38.0,  40.3,  42.5,  43.3,  42.3,  40.0,  37.8,  36.9,  4.6,  0.1,  -1.9,  -0.1,  4.3,  9.2,  10.7,  8.9,  6.0,  3.6,  2.2,  1.3,  1.8,  3.3,  5.8,  6.6,  6.9,  7.0,  6.9,  6.6,  6.9,  7.8,  6.8,  4.7,  2.5,  1.6,  2.5,  4.7,  4.1,  -0.3,  -2.4,  -0.8,  3.5,  7.9,  10.0,  8.7,  5.7,  3.2,  1.4,  0.7,  1.1,  2.3,  4.1,  5.8,  6.7,  7.1,  7.1,  6.7,  6.2,  7.0,  6.0,  3.6,  1.4,  0.5,  1.6,  4.0,  341.7,  343.1,  344.6,  345.2,  344.6,  343.4,  341.7,  341.1,  343.6,  341.8,  340.6,  340.6,  341.9,  343.5,  345.0,  342.6,  340.4,  339.3,  340.0,  341.5,  342.9,  343.2,  343.9,  344.7,  345.0,  344.7,  344.0,  343.2,  356.0,  356.1,  356.9,  357.8,  358.4,  358.2,  357.4,  356.7,  357.2,  355.9,  355.3,  355.8,  357.8,  361.1,  364.3,  361.2,  358.2,  356.2,  355.7,  356.2,  357.6,  358.1,  358.5,  358.7,  358.4,  357.9,  357.5,  357.4,  10.9,  43.7,  374.2,  0.103,  -0.154,  0.037,  469.0,  471.9,  478.8,  489.6,  512.2,  544.9,  580.6,  621.9,  664.8,  700.8,  729.9,  753.0,  773.2,  787.3,  796.8,  805.1,  809.1,  519.6,  548.2,  583.6,  617.3,  649.1,  707.7,  736.6,  763.4,  788.6,  802.5,  678.4,  679.3,  680.5,  681.9,  636.7,  656.1,  675.5,  693.9,  709.5,  564.3,  585.1,  606.0,  623.2,  605.0,  584.0,  713.2,  731.4,  751.5,  766.8,  752.0,  732.9,  596.9,  626.6,  653.4,  673.7,  695.5,  716.2,  730.5,  715.4,  695.5,  672.0,  649.9,  623.4,  609.0,  652.5,  673.0,  695.1,  720.5,  695.0,  672.4,  651.3,  341.6,  395.2,  448.5,  498.3,  545.7,  585.3,  617.0,  638.9,  643.2,  633.7,  607.1,  575.2,  539.4,  500.4,  460.2,  417.0,  371.8,  348.8,  330.3,  326.6,  332.7,  344.3,  342.6,  331.1,  325.6,  327.5,  343.4,  371.4,  399.4,  427.5,  456.8,  472.6,  479.5,  485.9,  479.3,  471.4,  373.3,  365.2,  364.2,  373.9,  378.5,  378.7,  373.5,  363.1,  363.1,  371.0,  377.0,  376.9,  533.4,  519.2,  513.5,  518.1,  513.3,  518.3,  531.1,  551.8,  564.5,  568.2,  566.6,  556.5,  533.7,  528.7,  530.4,  527.6,  532.4,  540.5,  544.6,  542.9,  -78.7,  -78.4,  -76.4,  -71.7,  -60.6,  -44.5,  -27.2,  -8.1,  11.1,  28.0,  43.1,  55.6,  65.9,  72.2,  75.7,  79.1,  81.1,  -50.4,  -37.7,  -22.9,  -9.2,  3.7,  27.8,  40.6,  53.0,  65.5,  73.8,  15.7,  15.9,  16.3,  16.7,  -1.4,  6.6,  14.6,  22.3,  29.1,  -31.4,  -22.7,  -14.2,  -7.0,  -14.6,  -23.2,  31.5,  39.4,  48.5,  55.8,  48.7,  40.1,  -18.6,  -5.6,  5.5,  14.0,  23.3,  32.7,  40.3,  32.7,  23.5,  13.4,  4.2,  -7.0,  -13.3,  5.2,  13.8,  23.2,  35.5,  23.3,  13.6,  4.7,  -8.5,  16.4,  41.9,  65.9,  88.0,  105.5,  117.7,  124.7,  126.7,  125.9,  118.4,  105.9,  88.8,  68.8,  48.4,  27.3,  5.7,  -4.7,  -12.2,  -13.6,  -11.1,  -6.3,  -7.1,  -12.1,  -14.8,  -14.3,  -7.6,  4.7,  16.0,  27.1,  38.5,  46.5,  49.1,  51.6,  49.4,  46.6,  5.5,  2.1,  1.7,  5.8,  7.7,  7.7,  5.8,  1.4,  1.4,  4.8,  7.4,  7.3,  74.9,  66.4,  63.5,  65.7,  64.2,  68.0,  76.1,  83.0,  86.8,  87.6,  86.7,  83.2,  74.7,  70.3,  71.2,  70.7,  76.0,  76.5,  77.5,  76.6,  402.7,  408.2,  414.8,  417.3,  414.6,  409.6,  400.9,  391.4,  391.6,  402.4,  419.2,  430.7,  432.9,  428.7,  422.4,  419.2,  419.6,  366.4,  359.5,  355.8,  354.1,  352.7,  359.7,  367.5,  375.5,  385.8,  397.5,  357.2,  354.4,  351.2,  348.5,  361.3,  359.7,  358.6,  362.0,  366.0,  363.5,  362.6,  364.4,  366.4,  363.7,  362.5,  376.1,  377.3,  380.6,  385.4,  380.8,  377.7,  377.9,  365.1,  362.3,  363.3,  366.3,  375.8,  389.2,  378.9,  371.3,  368.0,  367.2,  370.4,  376.3,  364.7,  365.7,  369.0,  385.7,  370.6,  367.3,  366.8,  2.306,  0.227,  -0.187,  0.042,  665.153,  461.897,  -19.504,  23.920,  -1.493,  -7.026,  -4.128,  2.246,  -1.768,  3.519,  12.931,  -12.042,  -7.039,  -3.021,  -2.231,  9.173,  0.987,  11.014,  -1.492,  0.637,  -1.099,  -5.664,  5.005,  -0.831,  1.923,  -3.773,  2.784,  0.222,  -0.208,  -0.184,  -0.082,  -1.048,  0.108,  0.002,  0.212,  0.121, 0.44, 0.03, 0.13, 0.00, 0.32, 0.78, 0.71, 1.23, 0.00, 0.29, 0.53, 0.19, 0.15, 0.00, 1.83, 0.00, 0.12, 0.00, 0.00, 0.00, 1.00, 0.00, 1.00, 1.00, 1.00, 0.00, 1.00, 1.00, 0.00, 0.00, 0.00, 1.00, 0.00, 0.00, 0.00
48,  0,  1.568,  0.98,  1,  0.240413,  0.261265,  -0.934849,  -0.033302,  0.251001,  -0.967414,  0.108,  0.263,  581.3,  584.8,  595.3,  606.6,  612.2,  609.3,  598.2,  586.9,  564.0,  572.7,  583.0,  595.2,  606.7,  614.3,  619.6,  612.8,  604.2,  593.6,  583.0,  573.2,  591.0,  596.9,  602.4,  604.2,  601.3,  595.4,  589.9,  588.1,  722.7,  726.2,  736.3,  747.1,  752.1,  748.6,  738.5,  727.0,  713.9,  721.1,  730.3,  741.1,  750.9,  758.6,  763.8,  758.4,  751.1,  741.6,  731.2,  721.5,  731.9,  737.6,  742.9,  744.8,  742.1,  736.4,  731.0,  729.2,  371.2,  359.8,  354.8,  359.4,  370.7,  383.2,  387.1,  382.6,  375.3,  369.2,  365.3,  363.0,  364.3,  368.2,  374.5,  376.8,  377.4,  377.9,  377.6,  376.9,  377.7,  380.0,  377.5,  371.5,  365.7,  363.3,  365.8,  371.8,  370.6,  359.5,  354.1,  357.7,  368.0,  379.1,  384.5,  381.7,  374.0,  367.7,  363.4,  361.5,  362.6,  365.3,  369.5,  373.4,  375.9,  377.2,  377.1,  376.4,  375.5,  377.4,  374.5,  368.6,  363.1,  361.2,  364.0,  369.9,  -22.5,  -21.3,  -17.3,  -13.0,  -10.8,  -11.8,  -16.0,  -20.3,  -29.3,  -25.8,  -21.8,  -17.2,  -12.8,  -9.9,  -7.9,  -10.5,  -13.7,  -17.7,  -21.7,  -25.6,  -18.9,  -16.6,  -14.5,  -13.9,  -15.0,  -17.3,  -19.4,  -20.0,  33.7,  35.2,  39.4,  43.9,  46.1,  44.6,  40.4,  35.6,  30.2,  33.1,  36.7,  41.2,  45.5,  49.0,  51.7,  49.0,  45.6,  41.5,  37.2,  33.3,  37.7,  40.1,  42.3,  43.1,  42.0,  39.5,  37.3,  36.5,  4.3,  -0.1,  -2.0,  -0.2,  4.1,  8.9,  10.4,  8.6,  5.9,  3.5,  2.0,  1.1,  1.7,  3.2,  5.6,  6.5,  6.7,  6.8,  6.7,  6.5,  6.8,  7.7,  6.8,  4.5,  2.2,  1.3,  2.3,  4.5,  4.3,  -0.2,  -2.4,  -1.0,  3.3,  7.8,  10.0,  8.9,  5.7,  3.2,  1.4,  0.6,  1.1,  2.2,  4.0,  5.6,  6.5,  7.0,  7.0,  6.7,  6.3,  7.1,  6.0,  3.5,  1.3,  0.5,  1.6,  4.1,  335.5,  337.2,  338.9,  339.7,  339.1,  337.7,  335.7,  334.9,  337.0,  335.5,  334.6,  334.9,  336.4,  338.3,  339.9,  337.2,  334.7,  333.5,  333.8,  335.1,  336.8,  337.2,  338.1,  339.0,  339.4,  339.0,  338.1,  337.2,  357.0,  357.1,  357.9,  358.8,  359.4,  359.3,  358.6,  357.8,  358.2,  356.9,  356.3,  356.8,  358.8,  362.0,  365.2,  362.1,  359.2,  357.2,  356.7,  357.2,  358.7,  359.2,  359.7,  359.7,  359.4,  358.9,  358.5,  358.4,  10.4,  43.6,  373.7,  0.107,  -0.145,  0.034,  467.5,  470.9,  478.4,  489.5,  511.8,  544.1,  579.8,  621.7,  665.2,  701.7,  730.9,  753.8,  773.5,  787.3,  796.7,  804.8,  808.9,  518.5,  547.1,  582.3,  615.9,  647.6,  706.3,  735.0,  761.8,  787.0,  801.4,  677.0,  677.8,  678.8,  680.1,  635.0,  654.5,  674.0,  692.6,  708.4,  563.1,  583.9,  604.7,  622.0,  603.7,  582.8,  711.9,  730.2,  750.1,  765.5,  750.8,  731.7,  595.4,  624.8,  651.9,  671.7,  693.1,  713.8,  728.6,  713.2,  693.1,  670.0,  648.5,  621.8,  607.2,  651.3,  671.3,  692.9,  718.5,  692.5,  670.3,  649.7,  340.9,  395.0,  448.5,  498.7,  546.6,  586.6,  618.5,  640.3,  644.3,  634.2,  607.6,  575.5,  539.3,  500.2,  459.9,  416.7,  371.4,  348.2,  329.6,  326.0,  332.1,  344.0,  342.1,  330.7,  325.2,  326.5,  341.9,  371.1,  399.1,  427.1,  456.3,  471.5,  478.6,  485.1,  478.4,  470.2,  373.3,  365.0,  364.0,  373.8,  378.4,  378.5,  373.5,  363.0,  362.8,  370.7,  376.6,  376.7,  532.5,  518.1,  512.3,  516.8,  512.1,  517.1,  530.1,  552.0,  564.9,  568.6,  567.2,  556.9,  532.8,  526.6,  528.1,  525.4,  531.5,  542.2,  546.3,  544.7,  -79.6,  -79.1,  -76.7,  -71.8,  -60.8,  -45.0,  -27.7,  -8.2,  11.3,  28.4,  43.5,  55.8,  65.8,  71.8,  75.3,  78.7,  80.8,  -50.9,  -38.2,  -23.5,  -9.7,  3.1,  27.2,  39.8,  52.1,  64.6,  73.1,  15.1,  15.3,  15.6,  16.0,  -2.1,  5.9,  13.9,  21.7,  28.5,  -31.9,  -23.2,  -14.7,  -7.5,  -15.1,  -23.7,  30.8,  38.8,  47.8,  55.1,  48.1,  39.5,  -19.3,  -6.3,  4.9,  13.2,  22.2,  31.7,  39.4,  31.7,  22.5,  12.6,  3.6,  -7.7,  -14.1,  4.7,  13.0,  22.3,  34.6,  22.3,  12.8,  4.1,  -8.8,  16.3,  42.0,  66.2,  88.4,  106.2,  118.7,  125.6,  127.3,  126.0,  118.4,  105.7,  88.4,  68.4,  48.0,  27.1,  5.4,  -4.9,  -12.5,  -13.8,  -11.3,  -6.4,  -7.3,  -12.3,  -14.9,  -14.7,  -8.2,  4.5,  15.8,  26.9,  38.3,  46.0,  48.7,  51.2,  48.9,  46.0,  5.5,  2.1,  1.7,  5.8,  7.6,  7.7,  5.8,  1.3,  1.2,  4.7,  7.2,  7.2,  74.7,  66.0,  63.1,  65.1,  63.7,  67.4,  75.6,  83.1,  86.9,  87.8,  87.0,  83.4,  74.5,  69.4,  70.2,  69.6,  75.6,  77.2,  78.3,  77.6,  403.9,  409.2,  415.2,  417.3,  414.7,  410.2,  402.0,  392.0,  391.8,  402.0,  418.4,  429.2,  431.1,  426.8,  420.5,  417.7,  418.5,  366.5,  359.5,  355.7,  353.6,  351.9,  358.5,  366.4,  374.2,  384.6,  396.4,  356.4,  353.7,  350.6,  348.0,  360.8,  359.1,  357.8,  361.1,  365.0,  363.5,  362.6,  364.2,  365.9,  363.4,  362.3,  375.1,  376.4,  379.6,  384.3,  379.7,  376.6,  378.6,  365.5,  362.4,  363.2,  366.1,  375.4,  389.1,  378.6,  371.1,  368.0,  367.3,  370.8,  377.0,  364.4,  365.2,  368.3,  385.6,  370.8,  367.7,  367.3,  2.308,  0.230,  -0.173,  0.038,  663.934,  461.624,  -21.399,  25.109,  1.004,  -6.840,  -3.245,  1.452,  -0.361,  2.767,  12.486,  -12.070,  -7.234,  -2.441,  -3.566,  8.507,  1.487,  11.006,  -0.771,  1.511,  -2.364,  -4.280,  4.867,  -0.130,  1.567,  -4.534,  2.410,  0.705,  -0.063,  0.088,  -0.036,  -1.101,  0.247,  0.011,  0.212,  0.057, 0.39, 0.02, 0.19, 0.00, 0.30, 0.94, 0.83, 1.23, 0.00, 0.29, 0.56, 0.19, 0.15, 0.00, 2.07, 0.00, 0.11, 0.00, 0.00, 0.00, 1.00, 0.00, 1.00, 1.00, 1.00, 0.00, 1.00, 1.00, 0.00, 0.00, 0.00, 1.00, 0.00, 0.00, 0.00
49,  0,  1.602,  0.98,  1,  0.226934,  0.273474,  -0.934726,  -0.057575,  0.259566,  -0.964008,  0.089,  0.274,  578.9,  582.4,  592.9,  604.2,  609.7,  606.8,  595.6,  584.4,  562.1,  570.5,  580.5,  592.8,  604.5,  612.0,  617.3,  610.3,  601.5,  590.9,  580.5,  571.0,  588.5,  594.4,  600.0,  601.9,  599.0,  593.1,  587.5,  585.6,  720.8,  724.4,  734.5,  745.3,  750.3,  746.7,  736.6,  725.1,  712.7,  719.8,  728.9,  739.7,  749.6,  757.3,  762.6,  757.1,  749.6,  740.1,  729.7,  720.1,  730.2,  735.8,  741.0,  742.9,  740.3,  734.7,  729.4,  727.5,  372.7,  361.1,  355.9,  360.3,  371.5,  384.1,  388.3,  384.0,  376.4,  370.3,  366.4,  363.9,  365.2,  369.1,  375.7,  377.9,  378.7,  379.3,  378.9,  378.1,  378.9,  381.2,  378.5,  372.4,  366.5,  364.2,  366.9,  372.9,  371.6,  360.6,  355.3,  358.8,  369.1,  380.1,  385.4,  382.6,  375.0,  368.6,  364.1,  362.3,  363.5,  366.3,  370.7,  374.7,  377.2,  378.4,  378.3,  377.5,  376.3,  378.2,  375.5,  369.7,  364.3,  362.4,  365.2,  370.9,  -23.7,  -22.4,  -18.4,  -14.0,  -11.9,  -12.9,  -17.2,  -21.5,  -30.3,  -26.9,  -23.0,  -18.2,  -13.8,  -10.9,  -8.9,  -11.5,  -14.9,  -18.9,  -22.9,  -26.7,  -20.0,  -17.7,  -15.6,  -14.9,  -16.0,  -18.3,  -20.5,  -21.1,  33.1,  34.6,  38.8,  43.3,  45.5,  44.0,  39.8,  35.0,  29.9,  32.7,  36.4,  40.8,  45.1,  48.7,  51.3,  48.7,  45.2,  41.0,  36.8,  32.9,  37.1,  39.5,  41.7,  42.5,  41.4,  39.0,  36.8,  36.0,  4.9,  0.4,  -1.6,  0.1,  4.5,  9.4,  11.0,  9.3,  6.4,  4.0,  2.5,  1.5,  2.0,  3.5,  6.1,  7.0,  7.2,  7.4,  7.3,  7.0,  7.3,  8.2,  7.2,  4.9,  2.5,  1.6,  2.7,  5.0,  4.7,  0.2,  -1.9,  -0.5,  3.8,  8.3,  10.5,  9.3,  6.2,  3.5,  1.7,  0.9,  1.4,  2.6,  4.5,  6.1,  7.1,  7.5,  7.5,  7.2,  6.7,  7.5,  6.4,  4.0,  1.8,  1.0,  2.1,  4.5,  338.9,  340.2,  341.7,  342.4,  341.9,  340.9,  339.1,  338.4,  340.6,  338.9,  337.8,  337.9,  339.4,  341.1,  342.6,  340.2,  337.8,  336.7,  337.2,  338.6,  340.2,  340.5,  341.3,  342.0,  342.3,  341.9,  341.2,  340.4,  358.7,  358.8,  359.4,  360.2,  360.7,  360.7,  360.1,  359.5,  359.9,  358.6,  357.9,  358.3,  360.2,  363.4,  366.5,  363.5,  360.7,  358.8,  358.3,  359.0,  360.3,  360.7,  361.1,  361.1,  360.8,  360.4,  360.1,  360.0,  9.1,  43.8,  373.0,  0.130,  -0.145,  0.051,  466.8,  469.7,  476.1,  485.3,  504.7,  534.9,  570.6,  614.5,  658.8,  695.9,  725.6,  749.7,  771.0,  786.2,  796.3,  805.0,  810.2,  516.7,  544.2,  579.1,  613.0,  644.8,  703.6,  732.6,  759.9,  785.6,  801.0,  674.6,  675.7,  677.0,  678.2,  633.7,  652.6,  671.6,  689.8,  705.4,  561.1,  581.4,  602.3,  619.5,  601.3,  580.6,  710.8,  728.7,  748.6,  764.0,  749.4,  730.4,  592.9,  622.1,  648.8,  668.1,  688.9,  709.8,  724.7,  708.6,  688.0,  665.4,  644.6,  618.3,  604.7,  648.0,  667.5,  688.4,  714.9,  687.2,  665.6,  645.5,  340.7,  391.5,  441.3,  489.1,  536.5,  578.4,  613.7,  640.4,  647.0,  637.8,  611.9,  580.5,  544.4,  504.7,  462.6,  417.3,  370.0,  349.7,  330.7,  327.4,  333.6,  345.3,  343.5,  331.6,  326.6,  328.3,  343.5,  373.5,  401.0,  428.7,  457.7,  471.7,  479.1,  485.8,  479.4,  471.9,  374.5,  365.8,  364.9,  374.8,  379.7,  379.7,  374.6,  363.9,  363.7,  371.8,  377.9,  378.2,  530.9,  517.5,  512.7,  517.3,  513.1,  517.8,  530.6,  554.2,  566.7,  569.7,  567.8,  556.4,  531.2,  526.0,  527.9,  525.5,  531.8,  545.3,  548.8,  546.8,  -79.3,  -79.0,  -77.1,  -73.2,  -63.7,  -49.1,  -31.9,  -11.4,  8.4,  25.7,  40.9,  53.8,  64.7,  71.6,  75.4,  78.9,  81.2,  -51.4,  -39.2,  -24.6,  -10.8,  1.9,  26.0,  38.6,  50.9,  63.4,  72.2,  14.0,  14.4,  14.8,  15.2,  -2.6,  5.2,  12.9,  20.5,  27.2,  -32.6,  -24.2,  -15.6,  -8.5,  -16.0,  -24.5,  30.2,  37.9,  46.9,  54.1,  47.2,  38.7,  -20.4,  -7.5,  3.7,  11.7,  20.5,  29.9,  37.6,  29.7,  20.4,  10.7,  1.9,  -9.2,  -15.2,  3.3,  11.5,  20.4,  33.0,  20.0,  10.8,  2.3,  -8.8,  14.6,  38.2,  61.1,  83.2,  102.1,  116.5,  125.8,  128.8,  127.7,  120.4,  108.1,  91.1,  70.9,  49.5,  27.4,  4.8,  -4.3,  -12.0,  -13.2,  -10.6,  -5.9,  -6.7,  -11.8,  -14.2,  -13.8,  -7.4,  5.5,  16.5,  27.5,  38.8,  46.0,  48.8,  51.4,  49.2,  46.5,  6.0,  2.4,  2.0,  6.2,  8.1,  8.1,  6.2,  1.7,  1.6,  5.2,  7.7,  7.8,  73.9,  65.8,  63.3,  65.3,  64.0,  67.6,  75.7,  84.1,  87.7,  88.4,  87.4,  83.3,  73.7,  69.1,  70.0,  69.5,  75.6,  78.7,  79.6,  78.6,  400.6,  405.8,  411.5,  414.1,  412.3,  408.8,  401.9,  392.5,  392.6,  402.2,  418.3,  429.1,  432.0,  428.5,  422.2,  418.3,  417.3,  364.7,  357.7,  353.9,  352.0,  350.6,  357.2,  364.3,  371.3,  380.8,  392.2,  354.5,  352.3,  349.7,  347.6,  360.3,  358.8,  357.7,  360.5,  363.7,  362.0,  361.2,  362.9,  364.5,  362.2,  361.2,  373.2,  374.3,  377.5,  382.1,  378.0,  374.9,  378.2,  365.4,  362.5,  363.3,  365.9,  375.0,  388.5,  378.7,  371.4,  368.7,  368.0,  371.1,  376.9,  364.1,  364.9,  367.6,  385.1,  371.4,  368.6,  368.2,  2.314,  0.253,  -0.175,  0.057,  660.893,  462.118,  -22.517,  16.543,  1.291,  -9.036,  -5.493,  0.161,  2.054,  4.339,  15.516,  -11.608,  -9.637,  -2.697,  -3.718,  7.248,  1.531,  8.905,  -0.352,  2.707,  -4.023,  -2.448,  1.880,  0.456,  2.074,  -4.190,  1.160,  0.272,  0.448,  -0.306,  0.137,  -1.029,  0.205,  0.042,  0.248,  -0.056, 0.36, 0.02, 0.18, 0.00, 0.25, 1.10, 0.88, 1.20, 0.05, 0.36, 0.49, 0.11, 0.21, 0.00, 2.36, 0.00, 0.06, 0.00, 0.00, 0.00, 0.00, 0.00, 1.00, 1.00, 1.00, 0.00, 1.00, 1.00, 0.00, 0.00, 0.00, 1.00, 0.00, 0.00, 0.00
50,  0,  1.635,  0.98,  1,  0.211127,  0.266794,  -0.940344,  -0.057390,  0.279727,  -0.958363,  0.081,  0.280,  576.3,  580.5,  591.3,  602.4,  607.3,  603.9,  592.4,  581.3,  560.9,  568.7,  578.4,  590.5,  602.1,  610.0,  615.5,  608.3,  599.1,  588.4,  578.2,  569.0,  586.0,  591.8,  597.4,  599.6,  597.0,  591.3,  585.7,  583.5,  718.9,  721.9,  731.7,  742.5,  748.0,  745.0,  735.2,  723.6,  710.2,  717.6,  726.8,  737.3,  747.1,  755.0,  760.8,  755.1,  747.5,  737.9,  727.6,  717.8,  728.0,  734.0,  739.5,  741.2,  738.2,  732.2,  726.7,  725.0,  373.5,  362.3,  357.6,  362.2,  373.4,  385.6,  389.3,  384.7,  377.5,  371.7,  368.0,  365.8,  367.1,  370.9,  377.3,  379.6,  380.4,  380.9,  380.4,  379.4,  379.8,  382.2,  379.8,  374.0,  368.2,  365.9,  368.3,  374.0,  374.2,  363.1,  357.4,  360.5,  370.5,  381.6,  387.3,  385.0,  376.3,  370.1,  365.7,  363.7,  364.9,  367.8,  372.0,  376.2,  378.6,  379.9,  379.8,  379.1,  379.0,  380.7,  377.6,  371.5,  365.9,  364.1,  367.2,  373.4,  -25.1,  -23.5,  -19.3,  -14.9,  -12.9,  -14.3,  -18.7,  -23.1,  -31.4,  -28.1,  -24.2,  -19.4,  -14.9,  -11.9,  -9.7,  -12.5,  -16.0,  -20.2,  -24.2,  -27.9,  -21.3,  -19.0,  -16.8,  -16.0,  -17.1,  -19.3,  -21.5,  -22.3,  32.3,  33.5,  37.6,  42.1,  44.4,  43.2,  39.1,  34.3,  28.8,  31.8,  35.5,  39.8,  44.0,  47.7,  50.5,  47.7,  44.2,  40.0,  35.8,  31.9,  36.2,  38.7,  41.0,  41.7,  40.4,  37.9,  35.6,  34.9,  5.3,  0.9,  -1.0,  0.9,  5.3,  10.1,  11.5,  9.7,  7.0,  4.6,  3.1,  2.3,  2.8,  4.3,  6.9,  7.7,  8.0,  8.1,  8.0,  7.7,  7.8,  8.8,  7.8,  5.5,  3.3,  2.3,  3.3,  5.5,  5.8,  1.3,  -1.1,  0.2,  4.3,  8.9,  11.2,  10.3,  6.7,  4.1,  2.3,  1.5,  2.0,  3.2,  5.0,  6.7,  7.7,  8.1,  8.1,  7.8,  7.8,  8.5,  7.3,  4.7,  2.4,  1.7,  3.0,  5.5,  344.6,  345.9,  346.9,  347.1,  346.4,  345.3,  344.0,  343.8,  346.8,  344.9,  343.5,  343.3,  344.3,  345.8,  347.1,  344.9,  342.8,  342.0,  342.8,  344.5,  345.4,  345.5,  346.1,  346.8,  347.2,  347.1,  346.6,  345.9,  358.1,  358.4,  359.1,  359.7,  360.0,  359.8,  359.1,  358.7,  359.3,  358.0,  357.4,  357.8,  359.8,  362.8,  366.0,  362.6,  359.7,  357.8,  357.4,  358.1,  359.5,  359.9,  360.3,  360.5,  360.3,  360.0,  359.5,  359.4,  8.2,  44.4,  371.5,  0.131,  -0.145,  0.055,  466.1,  468.4,  474.1,  482.6,  501.6,  531.7,  568.0,  612.5,  656.7,  693.3,  722.4,  746.6,  768.7,  784.6,  795.0,  803.8,  809.4,  514.7,  541.9,  576.8,  610.8,  642.5,  701.8,  730.9,  758.3,  784.1,  799.6,  672.3,  673.7,  675.1,  676.5,  632.3,  651.0,  669.8,  687.8,  703.3,  559.1,  579.3,  600.1,  617.5,  599.3,  578.7,  708.7,  726.5,  746.4,  761.9,  747.3,  728.4,  590.6,  620.1,  647.1,  666.2,  686.9,  708.1,  723.5,  706.9,  685.8,  663.3,  642.7,  616.1,  602.3,  646.3,  665.6,  686.4,  713.8,  684.8,  663.4,  643.3,  342.0,  392.1,  441.5,  489.1,  536.5,  578.8,  614.9,  642.7,  650.1,  641.2,  615.9,  585.2,  549.5,  509.5,  466.2,  419.6,  371.0,  351.1,  332.2,  329.1,  335.4,  347.0,  345.2,  333.1,  328.0,  329.8,  344.9,  375.2,  402.8,  430.5,  459.6,  473.3,  480.8,  487.5,  481.1,  473.6,  376.0,  367.5,  366.5,  376.3,  381.1,  381.2,  376.2,  365.3,  365.2,  373.2,  379.3,  379.6,  530.9,  518.9,  514.8,  519.3,  515.3,  519.4,  530.9,  556.6,  569.7,  572.6,  570.6,  558.3,  531.4,  527.3,  529.3,  526.9,  532.3,  548.6,  552.1,  549.9,  -79.1,  -79.1,  -77.6,  -74.1,  -64.9,  -50.4,  -33.0,  -12.3,  7.5,  24.4,  39.3,  52.1,  63.4,  70.7,  74.8,  78.2,  80.6,  -52.1,  -39.9,  -25.5,  -11.7,  1.0,  25.1,  37.6,  49.9,  62.4,  71.2,  13.0,  13.5,  13.9,  14.4,  -3.1,  4.5,  12.1,  19.6,  26.2,  -33.3,  -25.0,  -16.5,  -9.3,  -16.8,  -25.2,  29.1,  36.8,  45.7,  53.0,  46.1,  37.7,  -21.3,  -8.3,  2.9,  10.8,  19.5,  29.1,  36.9,  28.8,  19.4,  9.8,  1.1,  -10.1,  -16.2,  2.6,  10.6,  19.4,  32.4,  19.0,  9.8,  1.4,  -8.2,  14.8,  38.1,  60.8,  82.8,  101.8,  116.6,  126.4,  129.8,  128.9,  122.0,  110.1,  93.4,  73.1,  51.2,  28.5,  5.2,  -3.7,  -11.3,  -12.4,  -9.9,  -5.2,  -6.0,  -11.1,  -13.5,  -13.1,  -6.7,  6.1,  17.1,  28.0,  39.3,  46.4,  49.3,  51.8,  49.6,  47.0,  6.6,  3.1,  2.7,  6.8,  8.7,  8.7,  6.9,  2.3,  2.2,  5.7,  8.3,  8.3,  73.6,  66.1,  63.9,  65.9,  64.6,  68.0,  75.6,  84.8,  88.8,  89.4,  88.3,  83.9,  73.6,  69.3,  70.3,  69.8,  75.6,  79.8,  80.7,  79.7,  398.2,  403.3,  409.1,  412.0,  410.3,  407.2,  400.4,  391.2,  391.5,  401.1,  417.0,  427.7,  431.1,  428.1,  422.0,  417.8,  416.2,  363.5,  356.4,  352.6,  350.5,  348.9,  355.0,  362.0,  369.3,  378.9,  390.6,  352.6,  350.1,  347.4,  345.1,  358.2,  356.8,  355.6,  358.4,  361.7,  360.7,  359.9,  361.5,  363.2,  360.9,  359.8,  371.2,  372.4,  375.5,  380.0,  376.0,  372.9,  376.9,  364.1,  361.1,  361.8,  364.3,  373.3,  386.9,  377.4,  370.4,  367.9,  367.1,  370.1,  375.7,  362.5,  363.3,  366.0,  383.7,  370.4,  367.7,  367.4,  2.323,  0.257,  -0.176,  0.061,  658.900,  463.944,  -22.182,  13.247,  3.791,  -8.106,  -5.606,  0.382,  3.559,  5.463,  16.345,  -11.700,  -10.178,  -3.367,  -3.737,  6.003,  1.678,  9.060,  -1.256,  2.958,  -5.102,  -2.031,  1.409,  0.372,  1.724,  -3.235,  0.848,  0.448,  0.417,  -0.548,  0.134,  -0.815,  -0.097,  -0.014,  0.194,  -0.001, 0.23, 0.01, 0.18, 0.00, 0.19, 1.13, 0.81, 1.14, 0.10, 0.43, 0.39, 0.07, 0.24, 0.00, 2.74, 0.14, 0.01, 0.00, 0.00, 0.00, 0.00, 0.00, 1.00, 1.00, 1.00, 0.00, 1.00, 0.00, 0.00, 0.00, 0.00, 1.00, 0.00, 0.00, 0.00
51,  0,  1.668,  0.98,  1,  0.198065,  0.268469,  -0.942706,  -0.084622,  0.272334,  -0.958475,  0.060,  0.277,  573.6,  578.4,  589.7,  601.0,  605.5,  601.6,  589.4,  578.2,  560.2,  567.0,  576.0,  587.6,  599.5,  608.2,  614.4,  606.4,  596.5,  585.4,  575.5,  567.1,  584.2,  589.6,  595.1,  597.4,  595.2,  589.8,  584.3,  581.9,  715.9,  719.1,  729.0,  739.8,  745.2,  742.1,  732.2,  720.6,  708.1,  715.6,  724.8,  735.5,  745.4,  753.3,  758.9,  753.2,  745.5,  735.7,  725.5,  715.8,  725.2,  731.1,  736.5,  738.3,  735.3,  729.4,  724.0,  722.3,  374.4,  363.0,  358.2,  362.8,  374.2,  386.6,  390.4,  385.8,  378.3,  372.3,  368.5,  366.2,  367.6,  371.7,  378.6,  380.7,  381.3,  381.7,  381.2,  380.2,  380.5,  382.8,  380.4,  374.9,  369.4,  367.1,  369.5,  375.0,  374.3,  363.3,  357.7,  360.8,  370.9,  382.0,  387.6,  385.2,  377.6,  370.8,  366.0,  363.8,  364.9,  368.1,  372.5,  376.9,  379.4,  380.6,  380.6,  380.1,  379.1,  380.8,  377.8,  371.7,  366.2,  364.4,  367.5,  373.5,  -26.1,  -24.3,  -19.8,  -15.3,  -13.5,  -15.0,  -19.7,  -24.2,  -31.6,  -28.7,  -25.0,  -20.4,  -15.8,  -12.4,  -10.0,  -13.1,  -16.9,  -21.2,  -25.1,  -28.6,  -21.9,  -19.8,  -17.6,  -16.7,  -17.6,  -19.8,  -22.0,  -22.8,  30.7,  32.0,  36.0,  40.5,  42.7,  41.4,  37.3,  32.6,  27.6,  30.5,  34.2,  38.5,  42.8,  46.4,  49.1,  46.3,  42.8,  38.6,  34.5,  30.6,  34.6,  37.0,  39.2,  40.0,  38.7,  36.3,  34.1,  33.4,  5.7,  1.2,  -0.7,  1.1,  5.6,  10.4,  11.9,  10.1,  7.2,  4.9,  3.3,  2.4,  3.0,  4.6,  7.3,  8.1,  8.3,  8.4,  8.3,  8.0,  8.1,  8.9,  8.0,  5.9,  3.7,  2.8,  3.7,  5.9,  5.8,  1.3,  -0.9,  0.3,  4.4,  8.9,  11.2,  10.2,  7.1,  4.4,  2.4,  1.5,  2.0,  3.3,  5.2,  6.9,  7.9,  8.3,  8.3,  8.1,  7.7,  8.5,  7.2,  4.8,  2.5,  1.8,  3.0,  5.5,  343.5,  344.6,  344.8,  344.1,  342.9,  342.0,  341.5,  342.2,  346.2,  344.2,  342.3,  341.2,  341.5,  342.2,  343.0,  341.3,  339.8,  339.7,  341.2,  343.6,  343.5,  343.2,  343.3,  343.9,  344.5,  344.8,  344.7,  344.2,  353.5,  353.6,  354.1,  354.8,  355.2,  355.1,  354.5,  354.1,  354.7,  353.3,  352.6,  353.0,  355.1,  358.3,  361.6,  358.2,  355.2,  353.4,  352.9,  353.6,  354.9,  355.3,  355.6,  355.7,  355.5,  355.1,  354.8,  354.7,  7.8,  45.1,  370.9,  0.133,  -0.138,  0.042,  465.1,  467.5,  473.9,  483.9,  505.2,  537.0,  573.1,  616.2,  659.0,  694.5,  722.7,  746.2,  768.0,  783.7,  793.6,  802.0,  806.8,  513.0,  541.4,  576.1,  609.5,  640.8,  700.8,  729.8,  757.0,  782.8,  798.1,  670.8,  672.3,  673.8,  675.5,  631.3,  650.0,  668.8,  686.9,  702.4,  557.0,  577.2,  598.3,  615.9,  597.4,  576.4,  706.2,  724.4,  744.5,  760.3,  745.6,  726.4,  588.3,  618.5,  646.2,  665.0,  685.4,  707.0,  723.6,  706.4,  684.9,  662.7,  642.3,  614.8,  599.8,  645.7,  664.6,  685.1,  713.9,  683.9,  662.8,  643.1,  341.1,  394.5,  447.6,  497.7,  546.3,  587.8,  621.8,  647.1,  653.0,  643.8,  618.3,  586.7,  550.2,  509.1,  465.0,  417.4,  367.8,  351.6,  333.5,  330.9,  337.0,  348.1,  346.2,  334.2,  328.8,  329.9,  344.6,  374.9,  402.8,  431.0,  460.5,  475.2,  482.7,  489.3,  482.5,  474.5,  377.0,  368.2,  367.2,  377.1,  382.1,  382.4,  376.9,  365.6,  365.3,  373.5,  379.9,  380.2,  531.8,  521.3,  517.9,  522.3,  518.1,  521.5,  531.0,  558.1,  571.8,  574.8,  573.0,  560.2,  532.7,  529.7,  531.7,  529.0,  532.9,  550.8,  554.4,  552.4,  -79.6,  -79.7,  -77.9,  -73.7,  -63.3,  -48.0,  -30.7,  -10.7,  8.5,  25.0,  39.4,  51.8,  62.7,  69.7,  73.4,  76.5,  78.5,  -52.7,  -40.1,  -25.7,  -12.2,  0.3,  24.5,  37.0,  49.3,  61.8,  70.5,  12.4,  12.9,  13.4,  13.9,  -3.6,  4.0,  11.7,  19.1,  25.7,  -34.2,  -25.8,  -17.2,  -10.0,  -17.5,  -26.1,  28.0,  35.8,  44.7,  52.1,  45.2,  36.7,  -22.3,  -9.0,  2.6,  10.3,  18.9,  28.6,  37.0,  28.6,  19.0,  9.5,  1.0,  -10.7,  -17.3,  2.4,  10.2,  18.9,  32.4,  18.6,  9.6,  1.3,  -8.6,  15.9,  41.1,  65.0,  87.5,  106.2,  120.0,  128.6,  131.2,  130.1,  123.1,  110.5,  93.2,  72.3,  50.1,  27.1,  3.6,  -3.5,  -10.8,  -11.7,  -9.2,  -4.7,  -5.6,  -10.6,  -13.2,  -13.0,  -6.9,  6.0,  17.1,  28.0,  39.4,  47.0,  49.8,  52.3,  50.0,  47.2,  7.0,  3.4,  3.0,  7.1,  9.1,  9.2,  7.1,  2.4,  2.3,  5.8,  8.5,  8.6,  74.2,  67.3,  65.2,  67.1,  65.9,  68.9,  75.6,  85.4,  89.6,  90.3,  89.4,  84.8,  74.3,  70.3,  71.3,  70.7,  75.9,  80.8,  81.7,  80.8,  398.5,  404.2,  410.4,  413.3,  411.1,  407.9,  401.0,  391.8,  391.9,  401.2,  416.8,  426.6,  428.6,  424.4,  417.8,  413.2,  411.6,  362.8,  356.0,  352.3,  350.1,  348.1,  353.5,  361.0,  368.4,  378.3,  390.4,  351.6,  348.9,  345.8,  343.3,  357.1,  355.2,  353.8,  356.9,  360.5,  360.2,  359.5,  361.1,  362.6,  360.2,  359.1,  370.1,  371.5,  374.4,  378.8,  374.7,  371.7,  378.0,  364.8,  361.3,  362.0,  364.4,  373.5,  387.1,  377.3,  370.4,  367.9,  367.3,  370.8,  376.6,  362.5,  363.2,  366.0,  384.0,  370.5,  367.8,  367.6,  2.327,  0.260,  -0.162,  0.046,  658.134,  465.647,  -27.163,  19.086,  6.514,  -4.836,  -3.788,  3.518,  2.477,  2.954,  15.546,  -14.867,  -9.191,  -3.138,  -5.040,  4.268,  0.452,  10.549,  -1.644,  2.076,  -5.715,  -2.415,  1.892,  0.420,  0.863,  -1.979,  1.112,  0.103,  -0.893,  -0.437,  -0.247,  -0.775,  -0.422,  -0.210,  0.211,  0.219, 0.16, 0.01, 0.18, 0.00, 0.17, 0.99, 0.70, 1.08, 0.14, 0.53, 0.18, 0.00, 0.36, 0.00, 2.92, 0.49, 0.06, 0.00, 0.00, 0.00, 0.00, 0.00, 1.00, 1.00, 1.00, 0.00, 1.00, 0.00, 0.00, 0.00, 0.00, 1.00, 0.00, 0.00, 0.00
52,  0,  1.702,  0.98,  1,  0.186896,  0.268861,  -0.944872,  -0.100575,  0.260153,  -0.960315,  0.045,  0.271,  571.9,  576.8,  588.2,  599.4,  603.9,  599.8,  587.6,  576.4,  558.6,  565.5,  574.6,  586.2,  598.0,  606.8,  612.9,  605.1,  595.1,  584.2,  574.2,  565.6,  582.5,  587.8,  593.3,  595.6,  593.5,  588.1,  582.7,  580.4,  713.9,  717.7,  727.9,  738.6,  743.6,  739.8,  729.6,  718.0,  706.0,  713.9,  723.6,  734.8,  744.8,  752.4,  757.2,  751.5,  744.0,  734.2,  723.8,  714.0,  723.0,  728.8,  734.4,  736.4,  733.7,  727.9,  722.4,  720.3,  374.2,  362.9,  358.2,  362.9,  374.3,  386.7,  390.4,  385.6,  378.3,  372.3,  368.5,  366.2,  367.5,  371.6,  378.6,  381.0,  381.7,  382.2,  381.7,  380.5,  380.3,  382.6,  380.4,  375.0,  369.5,  367.3,  369.5,  374.9,  373.8,  362.8,  357.4,  360.8,  371.1,  382.1,  387.5,  384.8,  377.2,  370.3,  365.5,  363.4,  364.7,  367.8,  372.4,  377.1,  379.9,  381.2,  380.9,  379.9,  378.5,  380.4,  377.5,  371.5,  365.9,  363.9,  366.9,  372.9,  -26.7,  -24.8,  -20.4,  -15.9,  -14.1,  -15.7,  -20.4,  -24.8,  -32.2,  -29.2,  -25.6,  -21.0,  -16.4,  -13.0,  -10.6,  -13.6,  -17.4,  -21.6,  -25.6,  -29.1,  -22.5,  -20.4,  -18.3,  -17.4,  -18.3,  -20.4,  -22.5,  -23.4,  29.0,  30.5,  34.5,  38.8,  40.9,  39.5,  35.4,  30.8,  26.0,  29.0,  32.7,  37.1,  41.4,  44.8,  47.2,  44.5,  41.1,  37.1,  32.9,  29.1,  32.8,  35.1,  37.3,  38.1,  37.0,  34.7,  32.4,  31.7,  5.6,  1.1,  -0.7,  1.2,  5.6,  10.4,  11.8,  10.0,  7.2,  4.8,  3.3,  2.4,  2.9,  4.6,  7.3,  8.2,  8.4,  8.6,  8.4,  8.0,  8.0,  8.9,  8.0,  5.9,  3.8,  2.9,  3.7,  5.9,  5.4,  1.1,  -1.0,  0.3,  4.4,  8.7,  10.9,  9.8,  6.8,  4.0,  2.1,  1.3,  1.9,  3.1,  5.0,  6.8,  7.9,  8.3,  8.2,  7.8,  7.3,  8.1,  6.9,  4.5,  2.3,  1.6,  2.7,  5.1,  343.0,  344.1,  344.4,  343.7,  342.5,  341.5,  341.0,  341.7,  345.5,  343.5,  341.7,  340.8,  341.1,  341.9,  342.7,  340.9,  339.3,  339.1,  340.6,  342.9,  343.0,  342.7,  342.9,  343.4,  344.0,  344.4,  344.2,  343.7,  343.7,  343.2,  343.6,  344.6,  345.6,  346.0,  345.6,  344.9,  344.8,  343.2,  342.4,  342.9,  345.3,  348.9,  352.6,  349.3,  346.3,  344.3,  343.6,  344.0,  345.4,  346.0,  346.2,  346.0,  345.5,  344.9,  344.7,  344.9,  6.7,  45.7,  370.5,  0.127,  -0.140,  0.054,  464.7,  466.4,  472.2,  481.5,  502.5,  534.3,  569.9,  612.1,  653.5,  688.0,  716.3,  740.5,  763.4,  780.0,  790.6,  799.9,  805.6,  510.5,  538.2,  573.1,  606.8,  638.5,  698.4,  727.5,  754.9,  781.4,  797.3,  669.0,  670.6,  672.2,  673.8,  630.6,  648.5,  666.3,  683.8,  698.9,  555.5,  575.6,  596.9,  614.6,  596.1,  574.9,  704.6,  722.7,  743.2,  759.0,  744.2,  724.7,  585.7,  615.6,  643.3,  661.8,  681.9,  703.9,  720.8,  702.5,  680.3,  658.4,  638.1,  611.1,  597.6,  642.2,  661.0,  681.2,  711.0,  679.6,  658.9,  639.3,  341.3,  393.5,  445.7,  495.5,  544.6,  587.3,  622.8,  649.4,  656.2,  648.1,  623.2,  592.0,  556.1,  515.0,  469.9,  420.9,  369.8,  352.3,  333.4,  330.7,  337.0,  348.3,  346.6,  333.7,  328.4,  329.8,  345.0,  374.7,  402.6,  430.8,  460.6,  476.5,  483.7,  490.1,  484.0,  476.8,  376.8,  368.0,  366.9,  376.9,  382.2,  382.5,  376.7,  365.4,  365.3,  373.8,  380.5,  380.6,  533.4,  523.8,  520.7,  525.5,  521.4,  525.5,  535.0,  562.7,  575.7,  578.3,  576.0,  562.3,  534.6,  533.6,  535.8,  533.4,  536.9,  552.9,  556.0,  553.6,  -79.3,  -79.7,  -78.3,  -74.6,  -64.2,  -48.9,  -31.9,  -12.4,  6.0,  21.9,  36.2,  48.8,  60.3,  67.9,  71.9,  75.3,  77.5,  -53.6,  -41.3,  -26.9,  -13.3,  -0.6,  23.6,  36.1,  48.3,  60.9,  69.8,  11.6,  12.2,  12.7,  13.3,  -3.8,  3.4,  10.7,  17.9,  24.3,  -34.7,  -26.4,  -17.8,  -10.5,  -18.1,  -26.7,  27.3,  35.1,  44.1,  51.4,  44.6,  36.0,  -23.4,  -10.1,  1.3,  9.0,  17.4,  27.2,  35.6,  26.9,  17.0,  7.7,  -0.8,  -12.2,  -18.2,  0.9,  8.7,  17.2,  31.0,  16.7,  7.9,  -0.3,  -8.5,  15.4,  40.0,  63.7,  86.3,  105.2,  119.6,  128.9,  132.3,  131.7,  124.9,  112.8,  95.8,  75.1,  52.5,  28.7,  4.6,  -3.2,  -10.8,  -11.8,  -9.2,  -4.7,  -5.4,  -10.9,  -13.3,  -13.0,  -6.6,  5.9,  17.0,  28.0,  39.4,  47.5,  50.2,  52.6,  50.6,  48.1,  6.9,  3.3,  2.9,  7.0,  9.1,  9.2,  7.1,  2.3,  2.3,  6.0,  8.8,  8.7,  74.7,  68.2,  66.3,  68.4,  67.1,  70.5,  77.1,  87.2,  91.3,  91.8,  90.6,  85.6,  74.9,  71.9,  73.0,  72.5,  77.3,  81.5,  82.2,  81.1,  395.8,  401.7,  408.3,  411.6,  408.8,  405.1,  398.2,  389.9,  390.7,  399.9,  415.4,  425.3,  427.7,  424.1,  417.6,  412.2,  409.6,  362.1,  355.3,  351.7,  349.9,  348.5,  354.2,  360.8,  367.8,  377.0,  388.5,  351.3,  348.5,  345.5,  342.9,  356.8,  355.1,  353.9,  357.0,  360.4,  359.5,  359.0,  360.7,  362.2,  359.8,  358.7,  369.7,  370.9,  373.9,  378.0,  374.3,  371.4,  376.7,  364.2,  360.8,  361.6,  363.9,  372.5,  385.4,  376.5,  370.2,  367.8,  367.1,  370.3,  375.2,  362.5,  363.3,  365.9,  382.4,  369.8,  367.2,  366.8,  2.332,  0.257,  -0.164,  0.058,  655.414,  467.192,  -31.803,  15.798,  3.273,  -2.830,  -4.450,  4.258,  2.972,  4.331,  17.902,  -15.059,  -10.191,  -3.992,  -4.170,  4.494,  -1.182,  10.185,  -1.953,  3.017,  -5.799,  -3.087,  0.557,  -2.174,  1.900,  -0.471,  1.091,  -0.167,  -0.487,  -1.322,  -0.110,  -0.623,  -0.690,  -0.024,  0.302,  0.130, 0.08, 0.00, 0.21, 0.00, 0.13, 0.78, 0.53, 0.94, 0.15, 0.49, 0.05, 0.00, 0.47, 0.00, 2.92, 0.73, 0.10, 0.00, 0.00, 0.00, 0.00, 0.00, 1.00, 1.00, 1.00, 0.00, 1.00, 0.00, 0.00, 0.00, 0.00, 1.00, 1.00, 0.00, 0.00
53,  0,  1.735,  0.98,  1,  0.174862,  0.264615,  -0.948368,  -0.095534,  0.252178,  -0.962954,  0.041,  0.264,  570.4,  575.1,  586.4,  597.6,  602.1,  598.2,  586.1,  574.9,  558.4,  564.7,  573.3,  584.5,  596.3,  605.2,  611.7,  603.8,  593.7,  582.6,  572.8,  564.7,  581.0,  586.5,  592.0,  594.3,  592.1,  586.6,  581.1,  578.8,  712.8,  716.5,  726.6,  737.3,  742.3,  738.6,  728.5,  717.0,  705.1,  712.6,  722.1,  733.3,  743.5,  751.1,  755.9,  750.3,  742.8,  733.1,  722.8,  712.9,  722.0,  727.7,  733.1,  735.1,  732.4,  726.7,  721.3,  719.3,  375.1,  363.6,  358.6,  363.1,  374.5,  386.9,  391.0,  386.5,  378.6,  372.7,  368.9,  366.8,  368.1,  372.1,  378.9,  381.6,  382.6,  383.2,  382.6,  381.2,  381.0,  383.2,  380.8,  375.2,  369.6,  367.4,  369.8,  375.4,  373.9,  362.9,  357.5,  360.9,  371.0,  381.9,  387.3,  384.7,  377.3,  370.3,  365.5,  363.4,  364.7,  367.8,  372.5,  377.2,  380.0,  381.4,  381.1,  380.1,  378.4,  380.2,  377.3,  371.4,  365.9,  364.1,  367.0,  372.9,  -27.5,  -25.6,  -21.2,  -16.7,  -14.9,  -16.4,  -21.1,  -25.6,  -32.5,  -29.8,  -26.2,  -21.7,  -17.1,  -13.6,  -11.1,  -14.2,  -18.1,  -22.4,  -26.3,  -29.7,  -23.3,  -21.1,  -18.9,  -18.0,  -18.9,  -21.1,  -23.3,  -24.2,  28.8,  30.2,  34.2,  38.5,  40.6,  39.2,  35.2,  30.5,  25.8,  28.7,  32.3,  36.8,  41.1,  44.6,  47.0,  44.3,  40.9,  36.9,  32.7,  28.8,  32.5,  34.9,  37.1,  37.8,  36.7,  34.4,  32.2,  31.4,  6.0,  1.4,  -0.5,  1.2,  5.7,  10.6,  12.1,  10.4,  7.4,  5.0,  3.5,  2.6,  3.2,  4.7,  7.4,  8.5,  8.8,  9.0,  8.9,  8.4,  8.3,  9.1,  8.2,  6.0,  3.8,  2.9,  3.9,  6.1,  5.5,  1.1,  -1.0,  0.3,  4.4,  8.7,  10.9,  9.8,  6.9,  4.1,  2.2,  1.3,  1.9,  3.1,  5.1,  6.9,  8.0,  8.5,  8.3,  7.9,  7.3,  8.0,  6.9,  4.5,  2.4,  1.6,  2.8,  5.1,  345.2,  345.8,  345.6,  344.7,  343.6,  343.1,  343.1,  344.1,  348.5,  346.2,  344.0,  342.8,  342.7,  343.3,  344.0,  342.6,  341.4,  341.5,  343.2,  345.8,  345.1,  344.6,  344.5,  344.8,  345.4,  345.9,  346.0,  345.6,  345.8,  345.3,  345.7,  346.6,  347.6,  348.0,  347.7,  347.0,  347.0,  345.3,  344.4,  344.9,  347.3,  350.9,  354.5,  351.3,  348.4,  346.4,  345.7,  346.2,  347.5,  348.0,  348.3,  348.0,  347.5,  347.0,  346.7,  347.0,  6.1,  45.9,  370.3,  0.133,  -0.149,  0.062,  464.0,  465.2,  470.2,  478.2,  497.7,  528.6,  565.3,  609.9,  652.5,  687.2,  714.9,  738.5,  761.5,  778.1,  788.9,  798.3,  804.6,  509.7,  536.6,  571.1,  605.2,  637.1,  697.3,  726.3,  753.5,  779.7,  795.6,  667.4,  669.4,  671.3,  673.1,  630.2,  647.8,  665.3,  682.3,  697.3,  554.7,  574.3,  595.4,  613.0,  594.9,  574.0,  703.7,  721.5,  741.8,  757.4,  742.9,  723.7,  583.9,  614.4,  641.8,  660.4,  680.5,  703.0,  720.5,  701.8,  679.2,  657.3,  637.2,  610.0,  595.9,  641.0,  659.7,  680.0,  711.0,  678.0,  657.3,  637.7,  343.1,  392.7,  441.9,  489.6,  538.0,  581.5,  618.9,  648.1,  656.3,  648.4,  624.3,  594.5,  559.7,  519.4,  474.2,  425.0,  373.6,  353.0,  334.1,  331.3,  337.5,  348.7,  346.7,  333.2,  328.0,  329.7,  344.4,  375.7,  403.4,  431.4,  461.0,  477.4,  484.5,  490.8,  484.8,  477.8,  377.8,  368.4,  367.3,  377.4,  382.9,  383.2,  377.2,  365.3,  365.0,  373.9,  380.6,  380.9,  532.8,  525.4,  523.2,  527.7,  523.9,  527.0,  534.6,  563.0,  576.1,  578.8,  576.5,  562.5,  534.3,  534.8,  537.1,  534.5,  536.7,  555.1,  558.2,  555.7,  -79.2,  -79.7,  -78.6,  -75.6,  -66.0,  -51.2,  -33.8,  -13.4,  5.6,  21.5,  35.5,  47.9,  59.5,  67.2,  71.5,  75.0,  77.4,  -53.8,  -41.9,  -27.6,  -13.9,  -1.2,  23.1,  35.5,  47.6,  60.0,  68.9,  10.9,  11.7,  12.3,  12.9,  -4.0,  3.2,  10.2,  17.3,  23.5,  -35.0,  -26.9,  -18.4,  -11.2,  -18.5,  -27.0,  26.9,  34.5,  43.4,  50.7,  44.0,  35.5,  -24.1,  -10.7,  0.8,  8.4,  16.8,  26.8,  35.5,  26.6,  16.6,  7.3,  -1.2,  -12.7,  -18.9,  0.4,  8.2,  16.7,  31.1,  16.1,  7.3,  -1.0,  -7.6,  14.9,  37.9,  60.5,  82.6,  101.9,  117.2,  127.8,  131.9,  131.5,  125.3,  113.9,  97.7,  77.6,  54.8,  30.8,  6.4,  -2.9,  -10.5,  -11.5,  -9.0,  -4.5,  -5.4,  -11.0,  -13.4,  -13.0,  -6.9,  6.3,  17.2,  28.1,  39.4,  47.8,  50.5,  52.8,  50.8,  48.4,  7.3,  3.5,  3.0,  7.2,  9.4,  9.5,  7.3,  2.3,  2.1,  6.0,  8.8,  8.9,  74.3,  68.8,  67.3,  69.4,  68.2,  71.1,  77.0,  87.4,  91.5,  92.0,  90.8,  85.6,  74.6,  72.4,  73.5,  72.9,  77.3,  82.5,  83.3,  82.1,  393.7,  398.9,  405.1,  408.5,  405.9,  402.5,  396.1,  388.2,  389.4,  398.9,  414.7,  425.1,  428.4,  425.9,  419.9,  414.5,  411.6,  361.3,  354.4,  350.8,  348.7,  347.3,  353.2,  359.5,  366.8,  375.9,  387.4,  350.1,  347.3,  344.2,  341.5,  356.2,  354.8,  353.5,  356.5,  359.7,  358.8,  358.5,  360.2,  362.0,  359.6,  358.4,  369.0,  370.3,  373.3,  377.6,  373.9,  371.0,  376.0,  363.8,  361.0,  361.9,  364.2,  372.7,  385.6,  376.8,  370.6,  368.1,  367.1,  370.0,  374.7,  362.2,  363.3,  365.7,  382.6,  370.2,  367.6,  367.0,  2.335,  0.261,  -0.178,  0.067,  653.934,  467.656,  -31.036,  9.671,  3.569,  -4.040,  -3.712,  4.727,  3.986,  8.243,  20.812,  -10.630,  -12.199,  -5.048,  -5.258,  2.972,  -1.678,  9.852,  -2.913,  5.191,  -6.735,  -2.514,  0.066,  -1.852,  1.266,  -0.083,  0.989,  -0.038,  -0.278,  -1.487,  0.015,  -0.405,  -0.812,  -0.039,  0.333,  0.112, 0.05, 0.00, 0.21, 0.00, 0.06, 0.52, 0.43, 0.79, 0.19, 0.55, 0.00, 0.00, 0.60, 0.00, 2.74, 0.77, 0.15, 0.00, 0.00, 0.00, 0.00, 0.00, 1.00, 1.00, 1.00, 0.00, 1.00, 0.00, 0.00, 0.00, 0.00, 1.00, 1.00, 0.00, 0.00
54,  0,  1.768,  0.98,  1,  0.181987,  0.271889,  -0.944964,  -0.083200,  0.235851,  -0.968221,  0.052,  0.259,  569.2,  573.8,  585.0,  596.4,  601.1,  597.4,  585.3,  573.9,  557.1,  563.5,  572.0,  583.2,  595.1,  604.2,  610.7,  602.7,  592.4,  581.2,  571.4,  563.4,  580.2,  585.5,  590.8,  593.0,  590.8,  585.5,  580.1,  577.9,  712.2,  715.9,  726.0,  736.5,  741.3,  737.6,  727.5,  716.2,  703.9,  711.4,  720.8,  732.1,  742.4,  750.0,  754.6,  749.3,  741.8,  732.2,  721.8,  711.8,  721.3,  726.8,  732.0,  734.0,  731.5,  726.0,  720.7,  718.8,  375.7,  363.9,  358.6,  362.9,  374.3,  387.1,  391.4,  387.1,  378.5,  372.6,  368.9,  366.8,  368.1,  372.1,  378.9,  381.7,  382.8,  383.4,  382.7,  381.2,  381.2,  383.2,  380.8,  375.2,  369.9,  367.8,  370.3,  375.8,  372.1,  361.3,  356.1,  359.6,  369.7,  380.6,  385.8,  383.0,  376.3,  369.6,  364.9,  362.7,  363.8,  366.8,  371.3,  376.3,  379.3,  380.6,  380.4,  379.3,  376.7,  378.5,  375.8,  370.1,  364.8,  362.9,  365.7,  371.3,  -27.7,  -26.0,  -21.5,  -17.0,  -15.1,  -16.5,  -21.3,  -25.8,  -32.7,  -30.0,  -26.5,  -22.1,  -17.4,  -13.9,  -11.4,  -14.5,  -18.4,  -22.7,  -26.7,  -30.0,  -23.4,  -21.3,  -19.2,  -18.4,  -19.3,  -21.4,  -23.5,  -24.3,  28.5,  30.0,  34.0,  38.3,  40.3,  38.8,  34.8,  30.2,  25.4,  28.2,  31.8,  36.3,  40.7,  44.1,  46.5,  43.9,  40.6,  36.5,  32.3,  28.4,  32.3,  34.5,  36.6,  37.4,  36.3,  34.1,  32.0,  31.2,  6.1,  1.5,  -0.6,  1.1,  5.6,  10.5,  12.2,  10.6,  7.3,  5.0,  3.5,  2.6,  3.1,  4.7,  7.4,  8.4,  8.8,  9.0,  8.8,  8.3,  8.3,  9.1,  8.1,  5.9,  3.9,  3.1,  4.0,  6.2,  4.8,  0.5,  -1.6,  -0.2,  3.9,  8.2,  10.3,  9.1,  6.5,  3.8,  1.9,  1.1,  1.5,  2.7,  4.6,  6.6,  7.7,  8.2,  8.1,  7.6,  6.6,  7.4,  6.3,  4.0,  1.9,  1.2,  2.2,  4.5,  342.5,  343.1,  342.9,  341.8,  340.7,  340.2,  340.3,  341.3,  345.8,  343.5,  341.2,  339.9,  339.8,  340.2,  340.9,  339.6,  338.4,  338.6,  340.4,  343.1,  342.3,  341.8,  341.7,  342.0,  342.6,  343.0,  343.2,  342.8,  345.7,  345.4,  345.9,  346.9,  347.8,  348.1,  347.6,  346.9,  347.0,  345.4,  344.5,  345.0,  347.4,  351.0,  354.7,  351.5,  348.6,  346.5,  345.8,  346.2,  347.5,  348.0,  348.3,  348.1,  347.7,  347.1,  346.9,  347.0,  6.4,  45.8,  369.5,  0.138,  -0.141,  0.038,  461.7,  463.6,  470.0,  480.5,  504.0,  538.2,  575.1,  616.7,  657.3,  691.0,  718.3,  741.8,  764.4,  780.6,  790.3,  798.1,  802.3,  508.2,  536.2,  570.7,  604.3,  636.0,  696.6,  725.1,  752.0,  778.3,  793.8,  667.1,  669.0,  671.2,  673.4,  630.3,  648.2,  666.1,  683.4,  698.4,  553.4,  573.2,  594.3,  611.9,  593.7,  572.6,  702.5,  720.3,  740.7,  756.5,  741.9,  722.5,  583.6,  615.2,  643.6,  661.5,  680.9,  703.3,  721.9,  703.0,  680.6,  659.5,  640.0,  611.6,  594.9,  643.3,  661.2,  680.8,  712.5,  679.5,  659.6,  640.8,  342.0,  395.3,  448.9,  499.9,  549.5,  591.1,  624.6,  649.2,  655.0,  646.2,  621.1,  590.4,  554.8,  514.1,  469.0,  420.1,  368.9,  352.7,  334.5,  331.6,  337.7,  348.8,  346.4,  333.1,  327.4,  328.5,  342.7,  374.5,  402.3,  430.4,  460.2,  477.9,  484.7,  490.8,  484.5,  476.8,  378.0,  368.6,  367.4,  377.4,  383.0,  383.6,  376.6,  364.5,  364.0,  372.7,  379.6,  380.0,  532.7,  526.7,  524.8,  528.9,  524.6,  526.5,  531.6,  561.1,  575.1,  578.3,  576.5,  562.6,  534.5,  535.5,  537.3,  534.1,  534.4,  554.9,  558.5,  556.6,  -80.7,  -81.1,  -79.4,  -75.1,  -63.4,  -47.0,  -29.5,  -10.4,  7.7,  23.3,  37.1,  49.3,  60.5,  67.8,  71.4,  74.2,  75.8,  -54.4,  -42.0,  -27.8,  -14.2,  -1.6,  22.8,  34.9,  46.9,  59.4,  68.1,  10.8,  11.5,  12.2,  12.9,  -3.9,  3.3,  10.5,  17.6,  23.9,  -35.5,  -27.3,  -18.8,  -11.6,  -19.0,  -27.5,  26.3,  33.9,  42.9,  50.2,  43.4,  34.9,  -24.4,  -10.3,  1.5,  8.9,  17.0,  27.0,  36.3,  27.1,  17.2,  8.2,  0.0,  -12.0,  -19.4,  1.4,  8.8,  17.1,  31.8,  16.7,  8.2,  0.3,  -8.2,  16.2,  41.5,  65.8,  88.4,  106.7,  120.1,  128.6,  131.4,  130.5,  123.6,  111.6,  94.7,  74.3,  51.7,  28.2,  4.2,  -3.0,  -10.3,  -11.4,  -8.9,  -4.4,  -5.5,  -11.0,  -13.6,  -13.5,  -7.7,  5.8,  16.7,  27.5,  38.8,  47.8,  50.2,  52.5,  50.4,  47.8,  7.4,  3.5,  3.1,  7.2,  9.4,  9.6,  7.0,  1.9,  1.7,  5.5,  8.3,  8.4,  74.5,  69.5,  68.1,  69.9,  68.6,  71.1,  75.9,  86.7,  91.0,  91.7,  90.8,  85.8,  75.0,  72.7,  73.6,  72.8,  76.6,  82.4,  83.4,  82.4,  396.1,  402.0,  408.5,  411.7,  408.2,  404.2,  397.1,  389.1,  389.9,  399.0,  414.4,  424.0,  425.6,  421.8,  415.5,  410.5,  408.5,  361.0,  354.0,  350.5,  348.2,  346.4,  352.2,  359.1,  366.6,  375.7,  387.4,  349.2,  345.8,  341.9,  338.6,  354.4,  352.5,  351.1,  354.3,  357.9,  358.2,  357.6,  359.3,  361.1,  358.5,  357.3,  368.0,  369.5,  372.4,  376.8,  372.8,  369.9,  377.5,  365.0,  361.3,  362.3,  364.8,  373.7,  387.1,  377.2,  370.3,  367.7,  366.8,  370.6,  376.1,  362.3,  363.3,  366.1,  384.1,  370.1,  367.3,  366.8,  2.337,  0.264,  -0.162,  0.042,  654.747,  467.591,  -32.651,  19.413,  7.306,  -2.083,  0.303,  8.385,  2.755,  4.896,  19.459,  -12.535,  -10.561,  -2.770,  -5.877,  0.123,  -4.053,  10.590,  -3.118,  2.642,  -6.886,  -2.718,  1.577,  -1.842,  0.493,  0.492,  1.934,  -0.119,  -0.776,  -1.208,  0.033,  -0.353,  -0.648,  -0.236,  0.341,  0.253, 0.05, 0.00, 0.14, 0.00, 0.04, 0.22, 0.32, 0.66, 0.25, 0.52, 0.00, 0.00, 0.70, 0.00, 2.66, 0.55, 0.10, 0.00, 0.00, 0.00, 0.00, 0.00, 1.00, 0.00, 1.00, 1.00, 1.00, 0.00, 0.00, 0.00, 0.00, 1.00, 1.00, 0.00, 0.00
55,  0,  1.802,  0.98,  1,  0.197863,  0.258965,  -0.945403,  -0.084526,  0.208654,  -0.974330,  0.059,  0.239,  568.6,  573.2,  584.5,  595.9,  600.8,  597.1,  584.9,  573.5,  556.2,  562.6,  571.3,  582.5,  594.5,  603.6,  610.1,  602.1,  591.6,  580.3,  570.4,  562.3,  579.9,  585.1,  590.2,  592.3,  590.1,  584.9,  579.8,  577.7,  711.4,  715.1,  725.2,  735.6,  740.4,  736.6,  726.6,  715.3,  703.4,  710.5,  719.8,  731.2,  741.6,  749.5,  754.2,  748.6,  740.8,  731.0,  720.7,  710.9,  720.7,  725.9,  731.0,  732.8,  730.5,  725.2,  720.2,  718.3,  374.7,  362.9,  357.5,  361.7,  373.1,  385.9,  390.3,  386.1,  377.4,  371.5,  367.7,  365.6,  367.1,  371.2,  378.0,  380.9,  381.9,  382.4,  381.8,  380.3,  380.0,  381.9,  379.5,  374.1,  369.0,  367.1,  369.5,  374.8,  370.3,  359.7,  354.6,  358.0,  368.0,  378.7,  383.8,  381.0,  375.4,  368.3,  363.4,  361.1,  362.2,  365.1,  369.8,  374.7,  377.7,  379.1,  378.9,  378.0,  374.5,  376.2,  373.7,  368.3,  363.3,  361.5,  364.1,  369.4,  -27.8,  -26.1,  -21.6,  -17.1,  -15.2,  -16.6,  -21.3,  -25.8,  -32.9,  -30.2,  -26.7,  -22.2,  -17.6,  -14.1,  -11.6,  -14.6,  -18.6,  -23.0,  -26.9,  -30.3,  -23.4,  -21.3,  -19.3,  -18.6,  -19.4,  -21.5,  -23.5,  -24.3,  28.4,  29.9,  33.9,  38.2,  40.2,  38.7,  34.7,  30.1,  25.4,  28.1,  31.7,  36.2,  40.6,  44.2,  46.6,  44.0,  40.5,  36.4,  32.2,  28.3,  32.3,  34.5,  36.5,  37.2,  36.2,  34.1,  32.0,  31.3,  5.7,  1.1,  -1.0,  0.7,  5.1,  10.0,  11.7,  10.1,  6.9,  4.5,  3.0,  2.2,  2.7,  4.3,  7.0,  8.1,  8.4,  8.6,  8.4,  7.9,  7.8,  8.5,  7.6,  5.5,  3.5,  2.8,  3.7,  5.8,  4.1,  -0.1,  -2.2,  -0.8,  3.2,  7.5,  9.5,  8.4,  6.2,  3.3,  1.3,  0.4,  0.9,  2.1,  4.0,  5.9,  7.1,  7.6,  7.5,  7.2,  5.8,  6.5,  5.5,  3.3,  1.3,  0.6,  1.6,  3.8,  340.5,  341.3,  341.1,  340.1,  338.9,  338.3,  338.2,  339.2,  343.9,  341.7,  339.4,  338.2,  338.0,  338.4,  339.0,  337.7,  336.5,  336.7,  338.5,  341.2,  340.3,  339.9,  339.8,  340.2,  340.7,  341.2,  341.3,  340.9,  348.7,  348.1,  348.3,  349.2,  350.2,  350.8,  350.6,  350.0,  350.3,  348.4,  347.2,  347.5,  349.8,  353.4,  357.0,  354.1,  351.3,  349.5,  348.9,  349.5,  350.4,  350.8,  350.9,  350.7,  350.2,  349.7,  349.6,  349.8,  5.9,  45.4,  369.3,  0.124,  -0.148,  0.044,  460.7,  462.8,  469.0,  478.6,  500.9,  534.3,  571.6,  614.1,  655.0,  688.8,  716.1,  739.6,  762.5,  779.0,  788.9,  796.8,  801.6,  505.9,  533.5,  568.4,  602.7,  635.0,  695.5,  723.9,  750.9,  777.1,  792.9,  666.0,  668.2,  670.4,  672.6,  629.8,  647.6,  665.3,  682.4,  697.2,  552.5,  572.3,  593.5,  611.0,  592.9,  571.9,  701.8,  719.4,  739.9,  755.6,  741.2,  721.8,  582.7,  614.0,  642.0,  660.4,  680.4,  702.9,  721.4,  702.4,  680.0,  658.3,  638.3,  610.2,  594.2,  641.7,  660.1,  680.3,  712.0,  678.9,  658.2,  638.8,  342.6,  394.9,  447.2,  497.1,  546.1,  587.9,  622.0,  647.6,  654.1,  646.3,  622.5,  593.3,  558.7,  518.5,  473.1,  423.7,  371.9,  352.7,  333.6,  330.4,  336.4,  347.6,  344.9,  331.4,  325.8,  327.0,  341.4,  373.3,  401.1,  429.2,  458.9,  476.9,  483.6,  489.6,  483.6,  476.2,  377.1,  367.4,  366.2,  376.5,  381.9,  382.5,  375.6,  362.9,  362.3,  371.4,  378.3,  378.8,  531.7,  525.7,  524.1,  528.2,  524.0,  525.9,  531.2,  559.9,  573.8,  577.0,  575.1,  561.2,  533.4,  534.4,  536.4,  533.1,  533.9,  554.1,  557.8,  555.7,  -81.1,  -81.2,  -79.5,  -75.6,  -64.6,  -48.5,  -30.8,  -11.4,  6.6,  22.1,  35.9,  48.2,  59.6,  67.2,  71.1,  74.1,  76.0,  -55.4,  -43.1,  -28.7,  -14.8,  -2.0,  22.4,  34.4,  46.5,  58.9,  67.7,  10.4,  11.1,  11.9,  12.6,  -4.1,  3.1,  10.1,  17.2,  23.4,  -35.8,  -27.7,  -19.1,  -12.0,  -19.3,  -27.8,  26.0,  33.5,  42.5,  49.9,  43.2,  34.6,  -24.6,  -10.8,  0.8,  8.4,  16.8,  26.8,  35.9,  26.9,  16.9,  7.7,  -0.7,  -12.6,  -19.6,  0.7,  8.4,  16.9,  31.5,  16.4,  7.6,  -0.5,  -7.9,  16.0,  40.5,  64.2,  86.4,  104.7,  118.1,  127.0,  130.2,  129.8,  123.8,  112.8,  96.7,  76.7,  54.0,  30.1,  5.6,  -3.0,  -10.7,  -11.9,  -9.4,  -4.9,  -6.1,  -11.8,  -14.3,  -14.2,  -8.2,  5.3,  16.3,  27.1,  38.3,  47.4,  49.8,  52.0,  50.0,  47.5,  7.0,  3.0,  2.6,  6.8,  9.0,  9.2,  6.5,  1.2,  1.0,  4.9,  7.8,  7.9,  73.8,  69.0,  67.7,  69.5,  68.3,  70.7,  75.5,  86.0,  90.3,  91.0,  90.0,  85.0,  74.2,  72.1,  73.1,  72.3,  76.1,  82.0,  82.9,  81.9,  395.6,  400.8,  406.7,  409.8,  406.2,  401.9,  394.6,  386.3,  387.3,  396.6,  412.6,  423.0,  425.8,  423.3,  417.8,  413.2,  411.4,  361.6,  354.4,  350.8,  348.2,  346.4,  352.6,  359.1,  366.7,  375.9,  387.6,  349.4,  345.9,  342.0,  338.6,  354.4,  352.5,  351.1,  354.1,  357.6,  358.3,  357.8,  359.5,  361.5,  358.8,  357.5,  368.4,  369.9,  372.8,  377.3,  373.3,  370.4,  376.0,  364.1,  360.8,  361.8,  364.4,  373.0,  386.0,  376.4,  369.7,  367.0,  366.1,  369.5,  374.6,  361.6,  362.7,  365.5,  383.0,  369.7,  366.9,  366.3,  2.340,  0.248,  -0.172,  0.048,  653.478,  466.887,  -31.173,  14.407,  6.822,  -3.219,  0.912,  9.020,  4.089,  7.683,  20.978,  -10.254,  -11.626,  -3.363,  -5.356,  1.754,  -3.530,  10.065,  -3.497,  3.745,  -7.880,  -2.555,  1.399,  -2.105,  0.394,  0.578,  2.295,  -0.491,  -0.229,  -1.565,  0.091,  -0.222,  -0.773,  -0.081,  0.345,  0.177, 0.00, 0.00, 0.05, 0.00, 0.04, 0.12, 0.22, 0.55, 0.29, 0.68, 0.00, 0.00, 0.75, 0.04, 2.55, 0.40, 0.05, 0.00, 0.00, 0.00, 0.00, 0.00, 1.00, 0.00, 1.00, 1.00, 1.00, 0.00, 0.00, 0.00, 0.00, 1.00, 1.00, 0.00, 0.00
56,  0,  1.835,  0.98,  1,  0.192920,  0.242638,  -0.950741,  -0.085308,  0.214968,  -0.972888,  0.056,  0.234,  567.2,  571.4,  582.4,  593.8,  598.9,  595.6,  583.7,  572.3,  554.7,  561.3,  570.2,  581.4,  593.1,  601.8,  608.0,  600.4,  590.4,  579.4,  569.5,  561.1,  578.0,  583.5,  588.8,  590.8,  588.4,  583.0,  577.7,  575.6,  709.9,  713.6,  723.6,  734.2,  739.0,  735.4,  725.3,  714.0,  701.9,  709.1,  718.3,  729.7,  740.3,  748.1,  752.8,  747.5,  739.9,  730.2,  719.7,  709.7,  719.1,  724.6,  729.8,  731.7,  729.2,  723.7,  718.5,  716.6,  374.8,  363.4,  358.1,  362.0,  372.9,  385.2,  389.6,  385.7,  377.9,  371.8,  367.8,  365.8,  367.3,  371.4,  378.1,  381.2,  382.3,  382.9,  382.3,  380.9,  380.1,  382.0,  379.5,  374.1,  368.9,  367.0,  369.5,  374.9,  370.9,  360.1,  354.9,  358.3,  368.3,  379.1,  384.3,  381.6,  375.4,  368.5,  363.5,  361.0,  362.1,  365.0,  369.8,  374.8,  377.8,  379.3,  379.2,  378.3,  375.2,  377.0,  374.3,  368.7,  363.4,  361.7,  364.4,  370.0,  -28.7,  -27.2,  -22.8,  -18.3,  -16.2,  -17.5,  -22.1,  -26.6,  -34.0,  -31.2,  -27.5,  -23.0,  -18.4,  -15.0,  -12.6,  -15.5,  -19.4,  -23.7,  -27.7,  -31.2,  -24.5,  -22.3,  -20.2,  -19.4,  -20.4,  -22.6,  -24.7,  -25.5,  27.6,  29.0,  33.0,  37.3,  39.3,  37.9,  33.9,  29.3,  24.5,  27.2,  30.8,  35.3,  39.8,  43.3,  45.7,  43.1,  39.8,  35.7,  31.5,  27.6,  31.4,  33.6,  35.7,  36.4,  35.4,  33.2,  31.1,  30.3,  5.8,  1.3,  -0.8,  0.8,  5.1,  9.9,  11.6,  10.1,  7.1,  4.7,  3.1,  2.3,  2.9,  4.5,  7.1,  8.3,  8.7,  9.0,  8.8,  8.2,  7.9,  8.7,  7.7,  5.6,  3.5,  2.8,  3.8,  5.9,  4.3,  0.0,  -2.0,  -0.7,  3.3,  7.6,  9.6,  8.6,  6.1,  3.3,  1.4,  0.4,  0.8,  2.0,  4.0,  5.9,  7.1,  7.6,  7.6,  7.2,  6.0,  6.8,  5.7,  3.4,  1.4,  0.7,  1.7,  4.0,  345.4,  346.6,  346.8,  346.1,  344.7,  343.8,  343.3,  344.1,  348.5,  346.6,  344.6,  343.7,  343.9,  344.5,  345.1,  343.5,  342.0,  341.9,  343.4,  345.9,  345.4,  345.0,  345.2,  345.7,  346.4,  346.7,  346.6,  346.1,  345.4,  345.0,  345.3,  346.2,  347.1,  347.6,  347.2,  346.6,  346.8,  345.1,  344.2,  344.5,  347.0,  350.5,  354.2,  351.0,  348.2,  346.3,  345.6,  346.1,  347.1,  347.6,  347.8,  347.6,  347.1,  346.6,  346.4,  346.6,  5.2,  45.5,  369.0,  0.123,  -0.157,  0.052,  460.1,  461.7,  467.3,  475.9,  497.0,  529.3,  566.8,  610.1,  651.9,  686.1,  713.3,  736.9,  760.1,  776.6,  786.7,  794.9,  800.1,  504.9,  532.1,  566.7,  601.2,  633.6,  694.3,  722.9,  749.8,  775.8,  791.4,  664.4,  666.8,  669.1,  671.4,  628.9,  646.5,  663.9,  680.7,  695.4,  551.2,  570.9,  592.0,  609.6,  591.7,  570.7,  700.6,  718.0,  738.5,  754.3,  739.9,  720.6,  581.3,  612.8,  640.8,  659.0,  678.8,  701.4,  720.1,  701.1,  678.6,  657.0,  637.3,  609.1,  592.9,  640.5,  658.8,  678.7,  710.9,  677.1,  656.7,  637.5,  343.3,  394.2,  445.0,  493.7,  542.1,  584.0,  618.8,  645.9,  653.5,  646.4,  623.4,  595.1,  561.1,  521.3,  475.9,  426.4,  374.5,  352.9,  334.0,  330.9,  336.8,  347.8,  345.0,  331.1,  325.6,  327.2,  341.5,  373.9,  401.5,  429.4,  459.0,  477.6,  484.2,  490.0,  484.1,  477.0,  377.6,  367.6,  366.4,  376.7,  382.2,  382.9,  375.9,  362.8,  362.2,  371.5,  378.4,  379.0,  532.3,  526.9,  525.5,  529.5,  525.5,  527.2,  531.9,  560.8,  574.6,  577.7,  575.8,  561.9,  534.0,  535.6,  537.6,  534.4,  534.7,  555.3,  558.8,  556.7,  -80.9,  -81.2,  -79.8,  -76.4,  -66.0,  -50.6,  -32.9,  -13.2,  5.3,  20.8,  34.5,  46.8,  58.6,  66.4,  70.4,  73.5,  75.6,  -55.8,  -43.6,  -29.3,  -15.4,  -2.5,  21.9,  34.0,  46.0,  58.3,  67.0,  9.7,  10.6,  11.4,  12.1,  -4.5,  2.6,  9.6,  16.5,  22.6,  -36.3,  -28.2,  -19.7,  -12.6,  -19.8,  -28.3,  25.5,  32.9,  41.9,  49.3,  42.6,  34.1,  -25.2,  -11.3,  0.3,  7.8,  16.1,  26.2,  35.3,  26.2,  16.3,  7.1,  -1.1,  -13.0,  -20.1,  0.2,  7.8,  16.2,  31.0,  15.7,  7.0,  -1.0,  -7.5,  15.6,  39.2,  62.2,  84.1,  102.4,  116.2,  125.8,  129.5,  129.5,  124.0,  113.7,  98.1,  78.3,  55.6,  31.5,  6.8,  -2.9,  -10.5,  -11.7,  -9.2,  -4.8,  -6.1,  -11.9,  -14.4,  -14.1,  -8.2,  5.5,  16.4,  27.1,  38.2,  47.6,  50.0,  52.1,  50.2,  47.8,  7.2,  3.1,  2.6,  6.9,  9.1,  9.3,  6.7,  1.2,  0.9,  4.9,  7.9,  8.0,  73.8,  69.3,  68.1,  70.0,  68.8,  71.2,  75.8,  86.3,  90.6,  91.2,  90.2,  85.1,  74.3,  72.5,  73.5,  72.8,  76.4,  82.4,  83.3,  82.2,  393.6,  398.3,  404.0,  407.3,  404.0,  400.0,  393.0,  384.9,  386.0,  395.6,  412.1,  423.1,  426.7,  424.9,  419.7,  415.1,  413.2,  361.0,  353.8,  350.2,  347.5,  345.8,  352.2,  358.6,  366.4,  375.6,  387.4,  348.8,  345.3,  341.4,  337.9,  353.9,  352.1,  350.8,  353.8,  357.3,  357.9,  357.3,  359.0,  361.3,  358.5,  357.2,  368.1,  369.5,  372.5,  377.1,  373.1,  370.1,  375.1,  363.4,  360.3,  361.3,  363.8,  372.6,  385.6,  376.1,  369.3,  366.7,  365.6,  369.0,  373.8,  361.1,  362.3,  365.0,  382.6,  369.1,  366.4,  365.8,  2.343,  0.248,  -0.186,  0.057,  651.813,  467.263,  -29.613,  9.480,  5.956,  -3.307,  0.803,  8.535,  4.384,  9.874,  22.570,  -7.786,  -12.568,  -3.633,  -5.481,  1.186,  -3.580,  10.279,  -3.498,  4.414,  -8.101,  -2.448,  1.848,  -1.972,  0.451,  1.188,  2.409,  -0.349,  -0.034,  -1.691,  0.048,  -0.208,  -0.716,  -0.065,  0.304,  0.190, 0.00, 0.00, 0.00, 0.08, 0.00, 0.07, 0.10, 0.40, 0.27, 0.70, 0.00, 0.00, 0.73, 0.04, 2.47, 0.32, 0.07, 0.00, 0.00, 0.00, 1.00, 0.00, 1.00, 0.00, 1.00, 1.00, 1.00, 0.00, 0.00, 0.00, 0.00, 1.00, 1.00, 0.00, 0.00
57,  0,  1.869,  0.98,  1,  0.217619,  0.250497,  -0.943341,  -0.081450,  0.217415,  -0.972675,  0.071,  0.240,  565.7,  569.9,  581.4,  593.3,  598.7,  595.2,  582.9,  571.0,  552.5,  559.5,  568.6,  579.8,  591.6,  600.6,  606.7,  599.1,  588.9,  577.7,  567.6,  558.9,  577.4,  582.6,  587.5,  589.4,  587.1,  581.9,  576.9,  575.0,  708.5,  712.2,  722.2,  732.7,  737.5,  733.8,  723.8,  712.4,  700.2,  707.5,  716.8,  728.2,  738.6,  746.4,  751.3,  745.9,  738.2,  728.3,  718.0,  708.0,  717.7,  723.0,  728.2,  730.1,  727.6,  722.2,  717.1,  715.2,  376.1,  364.9,  359.6,  363.5,  374.2,  386.5,  390.7,  386.8,  379.3,  373.0,  368.9,  366.9,  368.5,  372.6,  379.7,  382.8,  383.6,  384.0,  383.6,  382.4,  381.3,  382.9,  380.7,  375.7,  371.1,  369.4,  371.7,  376.6,  371.6,  360.8,  355.7,  359.2,  369.4,  380.2,  385.3,  382.5,  376.7,  369.7,  364.7,  362.2,  363.2,  366.3,  371.0,  376.1,  379.1,  380.5,  380.4,  379.5,  376.1,  377.9,  375.3,  369.7,  364.5,  362.7,  365.3,  370.9,  -28.7,  -27.2,  -22.8,  -18.1,  -15.9,  -17.2,  -21.8,  -26.4,  -34.0,  -31.2,  -27.5,  -23.1,  -18.6,  -15.2,  -12.8,  -15.7,  -19.5,  -23.7,  -27.7,  -31.3,  -24.1,  -22.1,  -20.2,  -19.5,  -20.5,  -22.5,  -24.4,  -25.1,  27.0,  28.4,  32.4,  36.6,  38.6,  37.2,  33.2,  28.7,  23.8,  26.6,  30.2,  34.7,  39.0,  42.6,  45.0,  42.4,  39.0,  34.9,  30.7,  26.8,  30.8,  32.9,  35.0,  35.7,  34.7,  32.5,  30.5,  29.7,  6.2,  1.9,  -0.2,  1.3,  5.5,  10.2,  11.7,  10.3,  7.5,  5.0,  3.4,  2.7,  3.3,  4.9,  7.6,  8.7,  9.0,  9.1,  9.0,  8.6,  8.2,  8.8,  8.0,  6.1,  4.3,  3.6,  4.5,  6.4,  4.6,  0.3,  -1.7,  -0.3,  3.7,  8.0,  10.0,  8.9,  6.6,  3.8,  1.8,  0.8,  1.3,  2.5,  4.4,  6.5,  7.6,  8.1,  8.0,  7.7,  6.4,  7.1,  6.1,  3.9,  1.8,  1.1,  2.1,  4.3,  337.4,  339.3,  340.1,  339.3,  337.4,  335.6,  334.7,  335.5,  339.8,  338.5,  336.9,  336.3,  336.5,  336.8,  337.0,  335.2,  333.5,  333.2,  334.7,  337.3,  337.3,  337.0,  337.3,  338.2,  339.0,  339.3,  339.0,  338.2,  345.0,  344.7,  345.1,  345.9,  346.7,  347.0,  346.6,  346.1,  346.4,  344.7,  343.7,  344.1,  346.5,  350.1,  353.8,  350.5,  347.7,  345.7,  345.1,  345.6,  346.6,  347.1,  347.3,  347.2,  346.7,  346.3,  346.0,  346.2,  5.0,  46.2,  369.2,  0.136,  -0.144,  0.033,  457.4,  459.7,  467.1,  478.6,  503.5,  538.4,  575.0,  614.9,  654.7,  688.1,  715.2,  738.7,  761.3,  777.2,  786.6,  793.9,  797.8,  503.6,  531.7,  566.4,  600.5,  632.7,  692.9,  721.3,  748.4,  774.6,  789.7,  663.5,  665.4,  667.6,  670.0,  627.7,  645.3,  662.9,  680.0,  694.7,  549.3,  569.2,  590.6,  608.1,  590.0,  568.6,  698.7,  716.3,  737.0,  752.9,  738.3,  718.6,  581.1,  612.9,  641.3,  658.5,  677.2,  699.7,  718.9,  699.6,  677.3,  657.0,  638.1,  609.6,  592.4,  641.1,  658.4,  677.2,  709.3,  676.4,  657.1,  639.0,  342.8,  396.8,  451.3,  502.7,  552.3,  593.0,  625.0,  648.3,  653.7,  645.3,  620.3,  590.1,  555.2,  515.7,  471.6,  423.8,  373.5,  354.0,  335.7,  332.4,  338.4,  349.8,  346.8,  333.2,  327.1,  328.2,  342.5,  374.6,  402.7,  431.0,  461.0,  480.1,  486.4,  492.2,  486.0,  478.2,  378.8,  369.0,  367.8,  378.1,  383.8,  384.5,  376.9,  363.9,  363.3,  372.5,  379.6,  380.1,  535.0,  529.9,  528.0,  531.9,  527.5,  529.0,  532.8,  562.1,  576.1,  579.5,  578.0,  564.4,  537.0,  538.6,  540.2,  536.8,  536.0,  556.0,  559.8,  558.1,  -82.9,  -83.0,  -80.9,  -76.0,  -63.7,  -46.8,  -29.4,  -11.1,  6.5,  21.9,  35.6,  47.7,  58.9,  66.0,  69.6,  72.3,  73.9,  -56.3,  -43.8,  -29.4,  -15.7,  -2.9,  21.3,  33.3,  45.4,  57.8,  66.3,  9.3,  10.0,  10.8,  11.5,  -5.0,  2.1,  9.1,  16.1,  22.3,  -37.1,  -28.9,  -20.3,  -13.1,  -20.5,  -29.1,  24.7,  32.2,  41.2,  48.6,  41.9,  33.2,  -25.4,  -11.3,  0.5,  7.6,  15.5,  25.5,  34.9,  25.7,  15.8,  7.1,  -0.8,  -12.9,  -20.4,  0.5,  7.6,  15.6,  30.4,  15.4,  7.2,  -0.4,  -7.8,  17.0,  42.7,  67.2,  89.7,  107.4,  119.9,  127.9,  130.5,  129.7,  123.0,  111.3,  94.7,  74.9,  53.0,  30.0,  6.3,  -2.5,  -9.8,  -11.0,  -8.6,  -4.0,  -5.3,  -11.0,  -13.8,  -13.7,  -7.8,  5.8,  16.8,  27.7,  38.9,  48.5,  50.8,  52.9,  50.9,  48.2,  7.7,  3.7,  3.2,  7.5,  9.7,  10.0,  7.1,  1.7,  1.4,  5.4,  8.4,  8.5,  75.5,  70.9,  69.4,  71.1,  69.8,  72.2,  76.4,  87.1,  91.4,  92.2,  91.3,  86.6,  76.0,  74.0,  74.8,  74.0,  77.3,  82.8,  83.7,  82.9,  396.9,  402.8,  409.2,  412.2,  408.1,  403.5,  396.0,  388.1,  388.9,  397.9,  413.4,  423.2,  424.6,  420.9,  415.3,  410.9,  409.6,  361.2,  353.9,  350.2,  347.5,  345.4,  351.4,  358.4,  366.3,  375.8,  387.9,  348.6,  344.8,  340.7,  337.0,  353.6,  351.6,  350.0,  353.3,  357.0,  358.1,  357.3,  358.9,  360.9,  358.2,  357.1,  367.7,  369.1,  372.1,  376.7,  372.5,  369.6,  377.4,  365.1,  361.1,  362.2,  364.6,  373.6,  387.0,  376.9,  370.1,  367.5,  366.6,  370.5,  375.8,  362.3,  363.4,  366.2,  384.0,  369.6,  366.8,  366.3,  2.340,  0.260,  -0.161,  0.037,  651.568,  468.774,  -31.170,  20.765,  6.839,  0.061,  4.273,  10.001,  3.141,  6.429,  20.612,  -10.581,  -10.556,  -2.073,  -6.069,  -0.517,  -4.783,  10.887,  -3.175,  2.775,  -6.510,  -2.939,  3.155,  -2.448,  1.022,  1.476,  2.768,  -0.260,  -0.570,  -1.170,  0.050,  -0.263,  -0.572,  -0.173,  0.347,  0.206, 0.00, 0.00, 0.05, 0.08, 0.00, 0.07, 0.03, 0.21, 0.29, 0.74, 0.00, 0.08, 0.56, 0.14, 2.07, 0.25, 0.18, 0.00, 0.00, 0.00, 1.00, 0.00, 1.00, 0.00, 0.00, 1.00, 1.00, 0.00, 0.00, 0.00, 0.00, 1.00, 1.00, 0.00, 0.00
58,  0,  1.902,  0.98,  1,  0.207154,  0.244467,  -0.947271,  -0.087130,  0.228030,  -0.969748,  0.063,  0.242,  564.3,  568.3,  579.5,  591.3,  596.8,  593.6,  581.5,  569.7,  551.3,  558.2,  567.5,  578.7,  590.5,  599.3,  605.4,  598.0,  588.0,  577.0,  566.7,  557.8,  575.7,  581.0,  586.1,  587.9,  585.5,  580.1,  575.1,  573.2,  706.7,  710.5,  720.6,  731.1,  736.0,  732.2,  722.1,  710.8,  698.7,  706.0,  715.4,  726.8,  737.3,  745.1,  749.9,  744.5,  736.9,  727.1,  716.7,  706.7,  715.9,  721.4,  726.7,  728.7,  726.1,  720.6,  715.3,  713.3,  376.7,  365.4,  360.1,  363.9,  374.5,  386.8,  391.1,  387.4,  379.9,  373.8,  369.7,  367.9,  369.6,  373.8,  380.7,  383.8,  384.6,  385.0,  384.4,  383.1,  381.8,  383.5,  381.1,  376.0,  371.2,  369.5,  371.9,  377.0,  372.5,  361.7,  356.5,  360.0,  370.2,  381.1,  386.3,  383.4,  377.6,  370.5,  365.3,  362.7,  363.7,  366.8,  371.5,  376.7,  379.8,  381.2,  381.2,  380.4,  377.2,  379.0,  376.3,  370.5,  365.2,  363.3,  366.0,  371.8,  -29.4,  -28.0,  -23.7,  -19.0,  -16.8,  -18.0,  -22.6,  -27.2,  -34.7,  -31.9,  -28.1,  -23.7,  -19.2,  -15.8,  -13.5,  -16.2,  -20.0,  -24.2,  -28.3,  -32.0,  -25.0,  -22.9,  -20.9,  -20.3,  -21.3,  -23.4,  -25.3,  -26.0,  26.1,  27.5,  31.5,  35.8,  37.7,  36.3,  32.3,  27.8,  23.1,  25.8,  29.4,  33.9,  38.2,  41.7,  44.1,  41.6,  38.2,  34.1,  30.0,  26.1,  29.8,  32.1,  34.2,  34.9,  33.9,  31.6,  29.5,  28.8,  6.5,  2.1,  0.0,  1.5,  5.6,  10.4,  12.0,  10.6,  7.8,  5.4,  3.8,  3.1,  3.7,  5.4,  8.0,  9.2,  9.5,  9.6,  9.4,  9.0,  8.5,  9.1,  8.2,  6.2,  4.4,  3.7,  4.6,  6.6,  4.9,  0.7,  -1.4,  0.0,  4.0,  8.3,  10.3,  9.2,  6.9,  4.1,  2.1,  1.0,  1.5,  2.7,  4.6,  6.6,  7.8,  8.3,  8.3,  8.0,  6.7,  7.5,  6.4,  4.1,  2.0,  1.3,  2.4,  4.6,  339.8,  341.6,  342.3,  341.7,  340.0,  338.4,  337.5,  338.2,  342.5,  341.0,  339.4,  338.8,  339.2,  339.7,  340.2,  338.3,  336.7,  336.2,  337.5,  340.0,  339.9,  339.6,  340.0,  340.8,  341.5,  341.8,  341.5,  340.7,  342.3,  342.0,  342.4,  343.3,  344.1,  344.5,  344.1,  343.5,  343.7,  342.0,  341.1,  341.5,  343.9,  347.5,  351.3,  348.0,  345.1,  343.1,  342.4,  342.9,  344.0,  344.5,  344.7,  344.6,  344.1,  343.6,  343.4,  343.5,  4.1,  46.1,  369.6,  0.141,  -0.155,  0.045,  457.1,  458.8,  465.0,  474.6,  496.7,  529.4,  566.2,  607.9,  649.1,  683.4,  711.0,  735.1,  758.1,  774.4,  784.3,  792.4,  797.1,  501.6,  528.9,  563.3,  597.8,  630.4,  691.5,  720.1,  747.0,  773.2,  788.8,  661.6,  663.8,  666.2,  668.6,  626.4,  643.8,  661.1,  677.8,  692.4,  548.1,  568.0,  589.4,  607.0,  589.1,  567.6,  697.4,  714.9,  735.6,  751.5,  737.0,  717.3,  579.9,  612.0,  639.8,  656.4,  674.7,  696.6,  716.0,  696.7,  675.0,  655.3,  637.0,  609.1,  591.6,  639.3,  656.1,  674.5,  706.8,  673.9,  655.2,  637.7,  345.0,  396.1,  447.4,  496.2,  544.2,  585.0,  618.1,  643.6,  650.4,  642.6,  618.3,  588.7,  554.3,  514.9,  470.8,  423.3,  373.0,  354.5,  336.6,  333.4,  339.5,  350.7,  347.8,  333.9,  327.6,  328.7,  342.5,  376.4,  404.3,  432.6,  462.4,  481.4,  487.8,  493.4,  487.4,  480.0,  379.4,  369.7,  368.5,  378.9,  384.7,  385.5,  377.7,  364.6,  364.0,  373.0,  380.5,  381.1,  535.2,  532.0,  530.6,  534.5,  530.3,  531.5,  533.7,  560.6,  573.3,  576.3,  574.7,  562.1,  537.2,  541.3,  543.0,  539.7,  536.9,  553.4,  556.8,  555.0,  -82.7,  -82.9,  -81.3,  -77.5,  -66.6,  -50.9,  -33.4,  -14.3,  4.1,  19.7,  33.6,  46.2,  57.8,  65.4,  69.3,  72.4,  74.3,  -57.2,  -45.0,  -30.7,  -16.7,  -3.8,  20.7,  32.8,  44.8,  57.2,  65.9,  8.6,  9.4,  10.2,  11.0,  -5.5,  1.5,  8.5,  15.3,  21.4,  -37.6,  -29.4,  -20.7,  -13.6,  -20.8,  -29.6,  24.1,  31.6,  40.7,  48.0,  41.3,  32.7,  -25.8,  -11.7,  -0.1,  6.8,  14.4,  24.1,  33.6,  24.4,  14.8,  6.4,  -1.2,  -13.1,  -20.7,  -0.3,  6.7,  14.5,  29.3,  14.2,  6.4,  -1.0,  -6.8,  16.5,  40.6,  63.8,  85.7,  103.6,  116.8,  125.7,  128.9,  128.5,  122.2,  111.1,  95.1,  75.3,  53.2,  30.1,  6.1,  -2.3,  -9.5,  -10.6,  -8.1,  -3.7,  -4.9,  -10.7,  -13.6,  -13.4,  -7.8,  6.5,  17.5,  28.3,  39.5,  49.1,  51.4,  53.5,  51.6,  49.1,  7.9,  4.0,  3.5,  7.8,  10.1,  10.4,  7.4,  2.0,  1.7,  5.6,  8.8,  8.9,  75.4,  71.7,  70.5,  72.3,  71.0,  73.2,  76.8,  86.2,  89.9,  90.6,  89.7,  85.4,  75.9,  75.1,  76.1,  75.2,  77.5,  81.4,  82.2,  81.4,  395.4,  400.6,  406.6,  410.0,  406.8,  403.0,  396.0,  388.0,  388.5,  397.7,  414.0,  425.0,  428.2,  425.6,  420.3,  415.4,  413.6,  361.7,  353.9,  349.9,  347.1,  345.1,  351.3,  358.2,  366.2,  375.7,  387.7,  348.5,  344.9,  340.8,  337.1,  354.0,  352.2,  350.9,  354.1,  357.7,  358.6,  357.5,  358.9,  361.2,  358.5,  357.4,  368.0,  369.2,  372.3,  377.2,  372.9,  370.0,  376.6,  364.9,  361.3,  362.4,  364.6,  373.4,  386.8,  376.0,  368.9,  366.5,  365.7,  369.7,  374.9,  362.7,  363.8,  366.3,  383.6,  368.3,  365.7,  365.3,  2.339,  0.266,  -0.178,  0.049,  649.289,  468.512,  -23.004,  12.352,  1.825,  -1.232,  2.893,  10.407,  1.664,  6.840,  21.136,  -7.233,  -11.403,  -1.476,  -5.631,  -0.964,  -3.839,  10.151,  -2.681,  3.252,  -6.679,  -3.077,  2.901,  -3.406,  0.926,  1.434,  2.413,  -0.184,  -0.628,  -1.352,  -0.171,  -0.223,  -0.706,  -0.050,  0.365,  0.178, 0.00, 0.00, 0.05, 0.08, 0.00, 0.11, 0.00, 0.07, 0.26, 0.78, 0.00, 0.32, 0.35, 0.31, 1.24, 0.16, 0.21, 0.00, 0.00, 0.00, 1.00, 0.00, 1.00, 0.00, 0.00, 1.00, 1.00, 0.00, 1.00, 0.00, 0.00, 1.00, 0.00, 0.00, 0.00
59,  0,  1.935,  0.98,  1,  0.222052,  0.241998,  -0.944526,  -0.074730,  0.214970,  -0.973757,  0.077,  0.234,  563.2,  567.3,  578.6,  590.5,  595.9,  592.6,  580.5,  568.6,  550.0,  557.0,  566.3,  577.5,  589.3,  598.3,  604.6,  597.0,  586.9,  575.9,  565.6,  556.7,  574.6,  580.0,  585.3,  587.2,  584.7,  579.2,  574.0,  572.1,  706.0,  709.5,  719.5,  730.0,  734.9,  731.3,  721.4,  710.1,  697.9,  705.0,  714.3,  725.6,  736.0,  744.0,  748.9,  743.6,  735.8,  725.9,  715.5,  705.6,  715.3,  720.6,  725.6,  727.4,  724.9,  719.7,  714.7,  712.9,  376.9,  365.4,  360.0,  363.8,  374.6,  387.1,  391.6,  387.8,  380.2,  374.1,  369.9,  368.0,  369.6,  373.9,  380.9,  383.9,  384.8,  385.2,  384.7,  383.3,  382.1,  383.9,  381.4,  376.1,  371.1,  369.3,  371.8,  377.1,  372.2,  361.5,  356.3,  359.7,  369.8,  380.6,  385.8,  383.0,  377.7,  370.6,  365.3,  362.7,  363.7,  366.7,  371.5,  376.7,  379.8,  381.2,  381.2,  380.5,  376.5,  378.3,  375.7,  370.3,  365.2,  363.4,  366.1,  371.5,  -29.6,  -28.1,  -23.8,  -19.2,  -17.0,  -18.2,  -22.8,  -27.3,  -34.9,  -32.1,  -28.3,  -24.0,  -19.4,  -16.0,  -13.6,  -16.5,  -20.2,  -24.4,  -28.5,  -32.1,  -25.2,  -23.1,  -21.1,  -20.4,  -21.4,  -23.5,  -25.5,  -26.2,  26.1,  27.5,  31.5,  35.7,  37.7,  36.3,  32.3,  27.8,  23.0,  25.7,  29.3,  33.8,  38.1,  41.7,  44.2,  41.6,  38.2,  34.0,  29.9,  26.0,  29.9,  32.1,  34.1,  34.8,  33.8,  31.6,  29.6,  28.9,  6.5,  2.1,  -0.0,  1.5,  5.6,  10.4,  12.1,  10.6,  7.8,  5.4,  3.8,  3.1,  3.7,  5.3,  8.0,  9.2,  9.5,  9.6,  9.4,  9.0,  8.5,  9.2,  8.2,  6.2,  4.3,  3.6,  4.6,  6.6,  4.8,  0.6,  -1.5,  -0.1,  3.9,  8.2,  10.2,  9.1,  7.0,  4.2,  2.1,  1.1,  1.5,  2.7,  4.6,  6.7,  7.9,  8.4,  8.4,  8.1,  6.6,  7.3,  6.2,  4.1,  2.1,  1.4,  2.4,  4.6,  336.8,  338.4,  339.0,  338.3,  336.7,  335.3,  334.5,  335.2,  339.6,  338.0,  336.2,  335.4,  335.7,  336.2,  336.8,  335.0,  333.5,  333.1,  334.5,  337.0,  336.9,  336.5,  336.8,  337.6,  338.3,  338.6,  338.4,  337.6,  346.1,  345.9,  346.2,  347.0,  347.7,  348.0,  347.6,  347.1,  347.6,  345.9,  344.9,  345.2,  347.6,  351.1,  354.7,  351.5,  348.7,  346.8,  346.2,  346.8,  347.7,  348.1,  348.3,  348.2,  347.8,  347.4,  347.2,  347.3,  4.1,  45.7,  372.7,  0.132,  -0.156,  0.032,  455.2,  457.6,  464.4,  474.9,  498.7,  532.7,  568.6,  608.5,  649.3,  683.7,  712.2,  736.6,  759.1,  774.6,  783.6,  790.9,  794.9,  499.9,  528.1,  563.4,  598.0,  630.8,  690.0,  718.9,  745.9,  772.1,  787.3,  660.6,  662.6,  664.9,  667.3,  624.1,  642.3,  660.3,  677.5,  692.3,  546.9,  567.0,  588.6,  605.8,  588.0,  566.3,  696.2,  714.0,  734.6,  750.3,  735.9,  716.3,  579.1,  613.0,  640.1,  656.7,  675.2,  696.4,  716.5,  697.3,  676.9,  657.4,  639.3,  611.4,  590.9,  639.8,  656.6,  675.3,  707.3,  675.9,  657.3,  640.0,  345.3,  397.1,  449.5,  499.0,  546.9,  586.3,  617.2,  640.1,  645.0,  636.2,  610.3,  579.7,  545.1,  506.4,  464.5,  420.2,  373.1,  354.7,  337.3,  333.8,  339.9,  351.3,  348.3,  334.7,  328.0,  328.7,  342.7,  376.3,  404.3,  432.7,  462.5,  482.2,  488.5,  493.9,  487.6,  479.6,  379.3,  370.0,  368.9,  379.1,  385.1,  385.9,  377.6,  364.7,  364.0,  372.8,  380.4,  381.0,  534.2,  532.8,  531.4,  535.0,  530.5,  530.3,  530.1,  551.2,  562.3,  565.8,  564.9,  555.6,  536.6,  542.4,  543.9,  540.1,  533.6,  543.1,  546.9,  545.7,  -85.0,  -84.9,  -82.9,  -78.5,  -66.6,  -50.0,  -32.7,  -14.1,  4.1,  20.0,  34.4,  47.3,  58.7,  65.9,  69.5,  72.4,  74.2,  -58.7,  -45.8,  -31.0,  -16.8,  -3.7,  20.3,  32.6,  44.8,  57.5,  66.2,  8.3,  9.0,  9.8,  10.6,  -6.5,  0.9,  8.2,  15.3,  21.6,  -38.6,  -30.1,  -21.3,  -14.3,  -21.5,  -30.4,  23.9,  31.6,  40.7,  48.1,  41.3,  32.6,  -26.4,  -11.4,  0.1,  7.0,  14.8,  24.3,  34.2,  24.8,  15.6,  7.3,  -0.3,  -12.1,  -21.2,  -0.1,  7.0,  15.0,  29.8,  15.2,  7.2,  -0.0,  -6.8,  17.3,  42.3,  66.1,  88.0,  105.4,  117.7,  125.4,  127.6,  126.6,  119.3,  107.6,  91.2,  71.6,  50.6,  28.9,  6.3,  -2.2,  -9.3,  -10.6,  -8.1,  -3.5,  -4.7,  -10.5,  -13.6,  -13.6,  -7.8,  6.6,  17.6,  28.6,  39.8,  50.0,  52.2,  54.2,  52.1,  49.4,  8.0,  4.1,  3.7,  8.0,  10.4,  10.7,  7.5,  2.0,  1.7,  5.6,  8.8,  9.0,  75.7,  72.8,  71.5,  73.3,  71.8,  73.5,  76.1,  82.6,  85.4,  86.3,  85.7,  82.9,  76.3,  76.4,  77.3,  76.3,  76.9,  77.2,  78.2,  77.6,  402.4,  407.5,  413.1,  415.9,  412.2,  407.6,  400.4,  391.8,  391.6,  400.9,  417.1,  428.4,  431.0,  428.1,  423.5,  419.6,  419.1,  366.7,  358.3,  353.7,  350.8,  348.8,  354.5,  361.9,  370.5,  380.7,  393.4,  352.5,  348.6,  344.1,  340.1,  357.7,  355.6,  354.1,  357.6,  361.8,  363.0,  361.4,  362.7,  365.1,  362.2,  361.3,  372.4,  373.6,  376.7,  381.7,  377.1,  374.2,  380.0,  368.4,  365.0,  366.2,  368.5,  377.4,  391.4,  378.0,  369.5,  366.7,  366.0,  371.0,  378.0,  366.4,  367.6,  370.5,  387.5,  369.0,  366.0,  365.6,  2.316,  0.256,  -0.175,  0.035,  649.181,  466.674,  -13.763,  17.257,  -1.725,  -4.133,  4.546,  15.585,  -3.694,  3.056,  17.766,  -6.951,  -10.973,  1.747,  -8.158,  -0.146,  -2.956,  9.478,  -4.681,  2.127,  -3.307,  -4.139,  4.675,  -4.218,  1.118,  0.485,  3.307,  -0.935,  -0.859,  -0.557,  -0.356,  -0.495,  -0.427,  -0.030,  0.358,  0.194, 0.00, 0.00, 0.05, 0.00, 0.00, 0.09, 0.00, 0.03, 0.27, 0.79, 0.00, 0.69, 0.24, 0.62, 0.47, 0.06, 0.14, 0.00, 0.00, 0.00, 1.00, 0.00, 1.00, 0.00, 0.00, 1.00, 1.00, 0.00, 1.00, 0.00, 0.00, 0.00, 0.00, 0.00, 0.00
60,  0,  1.969,  0.98,  1,  0.186178,  0.228284,  -0.955628,  -0.073737,  0.221588,  -0.972349,  0.058,  0.229,  562.5,  566.5,  577.7,  589.6,  595.2,  592.0,  580.0,  568.1,  549.5,  557.2,  567.1,  578.1,  589.3,  598.1,  604.2,  597.5,  588.5,  578.1,  567.3,  557.5,  573.4,  579.2,  584.7,  586.6,  583.9,  578.1,  572.6,  570.6,  705.1,  708.5,  718.5,  729.2,  734.3,  730.8,  720.9,  709.4,  696.7,  704.1,  713.5,  724.7,  734.9,  742.6,  747.6,  742.6,  735.2,  725.6,  715.1,  704.8,  714.7,  719.8,  724.7,  726.4,  723.9,  718.7,  713.8,  712.2,  375.7,  364.1,  359.0,  363.2,  374.4,  386.9,  391.0,  386.8,  379.5,  373.9,  370.0,  368.0,  369.4,  373.7,  380.8,  383.7,  384.7,  385.2,  384.5,  382.9,  381.5,  383.6,  381.1,  375.5,  370.1,  368.0,  370.5,  376.1,  371.6,  360.5,  355.1,  358.7,  369.1,  380.2,  385.5,  382.8,  376.7,  369.9,  364.8,  362.2,  363.2,  366.2,  370.9,  376.1,  379.1,  380.6,  380.6,  379.8,  376.0,  377.7,  375.1,  369.7,  364.7,  363.0,  365.6,  371.0,  -29.9,  -28.5,  -24.3,  -19.6,  -17.4,  -18.5,  -23.1,  -27.6,  -35.1,  -32.0,  -28.1,  -23.8,  -19.6,  -16.2,  -13.9,  -16.4,  -19.8,  -23.7,  -27.9,  -31.8,  -25.8,  -23.5,  -21.4,  -20.7,  -21.8,  -24.1,  -26.2,  -26.9,  25.5,  26.9,  30.9,  35.1,  37.2,  35.8,  31.8,  27.3,  22.3,  25.1,  28.7,  33.2,  37.4,  40.9,  43.3,  40.9,  37.6,  33.6,  29.4,  25.4,  29.4,  31.5,  33.4,  34.1,  33.1,  31.0,  29.1,  28.4,  6.0,  1.6,  -0.4,  1.3,  5.6,  10.4,  11.9,  10.3,  7.6,  5.4,  3.8,  3.1,  3.6,  5.3,  8.1,  9.2,  9.5,  9.6,  9.4,  8.8,  8.3,  9.1,  8.2,  6.0,  3.9,  3.1,  4.1,  6.2,  4.6,  0.2,  -1.9,  -0.5,  3.6,  8.0,  10.1,  9.0,  6.6,  3.9,  1.9,  0.9,  1.3,  2.5,  4.4,  6.4,  7.5,  8.1,  8.1,  7.8,  6.3,  7.0,  6.0,  3.8,  1.8,  1.2,  2.2,  4.3,  337.7,  339.3,  340.4,  340.4,  339.3,  337.9,  336.5,  336.6,  339.5,  338.1,  336.8,  336.7,  337.8,  339.1,  340.3,  338.2,  336.1,  335.0,  335.7,  337.5,  338.4,  338.4,  338.9,  339.7,  340.3,  340.3,  339.7,  338.9,  343.0,  343.1,  343.9,  344.8,  345.3,  345.1,  344.4,  343.7,  343.9,  342.6,  341.9,  342.5,  344.9,  348.4,  352.0,  348.6,  345.6,  343.5,  342.7,  343.1,  344.6,  345.1,  345.4,  345.5,  345.3,  344.8,  344.5,  344.4,  4.2,  44.8,  372.5,  0.139,  -0.164,  0.029,  451.4,  455.8,  464.1,  475.0,  497.3,  529.2,  565.1,  607.1,  649.5,  684.8,  713.1,  737.2,  759.0,  774.1,  783.5,  791.9,  796.6,  498.4,  526.9,  562.0,  596.6,  630.0,  688.7,  717.7,  745.1,  771.9,  788.7,  659.4,  661.6,  664.0,  666.4,  623.3,  641.9,  660.4,  677.6,  692.7,  547.2,  567.5,  589.2,  606.5,  588.8,  567.0,  695.4,  713.1,  733.7,  749.8,  735.0,  715.4,  581.7,  614.9,  640.6,  657.6,  676.6,  696.9,  716.2,  699.0,  679.9,  660.1,  641.6,  614.5,  593.4,  640.4,  657.7,  676.9,  707.2,  678.1,  659.2,  641.4,  346.6,  397.1,  447.4,  495.1,  540.6,  579.3,  610.8,  634.5,  639.6,  631.7,  607.6,  578.3,  543.4,  503.8,  460.5,  414.8,  365.9,  353.8,  337.0,  333.9,  339.8,  350.6,  347.6,  334.2,  328.0,  329.0,  342.7,  376.6,  405.3,  434.3,  464.3,  481.4,  488.1,  493.6,  486.9,  479.1,  379.2,  369.7,  368.5,  378.7,  385.1,  386.1,  377.0,  364.2,  363.5,  371.8,  379.8,  380.6,  533.5,  530.6,  528.6,  532.2,  527.5,  527.6,  528.1,  547.5,  558.0,  561.4,  560.3,  552.3,  535.2,  539.1,  540.5,  536.7,  531.2,  539.4,  543.1,  541.6,  -87.1,  -85.9,  -82.9,  -78.1,  -67.0,  -51.6,  -34.2,  -14.7,  4.2,  20.5,  35.0,  47.8,  59.1,  66.3,  70.2,  73.6,  75.8,  -59.3,  -46.2,  -31.4,  -17.3,  -4.0,  19.6,  32.0,  44.4,  57.2,  66.7,  7.8,  8.6,  9.5,  10.3,  -6.8,  0.8,  8.3,  15.4,  21.8,  -38.5,  -29.9,  -21.0,  -14.0,  -21.2,  -30.1,  23.6,  31.1,  40.3,  47.9,  40.9,  32.2,  -25.3,  -10.6,  0.2,  7.4,  15.4,  24.5,  34.0,  25.4,  16.8,  8.4,  0.7,  -10.8,  -20.1,  0.2,  7.4,  15.6,  29.7,  16.0,  8.0,  0.6,  -6.2,  17.3,  41.2,  63.9,  84.8,  102.0,  114.5,  122.4,  124.7,  124.2,  118.4,  107.5,  91.1,  71.1,  49.1,  26.5,  2.9,  -2.6,  -9.4,  -10.5,  -8.1,  -3.7,  -5.0,  -10.6,  -13.5,  -13.5,  -7.7,  6.7,  18.1,  29.3,  40.7,  49.7,  52.1,  54.2,  52.0,  49.3,  8.0,  4.0,  3.5,  7.8,  10.4,  10.8,  7.2,  1.8,  1.5,  5.2,  8.5,  8.8,  75.3,  71.8,  70.4,  72.0,  70.5,  72.2,  75.1,  80.7,  83.1,  84.0,  83.5,  81.3,  75.6,  75.0,  75.8,  74.6,  75.7,  75.4,  76.3,  75.7,  404.1,  408.1,  412.3,  414.2,  411.0,  407.1,  399.3,  390.0,  390.3,  400.1,  418.4,  430.7,  434.7,  432.5,  427.8,  423.7,  423.4,  366.7,  357.6,  352.6,  349.4,  346.6,  352.5,  360.6,  369.4,  379.7,  392.4,  352.2,  349.0,  344.8,  341.4,  358.0,  356.1,  355.0,  358.4,  362.3,  362.9,  361.2,  362.4,  365.1,  362.2,  361.2,  371.8,  372.8,  376.1,  381.7,  376.9,  373.7,  379.6,  368.1,  365.3,  366.2,  368.1,  377.0,  390.9,  376.3,  367.5,  364.9,  364.7,  369.9,  377.7,  366.3,  367.2,  369.6,  386.7,  367.5,  364.8,  364.8,  2.317,  0.259,  -0.187,  0.034,  649.275,  464.735,  -4.056,  10.829,  -4.284,  -8.033,  4.134,  16.869,  -1.949,  3.982,  16.323,  -6.117,  -13.249,  -0.403,  -8.507,  1.342,  -1.725,  8.251,  -0.175,  0.501,  -3.460,  -5.086,  4.828,  -2.380,  -0.173,  -1.519,  2.065,  0.383,  -0.283,  -1.568,  -0.303,  -0.720,  0.074,  -0.193,  0.225,  0.261, 0.00, 0.00, 0.00, 0.00, 0.00, 0.23, 0.00, 0.00, 0.20, 0.66, 0.00, 0.92, 0.30, 0.70, 0.00, 0.00, 0.03, 0.00, 0.00, 0.00, 1.00, 0.00, 1.00, 0.00, 0.00, 1.00, 1.00, 0.00, 1.00, 0.00, 0.00, 0.00, 0.00, 0.00, 0.00
61,  0,  2.002,  0.98,  1,  0.227318,  0.239085,  -0.944015,  -0.079002,  0.232752,  -0.969322,  0.077,  0.242,  560.9,  565.2,  576.4,  588.1,  593.4,  590.0,  577.8,  566.2,  547.9,  554.5,  563.5,  574.9,  586.9,  595.8,  602.1,  594.5,  584.4,  573.3,  563.1,  554.5,  571.9,  577.6,  583.1,  585.2,  582.7,  577.0,  571.5,  569.4,  703.6,  707.2,  717.2,  727.7,  732.6,  729.0,  719.0,  707.7,  695.7,  703.1,  712.4,  723.7,  734.1,  741.8,  746.5,  741.3,  733.8,  724.1,  713.8,  703.7,  712.7,  718.2,  723.5,  725.4,  722.8,  717.3,  712.0,  710.2,  376.3,  364.5,  359.1,  363.1,  374.3,  387.0,  391.5,  387.4,  379.9,  373.7,  369.7,  367.5,  368.9,  373.1,  380.1,  383.1,  384.3,  384.9,  384.3,  382.8,  381.8,  383.8,  381.1,  375.4,  370.0,  368.0,  370.6,  376.3,  371.4,  360.5,  355.3,  358.7,  368.8,  379.7,  384.9,  382.2,  376.1,  369.2,  364.1,  361.4,  362.3,  365.3,  369.9,  375.3,  378.4,  379.9,  379.9,  379.1,  375.9,  377.7,  374.9,  369.2,  363.9,  362.1,  364.9,  370.6,  -30.6,  -29.0,  -24.7,  -20.1,  -18.0,  -19.2,  -23.9,  -28.4,  -35.9,  -33.2,  -29.5,  -25.0,  -20.4,  -17.0,  -14.6,  -17.5,  -21.3,  -25.5,  -29.6,  -33.1,  -26.3,  -24.1,  -22.0,  -21.2,  -22.2,  -24.4,  -26.6,  -27.3,  24.9,  26.3,  30.3,  34.5,  36.5,  35.1,  31.1,  26.6,  21.9,  24.7,  28.3,  32.8,  37.1,  40.5,  42.9,  40.4,  37.1,  33.1,  28.9,  25.0,  28.7,  30.9,  33.0,  33.7,  32.6,  30.4,  28.3,  27.6,  6.3,  1.8,  -0.4,  1.2,  5.5,  10.4,  12.1,  10.6,  7.7,  5.3,  3.7,  2.9,  3.4,  5.1,  7.8,  8.9,  9.3,  9.5,  9.3,  8.8,  8.4,  9.2,  8.2,  6.0,  3.9,  3.1,  4.1,  6.3,  4.5,  0.2,  -1.8,  -0.5,  3.5,  7.8,  9.8,  8.7,  6.4,  3.6,  1.6,  0.6,  0.9,  2.1,  4.0,  6.1,  7.3,  7.8,  7.8,  7.5,  6.3,  7.0,  5.9,  3.6,  1.5,  0.8,  1.9,  4.2,  338.1,  339.1,  339.3,  338.6,  337.5,  336.7,  336.3,  336.9,  341.3,  339.3,  337.3,  336.3,  336.5,  337.2,  337.9,  336.4,  335.0,  334.9,  336.3,  338.8,  338.2,  337.9,  338.0,  338.5,  339.0,  339.4,  339.3,  338.8,  343.0,  342.8,  343.2,  344.1,  344.9,  345.2,  344.8,  344.1,  344.3,  342.7,  341.8,  342.3,  344.8,  348.5,  352.3,  348.9,  346.0,  344.0,  343.2,  343.6,  344.7,  345.2,  345.5,  345.3,  344.9,  344.4,  344.1,  344.3,  3.7,  44.8,  373.4,  0.127,  -0.158,  0.018,  452.0,  455.5,  463.1,  474.2,  497.4,  530.8,  567.3,  609.1,  651.6,  687.0,  715.3,  738.7,  759.6,  773.9,  782.4,  789.6,  793.2,  498.0,  526.0,  561.2,  595.6,  628.3,  687.5,  716.6,  743.8,  770.0,  785.4,  658.1,  660.1,  662.4,  664.9,  621.3,  640.1,  658.8,  676.5,  691.6,  544.5,  564.5,  586.1,  603.4,  585.6,  563.9,  694.3,  712.0,  732.5,  748.2,  733.9,  714.4,  581.0,  613.7,  639.3,  656.4,  675.3,  695.5,  714.6,  697.1,  678.0,  658.2,  639.8,  613.1,  592.7,  639.3,  656.5,  675.6,  705.5,  676.5,  657.6,  639.9,  346.7,  398.4,  450.2,  499.1,  545.8,  584.5,  614.9,  636.9,  640.9,  631.5,  605.6,  574.8,  539.5,  500.3,  458.4,  414.4,  367.5,  354.5,  336.8,  333.2,  339.1,  350.1,  346.8,  333.6,  326.7,  327.3,  341.4,  375.6,  404.2,  433.2,  463.3,  481.0,  487.6,  493.3,  486.4,  477.8,  378.9,  369.5,  368.3,  378.5,  384.7,  385.6,  376.3,  363.5,  362.7,  371.1,  378.8,  379.6,  534.9,  531.0,  528.5,  532.0,  527.2,  527.4,  528.9,  546.8,  556.9,  560.5,  559.7,  552.5,  536.5,  539.7,  540.9,  537.1,  531.9,  538.1,  542.1,  541.1,  -87.0,  -86.4,  -83.9,  -79.1,  -67.5,  -51.2,  -33.4,  -13.9,  5.2,  21.5,  36.0,  48.6,  59.3,  65.9,  69.2,  72.0,  73.6,  -59.8,  -46.9,  -31.9,  -17.9,  -4.7,  19.3,  31.8,  44.1,  56.7,  65.6,  7.3,  8.1,  8.9,  9.7,  -7.7,  0.0,  7.7,  15.0,  21.4,  -39.8,  -31.3,  -22.4,  -15.3,  -22.6,  -31.5,  23.2,  30.8,  40.0,  47.4,  40.6,  31.9,  -25.6,  -11.1,  -0.3,  6.9,  14.9,  24.0,  33.4,  24.6,  16.0,  7.6,  -0.1,  -11.4,  -20.4,  -0.3,  7.0,  15.1,  29.0,  15.4,  7.3,  -0.0,  -6.1,  18.0,  42.8,  66.3,  88.0,  105.2,  117.1,  124.2,  125.8,  124.6,  117.5,  105.7,  89.0,  69.0,  47.8,  26.2,  3.6,  -2.3,  -9.5,  -10.9,  -8.4,  -3.9,  -5.4,  -11.0,  -14.1,  -14.3,  -8.4,  6.3,  17.7,  29.0,  40.5,  49.7,  52.1,  54.2,  51.9,  48.9,  7.9,  3.9,  3.5,  7.7,  10.2,  10.6,  7.0,  1.5,  1.2,  4.9,  8.1,  8.4,  76.0,  72.0,  70.4,  72.1,  70.5,  72.3,  75.6,  80.6,  82.9,  83.8,  83.4,  81.5,  76.2,  75.3,  76.0,  75.0,  76.1,  75.0,  76.1,  75.6,  404.7,  409.7,  415.1,  417.4,  414.4,  409.9,  402.1,  392.5,  391.8,  401.6,  418.5,  430.4,  433.6,  430.4,  425.3,  421.1,  420.6,  368.1,  359.6,  355.0,  352.1,  349.8,  355.4,  363.1,  371.5,  381.8,  394.6,  354.1,  350.5,  346.3,  342.7,  359.3,  357.3,  355.8,  359.2,  363.4,  364.3,  362.7,  363.8,  366.1,  363.3,  362.5,  373.5,  374.7,  377.9,  383.1,  378.3,  375.3,  380.1,  368.5,  365.5,  366.6,  368.9,  377.7,  391.4,  377.3,  368.6,  365.8,  365.3,  370.3,  378.0,  366.6,  367.7,  370.5,  387.2,  368.6,  365.7,  365.4,  2.310,  0.250,  -0.175,  0.022,  648.173,  464.598,  -7.812,  17.508,  -5.775,  -6.457,  2.263,  15.376,  -4.826,  2.071,  15.419,  -7.867,  -10.347,  1.103,  -7.466,  1.508,  -1.008,  9.848,  -3.435,  1.388,  -2.537,  -3.701,  4.261,  -2.065,  0.480,  -1.503,  2.872,  -0.162,  -1.131,  -0.381,  -0.268,  -0.742,  -0.149,  -0.229,  0.247,  0.230, 0.00, 0.00, 0.00, 0.00, 0.00, 0.31, 0.00, 0.08, 0.17, 0.54, 0.00, 0.71, 0.29, 0.48, 0.20, 0.04, 0.00, 0.00, 0.00, 0.00, 1.00, 0.00, 1.00, 0.00, 0.00, 0.00, 1.00, 0.00, 1.00, 0.00, 0.00, 0.00, 0.00, 0.00, 0.00
62,  0,  2.035,  0.98,  1,  0.226728,  0.255389,  -0.939878,  -0.063266,  0.245577,  -0.967310,  0.085,  0.257,  560.1,  564.1,  575.5,  587.5,  593.2,  590.1,  577.9,  565.8,  546.7,  553.8,  563.1,  574.3,  586.0,  595.1,  601.5,  594.1,  584.2,  573.2,  562.8,  553.7,  571.5,  577.2,  582.6,  584.5,  581.8,  576.1,  570.7,  568.8,  703.3,  707.2,  717.2,  727.6,  732.2,  728.3,  718.3,  707.1,  694.9,  702.4,  711.9,  723.4,  733.8,  741.5,  745.9,  740.6,  732.9,  723.1,  712.8,  702.8,  712.5,  717.7,  722.7,  724.6,  722.3,  717.1,  712.1,  710.2,  376.1,  364.7,  359.3,  363.1,  373.9,  386.3,  390.7,  386.8,  380.1,  373.8,  369.4,  367.2,  368.4,  372.5,  379.5,  382.7,  383.8,  384.4,  384.1,  383.0,  381.5,  383.3,  380.8,  375.5,  370.4,  368.6,  371.1,  376.5,  370.0,  359.3,  354.3,  357.9,  367.9,  378.6,  383.6,  380.7,  375.3,  368.2,  363.1,  360.6,  361.6,  364.5,  369.3,  374.6,  377.8,  379.1,  379.0,  378.1,  374.2,  376.0,  373.5,  368.1,  363.1,  361.3,  363.8,  369.2,  -30.5,  -29.2,  -24.9,  -20.2,  -17.9,  -19.0,  -23.6,  -28.2,  -35.9,  -33.0,  -29.4,  -25.0,  -20.6,  -17.2,  -14.7,  -17.5,  -21.1,  -25.2,  -29.3,  -32.9,  -26.2,  -24.0,  -22.0,  -21.3,  -22.4,  -24.6,  -26.6,  -27.3,  24.8,  26.3,  30.3,  34.4,  36.3,  34.9,  30.9,  26.4,  21.6,  24.4,  28.1,  32.6,  36.9,  40.4,  42.6,  40.1,  36.8,  32.7,  28.6,  24.7,  28.6,  30.7,  32.7,  33.4,  32.4,  30.3,  28.3,  27.6,  6.1,  1.8,  -0.3,  1.2,  5.3,  10.0,  11.6,  10.2,  7.7,  5.3,  3.6,  2.7,  3.2,  4.8,  7.5,  8.6,  9.0,  9.2,  9.2,  8.8,  8.2,  8.9,  8.0,  5.9,  4.0,  3.3,  4.3,  6.3,  3.9,  -0.3,  -2.2,  -0.8,  3.1,  7.3,  9.3,  8.1,  6.0,  3.2,  1.2,  0.2,  0.6,  1.8,  3.7,  5.8,  7.0,  7.5,  7.5,  7.1,  5.6,  6.3,  5.3,  3.2,  1.2,  0.5,  1.5,  3.6,  334.4,  336.3,  337.2,  336.6,  334.9,  333.2,  332.1,  332.6,  336.6,  335.3,  333.8,  333.4,  333.8,  334.4,  334.9,  333.0,  331.2,  330.6,  331.9,  334.2,  334.5,  334.2,  334.7,  335.6,  336.4,  336.7,  336.2,  335.3,  343.0,  342.6,  342.9,  343.9,  344.9,  345.4,  345.0,  344.3,  344.6,  342.7,  341.6,  342.0,  344.6,  348.4,  352.3,  349.1,  346.2,  344.2,  343.5,  343.8,  344.8,  345.3,  345.5,  345.3,  344.8,  344.3,  344.1,  344.3,  3.5,  45.3,  370.1,  0.153,  -0.160,  0.014,  451.0,  454.2,  462.1,  474.3,  499.7,  534.8,  570.9,  611.2,  651.7,  685.8,  713.7,  737.1,  758.4,  773.2,  782.0,  789.5,  792.9,  497.6,  525.4,  560.5,  594.5,  626.8,  686.9,  716.0,  743.4,  769.8,  784.9,  657.9,  660.2,  662.7,  665.3,  622.0,  640.4,  658.6,  676.0,  691.1,  543.8,  563.9,  585.6,  603.3,  585.0,  563.2,  693.2,  711.3,  732.1,  747.9,  733.3,  713.4,  580.7,  611.4,  638.0,  656.5,  676.4,  697.7,  714.9,  697.9,  677.3,  656.0,  635.8,  609.0,  592.8,  637.3,  656.0,  676.2,  705.3,  676.2,  655.9,  636.7,  345.8,  398.8,  451.9,  502.1,  550.6,  590.7,  623.1,  646.0,  650.0,  639.3,  610.6,  576.5,  539.3,  498.5,  455.4,  409.6,  361.3,  354.8,  336.7,  332.9,  338.6,  349.4,  346.2,  332.3,  325.2,  325.7,  339.9,  375.0,  403.7,  432.7,  463.0,  481.2,  487.6,  493.3,  486.4,  478.1,  378.9,  369.5,  367.9,  377.9,  384.2,  385.2,  375.0,  362.9,  362.2,  370.2,  378.1,  378.7,  538.1,  530.6,  526.8,  530.9,  525.8,  527.8,  533.3,  557.1,  569.8,  573.6,  572.2,  561.4,  539.5,  540.6,  542.0,  538.5,  536.0,  546.5,  550.6,  549.1,  -85.5,  -85.5,  -83.5,  -78.4,  -65.9,  -48.9,  -31.6,  -12.9,  5.3,  21.0,  35.1,  47.4,  57.9,  64.4,  67.6,  70.2,  71.4,  -58.7,  -46.3,  -31.7,  -18.1,  -5.2,  18.9,  31.2,  43.3,  55.9,  64.3,  7.2,  8.0,  8.9,  9.8,  -7.3,  0.2,  7.5,  14.7,  21.0,  -39.4,  -31.1,  -22.3,  -15.1,  -22.5,  -31.4,  22.4,  30.1,  39.2,  46.5,  39.8,  31.1,  -25.5,  -11.9,  -0.8,  6.8,  15.2,  24.6,  33.1,  24.9,  15.7,  6.7,  -1.8,  -13.1,  -20.2,  -1.1,  6.7,  15.2,  28.5,  15.2,  6.6,  -1.4,  -6.4,  17.9,  43.1,  67.3,  89.5,  107.2,  120.1,  128.1,  130.0,  128.3,  119.4,  105.6,  87.7,  67.0,  45.4,  23.3,  0.6,  -2.2,  -9.4,  -10.8,  -8.5,  -4.2,  -5.6,  -11.4,  -14.6,  -14.8,  -8.9,  6.0,  17.3,  28.5,  40.1,  49.3,  51.7,  53.8,  51.5,  48.6,  7.7,  3.9,  3.2,  7.4,  9.9,  10.3,  6.3,  1.2,  0.9,  4.4,  7.7,  7.9,  76.6,  71.0,  68.8,  70.7,  69.0,  71.6,  76.5,  84.7,  88.5,  89.4,  88.7,  85.0,  76.8,  75.0,  75.8,  74.9,  77.0,  78.4,  79.5,  78.8,  395.8,  402.8,  410.5,  414.2,  411.0,  406.7,  399.6,  391.8,  392.3,  401.9,  417.0,  426.8,  428.0,  423.3,  416.5,  410.8,  408.4,  360.8,  353.1,  349.2,  347.3,  346.1,  352.0,  359.0,  366.8,  376.4,  388.4,  349.8,  346.7,  343.3,  340.4,  355.9,  354.2,  353.2,  356.5,  360.3,  357.9,  356.8,  358.3,  360.5,  357.9,  357.0,  368.5,  369.4,  372.5,  377.3,  373.2,  370.3,  376.4,  364.1,  361.0,  362.1,  364.4,  373.2,  386.3,  376.1,  369.3,  366.4,  365.7,  369.2,  374.5,  363.3,  364.4,  367.2,  382.7,  367.9,  365.0,  364.5,  2.335,  0.280,  -0.172,  0.017,  647.740,  466.363,  -23.931,  22.406,  -3.189,  -0.971,  -1.412,  8.451,  -2.270,  0.917,  16.146,  -13.332,  -8.644,  -2.398,  -4.083,  3.255,  -1.962,  9.777,  -3.133,  0.454,  -1.907,  -5.822,  2.191,  -3.365,  1.070,  -0.249,  2.542,  0.028,  -1.554,  -0.472,  -0.261,  -0.941,  -0.596,  -0.232,  0.335,  0.240, 0.11, 0.05, 0.06, 0.00, 0.00, 0.31, 0.07, 0.25, 0.08, 0.50, 0.00, 0.47, 0.11, 0.18, 0.79, 0.56, 0.13, 0.00, 0.00, 0.00, 1.00, 0.00, 1.00, 0.00, 0.00, 0.00, 1.00, 0.00, 0.00, 0.00, 0.00, 0.00, 0.00, 0.00, 0.00
63,  0,  2.069,  0.98,  1,  0.230651,  0.254859,  -0.939067,  -0.061662,  0.246677,  -0.967134,  0.088,  0.257,  559.5,  563.6,  574.9,  586.9,  592.4,  589.2,  577.0,  565.1,  545.2,  552.4,  561.9,  573.6,  585.6,  594.5,  600.7,  593.2,  583.3,  572.2,  561.8,  552.6,  570.5,  576.4,  582.0,  584.0,  581.3,  575.4,  569.8,  567.8,  702.5,  706.6,  716.9,  727.3,  731.8,  727.7,  717.4,  706.1,  694.1,  701.7,  711.4,  722.9,  733.2,  740.9,  745.4,  740.0,  732.3,  722.5,  712.1,  702.0,  711.9,  716.9,  721.9,  723.8,  721.7,  716.6,  711.7,  709.7,  376.4,  365.0,  359.8,  363.9,  374.8,  387.3,  391.4,  387.3,  381.4,  374.8,  370.5,  368.0,  369.3,  373.4,  380.2,  383.3,  384.4,  385.2,  385.0,  384.0,  382.3,  384.3,  381.8,  376.2,  370.8,  368.7,  371.3,  376.9,  369.6,  358.8,  353.8,  357.7,  368.1,  378.9,  383.8,  380.6,  375.3,  368.3,  363.2,  360.7,  361.8,  364.7,  369.4,  374.8,  378.1,  379.5,  379.3,  378.3,  374.0,  375.8,  373.4,  368.2,  363.1,  361.3,  363.7,  368.9,  -30.5,  -29.1,  -24.9,  -20.3,  -18.1,  -19.2,  -23.7,  -28.3,  -36.2,  -33.3,  -29.6,  -25.1,  -20.6,  -17.3,  -15.0,  -17.7,  -21.3,  -25.4,  -29.5,  -33.1,  -26.4,  -24.1,  -22.0,  -21.3,  -22.4,  -24.7,  -26.8,  -27.5,  24.3,  25.9,  29.9,  34.0,  35.9,  34.3,  30.3,  25.8,  21.1,  23.9,  27.6,  32.1,  36.4,  39.8,  42.1,  39.6,  36.2,  32.2,  28.0,  24.1,  28.1,  30.1,  32.1,  32.8,  31.9,  29.9,  27.9,  27.2,  6.2,  1.9,  -0.1,  1.5,  5.6,  10.3,  11.8,  10.3,  8.2,  5.6,  4.0,  3.0,  3.5,  5.1,  7.7,  8.8,  9.2,  9.5,  9.4,  9.1,  8.4,  9.2,  8.3,  6.2,  4.1,  3.3,  4.3,  6.4,  3.7,  -0.5,  -2.4,  -0.9,  3.2,  7.4,  9.3,  8.0,  6.0,  3.2,  1.2,  0.3,  0.7,  1.9,  3.7,  5.9,  7.1,  7.6,  7.5,  7.1,  5.5,  6.2,  5.3,  3.2,  1.2,  0.5,  1.4,  3.5,  331.7,  333.5,  334.4,  334.0,  332.5,  330.9,  329.8,  330.2,  334.1,  332.5,  331.1,  330.6,  331.2,  332.0,  332.8,  330.7,  328.9,  328.3,  329.5,  331.6,  332.0,  331.8,  332.2,  333.1,  333.9,  334.1,  333.6,  332.7,  340.1,  339.7,  340.1,  341.1,  342.1,  342.5,  342.1,  341.3,  341.4,  339.7,  338.7,  339.1,  341.7,  345.5,  349.3,  346.1,  343.2,  341.2,  340.4,  340.8,  341.9,  342.4,  342.6,  342.4,  341.9,  341.4,  341.2,  341.4,  2.5,  45.8,  368.8,  0.151,  -0.162,  0.028,  450.6,  453.5,  461.1,  472.2,  494.8,  527.5,  562.3,  604.3,  645.2,  679.8,  708.5,  732.9,  754.7,  770.4,  780.2,  789.4,  794.4,  497.3,  524.4,  559.5,  593.0,  624.8,  685.6,  714.3,  741.4,  768.2,  784.8,  657.1,  659.6,  662.0,  664.5,  622.0,  639.6,  657.1,  673.9,  688.4,  542.7,  562.7,  584.7,  602.6,  583.9,  561.8,  692.6,  710.7,  731.5,  747.1,  732.5,  712.6,  583.9,  612.0,  637.4,  653.9,  671.5,  691.2,  706.4,  690.5,  670.7,  651.7,  633.3,  608.8,  596.5,  635.9,  652.9,  670.5,  696.6,  670.0,  652.1,  634.7,  346.0,  397.0,  448.1,  497.6,  547.3,  590.6,  626.9,  653.3,  658.8,  648.1,  618.7,  582.5,  543.6,  501.5,  456.8,  409.4,  360.0,  356.3,  337.2,  333.5,  339.3,  349.6,  346.4,  333.1,  326.4,  326.1,  340.4,  375.6,  404.3,  433.4,  464.0,  480.7,  487.4,  493.1,  486.6,  478.9,  379.5,  370.3,  368.7,  378.5,  385.2,  386.0,  374.5,  363.3,  362.7,  370.4,  378.5,  379.1,  543.1,  531.1,  525.0,  529.5,  524.7,  529.7,  540.4,  564.2,  574.7,  577.4,  575.9,  566.1,  543.8,  540.7,  542.1,  539.6,  542.4,  548.9,  552.2,  550.8,  -84.6,  -85.0,  -83.2,  -78.8,  -67.9,  -52.2,  -35.6,  -16.0,  2.4,  18.3,  32.6,  45.2,  56.0,  62.9,  66.5,  69.7,  71.2,  -58.3,  -46.3,  -31.9,  -18.6,  -6.0,  18.3,  30.5,  42.3,  54.7,  63.6,  6.8,  7.8,  8.7,  9.6,  -7.3,  -0.2,  6.9,  13.8,  19.9,  -39.6,  -31.4,  -22.5,  -15.3,  -22.8,  -31.8,  22.1,  29.7,  38.8,  45.9,  39.3,  30.6,  -23.9,  -11.6,  -1.1,  5.7,  13.0,  21.6,  29.0,  21.5,  12.9,  4.9,  -2.8,  -13.1,  -18.5,  -1.7,  5.3,  12.7,  24.5,  12.5,  5.0,  -2.2,  -6.2,  16.9,  41.0,  64.6,  87.5,  107.0,  122.1,  131.8,  134.4,  132.4,  123.0,  108.1,  89.6,  68.3,  45.9,  23.0,  -0.0,  -1.5,  -9.1,  -10.5,  -8.2,  -4.1,  -5.5,  -11.0,  -14.0,  -14.5,  -8.6,  6.2,  17.6,  28.9,  40.7,  49.1,  51.6,  53.8,  51.6,  48.9,  7.9,  4.2,  3.5,  7.6,  10.3,  10.6,  6.1,  1.4,  1.1,  4.5,  7.9,  8.0,  78.1,  70.7,  67.7,  69.7,  68.1,  71.7,  78.8,  87.1,  90.2,  90.8,  90.0,  86.4,  78.0,  74.7,  75.5,  74.9,  78.9,  79.0,  79.9,  79.2,  391.0,  398.8,  407.0,  410.9,  408.9,  405.8,  400.4,  393.2,  393.7,  402.2,  416.1,  425.3,  427.1,  422.3,  415.2,  408.1,  403.5,  357.4,  350.6,  347.2,  346.5,  346.2,  352.3,  358.7,  364.9,  373.5,  384.3,  349.0,  346.7,  344.2,  342.3,  355.6,  354.3,  353.6,  356.5,  359.6,  356.0,  355.2,  356.6,  358.1,  356.1,  355.4,  367.2,  367.9,  371.1,  375.5,  372.0,  369.0,  373.5,  361.7,  358.8,  359.9,  361.7,  369.7,  382.0,  373.0,  367.6,  365.3,  364.8,  367.0,  371.5,  361.8,  362.6,  364.9,  378.4,  366.0,  363.6,  363.1,  2.345,  0.286,  -0.174,  0.030,  645.370,  467.905,  -28.868,  19.368,  -9.687,  2.033,  -8.503,  2.564,  1.341,  -0.851,  16.551,  -19.519,  -8.446,  -0.730,  -3.276,  4.358,  1.240,  7.171,  -1.546,  2.074,  -2.360,  -3.254,  -0.742,  -4.028,  3.440,  -0.948,  -0.069,  0.106,  -0.025,  -0.759,  -0.140,  -0.744,  -0.443,  -0.045,  0.357,  -0.179, 0.19, 0.06, 0.10, 0.00, 0.00, 0.33, 0.18, 0.60, 0.04, 0.54, 0.04, 0.27, 0.00, 0.00, 1.55, 1.11, 0.20, 0.00, 0.00, 0.00, 1.00, 0.00, 0.00, 0.00, 0.00, 0.00, 1.00, 0.00, 0.00, 0.00, 0.00, 1.00, 1.00, 0.00, 0.00
64,  0,  2.102,  0.98,  1,  0.211392,  0.255518,  -0.943411,  -0.064637,  0.246161,  -0.967071,  0.077,  0.257,  558.5,  562.4,  573.5,  585.2,  590.8,  587.8,  575.9,  564.1,  544.7,  551.8,  561.2,  572.8,  584.6,  593.3,  599.4,  592.2,  582.5,  571.5,  561.1,  552.0,  569.3,  575.2,  580.7,  582.7,  579.9,  574.0,  568.5,  566.5,  701.7,  705.7,  715.9,  726.2,  730.8,  726.8,  716.6,  705.4,  693.5,  700.9,  710.5,  722.1,  732.5,  740.1,  744.5,  739.3,  731.6,  721.8,  711.4,  701.3,  711.1,  716.1,  720.9,  722.8,  720.6,  715.7,  710.8,  708.9,  377.8,  366.5,  361.2,  365.1,  375.9,  388.2,  392.4,  388.5,  382.4,  375.9,  371.6,  369.2,  370.5,  374.5,  381.2,  384.5,  385.8,  386.6,  386.3,  385.2,  383.5,  385.4,  382.8,  377.2,  371.9,  369.9,  372.5,  378.1,  370.6,  359.8,  354.9,  358.6,  368.8,  379.6,  384.5,  381.5,  376.7,  369.5,  364.3,  361.7,  362.7,  365.6,  370.4,  375.8,  379.1,  380.6,  380.5,  379.5,  374.7,  376.5,  374.1,  369.0,  364.1,  362.3,  364.7,  369.8,  -31.4,  -30.0,  -25.8,  -21.2,  -19.0,  -20.1,  -24.6,  -29.1,  -37.0,  -34.1,  -30.3,  -25.8,  -21.3,  -18.0,  -15.7,  -18.4,  -22.0,  -26.1,  -30.2,  -33.9,  -27.3,  -25.0,  -22.9,  -22.2,  -23.3,  -25.6,  -27.7,  -28.4,  24.0,  25.5,  29.5,  33.7,  35.5,  34.0,  30.0,  25.6,  20.9,  23.7,  27.3,  31.9,  36.2,  39.6,  41.8,  39.3,  36.0,  32.0,  27.8,  23.9,  27.8,  29.8,  31.7,  32.4,  31.5,  29.6,  27.7,  26.9,  6.8,  2.5,  0.5,  2.0,  6.1,  10.8,  12.4,  10.9,  8.7,  6.1,  4.5,  3.5,  4.0,  5.6,  8.2,  9.4,  9.8,  10.1,  10.1,  9.7,  9.0,  9.8,  8.8,  6.7,  4.6,  3.8,  4.8,  7.0,  4.1,  -0.1,  -2.0,  -0.5,  3.5,  7.7,  9.6,  8.4,  6.5,  3.7,  1.7,  0.7,  1.1,  2.2,  4.2,  6.3,  7.5,  8.0,  8.0,  7.6,  5.8,  6.5,  5.5,  3.5,  1.6,  0.9,  1.8,  3.8,  337.1,  338.7,  339.7,  339.3,  337.9,  336.5,  335.3,  335.7,  339.5,  338.0,  336.6,  336.2,  336.8,  337.7,  338.5,  336.4,  334.5,  333.9,  335.0,  337.1,  337.4,  337.2,  337.7,  338.5,  339.2,  339.4,  338.9,  338.1,  340.6,  340.1,  340.5,  341.5,  342.6,  343.0,  342.6,  341.9,  342.0,  340.2,  339.1,  339.5,  342.2,  346.0,  349.9,  346.7,  343.8,  341.8,  341.0,  341.4,  342.4,  342.9,  343.1,  342.9,  342.4,  341.9,  341.7,  341.9,  2.0,  46.4,  369.2,  0.159,  -0.159,  0.031,  450.2,  453.1,  460.5,  471.2,  493.5,  526.1,  560.8,  603.4,  644.4,  678.8,  707.8,  732.2,  754.1,  769.8,  779.9,  789.3,  794.6,  496.6,  523.1,  558.5,  592.0,  623.5,  684.3,  713.4,  740.6,  767.5,  784.1,  655.7,  658.2,  660.5,  662.8,  620.4,  638.1,  655.4,  672.3,  686.9,  542.1,  561.9,  583.8,  601.6,  582.9,  561.0,  691.9,  710.0,  730.8,  746.1,  731.7,  711.9,  582.5,  609.4,  634.4,  652.3,  671.3,  691.4,  705.7,  690.1,  670.0,  649.3,  629.6,  605.7,  595.1,  632.7,  651.1,  670.2,  695.8,  669.2,  649.8,  631.0,  347.0,  397.0,  446.7,  495.7,  546.0,  590.8,  629.1,  657.3,  663.1,  651.7,  621.4,  584.5,  545.3,  503.1,  458.0,  410.1,  360.4,  358.2,  338.5,  334.9,  340.7,  351.0,  347.6,  334.0,  327.3,  327.0,  341.3,  377.3,  405.8,  434.6,  464.9,  481.1,  487.9,  493.7,  487.3,  479.8,  380.9,  371.5,  369.8,  379.7,  386.4,  387.1,  375.6,  364.4,  363.7,  371.4,  379.5,  380.1,  544.1,  530.8,  524.5,  529.1,  524.2,  529.6,  542.1,  566.3,  577.3,  580.2,  578.4,  568.0,  544.6,  540.5,  542.1,  539.4,  543.8,  551.4,  555.0,  553.2,  -84.6,  -85.0,  -83.4,  -79.2,  -68.4,  -52.8,  -36.3,  -16.5,  2.0,  17.9,  32.3,  44.8,  55.6,  62.5,  66.2,  69.4,  71.0,  -58.5,  -46.8,  -32.3,  -19.0,  -6.5,  17.9,  30.1,  41.9,  54.3,  63.1,  6.3,  7.2,  8.1,  9.0,  -8.0,  -0.8,  6.3,  13.2,  19.3,  -39.8,  -31.7,  -22.9,  -15.7,  -23.2,  -32.1,  21.8,  29.4,  38.5,  45.5,  39.0,  30.3,  -24.6,  -12.7,  -2.3,  5.1,  12.9,  21.7,  28.7,  21.4,  12.7,  3.9,  -4.3,  -14.4,  -19.1,  -3.0,  4.6,  12.6,  24.1,  12.3,  4.1,  -3.8,  -5.8,  16.8,  40.3,  63.7,  86.9,  107.1,  123.4,  134.0,  136.9,  134.6,  124.4,  109.0,  90.3,  68.9,  46.4,  23.3,  0.2,  -0.7,  -8.6,  -10.0,  -7.6,  -3.6,  -5.0,  -10.6,  -13.6,  -14.1,  -8.2,  6.9,  18.2,  29.4,  41.2,  49.4,  52.0,  54.2,  52.0,  49.4,  8.5,  4.7,  4.0,  8.1,  10.8,  11.0,  6.5,  1.9,  1.6,  4.9,  8.3,  8.5,  78.6,  70.6,  67.5,  69.6,  68.0,  71.7,  79.4,  88.2,  91.7,  92.4,  91.5,  87.4,  78.4,  74.7,  75.5,  74.9,  79.4,  80.4,  81.4,  80.5,  389.9,  398.0,  406.6,  410.7,  408.7,  405.9,  401.2,  394.4,  395.2,  403.6,  416.4,  424.8,  426.2,  421.4,  414.2,  406.8,  401.7,  357.2,  350.3,  346.9,  346.4,  346.7,  352.6,  358.2,  364.2,  372.6,  383.4,  349.1,  347.1,  345.2,  343.7,  356.8,  355.5,  354.9,  357.5,  360.4,  355.7,  355.1,  356.7,  358.1,  356.3,  355.5,  367.1,  367.6,  370.7,  374.9,  371.8,  368.8,  373.6,  361.6,  359.1,  360.2,  362.1,  369.8,  381.7,  374.2,  369.4,  367.0,  366.4,  367.9,  371.7,  362.2,  363.0,  365.4,  378.2,  367.6,  365.2,  364.6,  2.344,  0.295,  -0.168,  0.033,  644.205,  469.040,  -34.111,  18.545,  -8.785,  1.364,  -10.154,  0.278,  2.226,  -0.770,  17.351,  -20.393,  -9.161,  -2.174,  -3.442,  6.495,  1.977,  6.697,  -2.663,  3.310,  -2.076,  -3.797,  -2.469,  -3.981,  3.226,  -1.586,  0.173,  -0.026,  0.354,  -0.739,  0.037,  -0.682,  -0.528,  -0.080,  0.443,  -0.278, 0.22, 0.06, 0.11, 0.00, 0.00, 0.18, 0.30, 0.83, 0.00, 0.43, 0.04, 0.30, 0.00, 0.00, 2.16, 1.61, 0.20, 0.00, 0.00, 0.00, 1.00, 0.00, 0.00, 0.00, 1.00, 0.00, 1.00, 0.00, 0.00, 0.00, 0.00, 1.00, 1.00, 0.00, 0.00
65,  0,  2.135,  0.98,  1,  0.216702,  0.271282,  -0.937788,  -0.064568,  0.247744,  -0.966672,  0.080,  0.266,  557.5,  561.8,  573.1,  584.8,  590.0,  586.6,  574.5,  562.8,  544.2,  550.9,  559.9,  571.3,  583.3,  592.3,  598.8,  591.0,  580.8,  569.6,  559.5,  550.8,  568.5,  574.2,  579.7,  581.9,  579.3,  573.6,  568.1,  566.0,  700.6,  704.6,  714.8,  725.2,  729.7,  725.7,  715.5,  704.3,  692.2,  699.7,  709.3,  720.9,  731.3,  739.0,  743.5,  738.2,  730.3,  720.5,  710.1,  700.0,  710.1,  715.0,  719.7,  721.6,  719.5,  714.7,  709.9,  708.0,  378.6,  367.0,  361.6,  365.6,  376.7,  389.4,  393.8,  389.8,  382.5,  376.2,  372.0,  369.7,  371.0,  375.0,  381.8,  385.1,  386.3,  387.1,  386.7,  385.3,  384.2,  386.2,  383.6,  377.9,  372.5,  370.5,  373.1,  378.8,  370.8,  360.0,  355.1,  358.9,  369.1,  379.9,  384.8,  381.7,  376.7,  369.6,  364.6,  362.1,  363.1,  366.0,  370.7,  376.1,  379.4,  380.8,  380.6,  379.6,  374.9,  376.6,  374.3,  369.3,  364.5,  362.7,  365.0,  370.0,  -31.7,  -30.2,  -25.8,  -21.3,  -19.2,  -20.4,  -25.1,  -29.6,  -37.2,  -34.4,  -30.7,  -26.3,  -21.7,  -18.3,  -15.8,  -18.7,  -22.5,  -26.8,  -30.8,  -34.4,  -27.5,  -25.3,  -23.2,  -22.4,  -23.4,  -25.6,  -27.8,  -28.5,  23.7,  25.2,  29.2,  33.4,  35.2,  33.7,  29.7,  25.2,  20.5,  23.3,  26.9,  31.5,  35.8,  39.2,  41.5,  39.0,  35.6,  31.5,  27.4,  23.5,  27.5,  29.5,  31.3,  32.1,  31.2,  29.2,  27.4,  26.6,  7.2,  2.7,  0.6,  2.2,  6.4,  11.2,  12.9,  11.4,  8.7,  6.2,  4.6,  3.7,  4.2,  5.8,  8.4,  9.6,  10.0,  10.3,  10.2,  9.8,  9.3,  10.1,  9.1,  6.9,  4.8,  4.1,  5.1,  7.2,  4.2,  0.0,  -1.9,  -0.4,  3.6,  7.8,  9.7,  8.5,  6.5,  3.8,  1.8,  0.8,  1.2,  2.4,  4.3,  6.4,  7.6,  8.1,  8.1,  7.7,  5.8,  6.5,  5.6,  3.6,  1.8,  1.1,  2.0,  3.9,  336.5,  337.6,  338.0,  337.3,  336.0,  335.0,  334.5,  335.2,  339.7,  337.8,  335.8,  334.9,  335.1,  335.6,  336.4,  334.7,  333.3,  333.1,  334.6,  337.1,  336.6,  336.2,  336.4,  336.9,  337.6,  337.9,  337.8,  337.2,  341.5,  341.1,  341.4,  342.4,  343.4,  343.9,  343.5,  342.8,  343.0,  341.1,  340.0,  340.4,  342.9,  346.7,  350.6,  347.5,  344.6,  342.6,  341.9,  342.3,  343.3,  343.8,  344.0,  343.7,  343.3,  342.8,  342.6,  342.8,  1.7,  46.6,  368.5,  0.165,  -0.156,  0.029,  450.1,  452.9,  460.3,  471.0,  493.2,  525.8,  560.9,  603.8,  644.7,  678.8,  707.4,  731.6,  753.8,  769.8,  780.0,  789.3,  794.4,  495.7,  522.2,  557.1,  590.5,  621.8,  682.7,  712.0,  739.6,  766.8,  783.7,  654.0,  656.6,  658.9,  661.3,  619.3,  637.0,  654.3,  671.3,  686.1,  540.9,  560.6,  582.6,  600.6,  581.8,  559.9,  690.5,  708.6,  729.6,  745.3,  730.7,  710.7,  581.1,  607.8,  633.0,  651.7,  671.5,  692.3,  706.7,  691.3,  670.5,  649.0,  628.5,  604.0,  593.8,  631.6,  650.6,  670.5,  696.7,  669.4,  649.1,  629.5,  346.6,  397.1,  447.3,  496.3,  546.3,  590.7,  628.9,  657.1,  663.2,  652.5,  623.3,  587.2,  548.1,  505.2,  458.8,  409.2,  357.7,  358.3,  338.9,  335.7,  341.4,  351.4,  348.1,  334.2,  327.5,  327.4,  341.8,  377.8,  406.1,  434.8,  465.0,  481.2,  487.9,  493.7,  487.2,  479.9,  381.4,  371.9,  370.2,  380.2,  386.7,  387.5,  376.0,  364.7,  363.9,  371.5,  379.6,  380.4,  544.4,  530.6,  524.3,  529.0,  524.0,  529.5,  542.3,  568.6,  580.7,  583.7,  581.8,  570.0,  544.8,  540.1,  541.7,  539.1,  543.9,  554.7,  558.2,  556.2,  -84.2,  -84.7,  -83.2,  -79.1,  -68.4,  -52.9,  -36.1,  -16.3,  2.1,  17.9,  32.0,  44.4,  55.4,  62.5,  66.1,  69.1,  70.5,  -58.7,  -47.0,  -32.8,  -19.6,  -7.2,  17.1,  29.4,  41.3,  53.7,  62.7,  5.6,  6.6,  7.5,  8.3,  -8.4,  -1.2,  5.8,  12.7,  18.9,  -40.2,  -32.1,  -23.3,  -16.1,  -23.6,  -32.5,  21.1,  28.7,  37.8,  44.9,  38.3,  29.7,  -25.1,  -13.3,  -2.8,  4.8,  13.0,  22.0,  29.0,  21.9,  12.9,  3.8,  -4.8,  -15.2,  -19.6,  -3.5,  4.4,  12.7,  24.5,  12.4,  3.8,  -4.4,  -5.9,  16.8,  40.4,  63.8,  86.9,  106.8,  122.9,  133.6,  136.7,  134.7,  125.2,  110.2,  91.6,  69.8,  46.7,  22.8,  -1.0,  -0.7,  -8.4,  -9.6,  -7.3,  -3.4,  -4.8,  -10.5,  -13.5,  -13.8,  -7.9,  7.1,  18.2,  29.4,  41.1,  49.3,  51.8,  54.1,  51.8,  49.2,  8.7,  4.8,  4.2,  8.2,  10.9,  11.1,  6.7,  2.0,  1.7,  4.9,  8.3,  8.6,  78.7,  70.4,  67.2,  69.4,  67.7,  71.5,  79.4,  89.2,  93.2,  93.9,  92.9,  88.4,  78.5,  74.3,  75.2,  74.5,  79.4,  81.8,  82.8,  81.8,  388.0,  396.2,  405.0,  409.6,  407.8,  405.2,  400.1,  393.4,  394.3,  402.9,  416.0,  424.5,  425.9,  421.0,  413.1,  405.1,  399.5,  356.1,  349.2,  345.9,  345.4,  345.4,  351.0,  356.6,  362.5,  370.8,  381.5,  347.9,  346.0,  344.2,  342.7,  355.7,  354.5,  353.9,  356.5,  359.4,  354.7,  354.1,  355.8,  357.2,  355.5,  354.6,  365.4,  365.9,  368.9,  373.1,  370.1,  367.1,  373.3,  360.8,  358.2,  359.1,  361.0,  369.0,  380.8,  374.1,  369.5,  367.3,  366.6,  368.2,  371.6,  361.2,  362.0,  364.2,  377.6,  367.6,  365.3,  364.9,  2.350,  0.302,  -0.165,  0.031,  643.519,  469.641,  -36.711,  16.411,  -6.405,  1.787,  -10.824,  -0.614,  3.350,  0.806,  17.957,  -20.947,  -9.419,  -3.963,  -2.657,  6.516,  0.672,  8.149,  -1.890,  2.228,  -2.833,  -4.255,  -2.529,  -3.290,  2.294,  -1.148,  0.251,  0.240,  -0.028,  -1.111,  0.152,  -0.518,  -0.676,  -0.261,  0.414,  -0.129, 0.14, 0.01, 0.04, 0.00, 0.00, 0.32, 0.37, 0.93, 0.00, 0.34, 0.11, 0.17, 0.00, 0.00, 2.45, 1.52, 0.07, 0.00, 0.00, 0.00, 1.00, 0.00, 0.00, 0.00, 1.00, 0.00, 1.00, 0.00, 0.00, 0.00, 0.00, 1.00, 1.00, 0.00, 0.00
66,  0,  2.169,  0.98,  1,  0.207617,  0.252535,  -0.945051,  -0.064462,  0.256771,  -0.964320,  0.075,  0.261,  556.7,  560.8,  571.9,  583.6,  589.0,  585.8,  573.8,  562.1,  543.5,  550.1,  559.1,  570.5,  582.4,  591.5,  598.0,  590.4,  580.5,  569.4,  559.0,  550.3,  567.5,  573.4,  579.1,  581.2,  578.5,  572.6,  566.9,  564.8,  700.1,  704.0,  714.2,  724.6,  729.2,  725.3,  715.1,  703.9,  691.7,  699.1,  708.7,  720.2,  730.6,  738.3,  742.8,  737.5,  729.8,  720.1,  709.7,  699.6,  709.6,  714.5,  719.3,  721.1,  719.0,  714.0,  709.2,  707.4,  378.8,  367.0,  361.5,  365.4,  376.5,  389.2,  393.8,  389.8,  382.6,  376.5,  372.4,  370.1,  371.4,  375.5,  382.2,  385.4,  386.8,  387.6,  387.1,  385.7,  384.3,  386.4,  383.6,  377.6,  372.0,  370.0,  372.7,  378.7,  371.8,  361.0,  356.0,  359.7,  370.0,  380.8,  385.8,  382.8,  377.5,  370.4,  365.3,  362.8,  363.8,  366.7,  371.4,  376.8,  380.0,  381.5,  381.4,  380.4,  375.9,  377.7,  375.3,  370.2,  365.3,  363.6,  366.0,  371.1,  -32.1,  -30.6,  -26.3,  -21.8,  -19.7,  -20.9,  -25.4,  -30.0,  -37.6,  -34.8,  -31.1,  -26.7,  -22.1,  -18.7,  -16.2,  -19.1,  -22.8,  -27.0,  -31.1,  -34.7,  -28.0,  -25.7,  -23.5,  -22.7,  -23.8,  -26.1,  -28.3,  -29.1,  23.5,  25.0,  29.0,  33.2,  35.1,  33.6,  29.6,  25.1,  20.3,  23.1,  26.8,  31.3,  35.6,  39.1,  41.3,  38.8,  35.5,  31.4,  27.3,  23.4,  27.4,  29.4,  31.3,  32.0,  31.1,  29.1,  27.2,  26.5,  7.2,  2.7,  0.6,  2.1,  6.4,  11.2,  13.0,  11.5,  8.8,  6.4,  4.8,  3.9,  4.4,  6.0,  8.6,  9.8,  10.3,  10.6,  10.4,  9.9,  9.4,  10.2,  9.1,  6.8,  4.6,  3.9,  4.9,  7.2,  4.6,  0.4,  -1.6,  -0.1,  3.9,  8.2,  10.2,  9.0,  6.9,  4.1,  2.1,  1.1,  1.5,  2.7,  4.6,  6.7,  7.9,  8.4,  8.4,  8.0,  6.3,  7.0,  6.0,  4.0,  2.1,  1.4,  2.3,  4.4,  337.6,  338.4,  338.6,  338.1,  337.1,  336.5,  336.1,  336.6,  341.1,  339.0,  336.9,  336.0,  336.2,  337.0,  337.9,  336.3,  335.0,  334.8,  336.1,  338.5,  337.8,  337.5,  337.6,  338.1,  338.6,  338.9,  338.8,  338.3,  342.5,  342.1,  342.5,  343.5,  344.5,  344.9,  344.5,  343.7,  343.8,  342.0,  341.0,  341.4,  344.0,  347.7,  351.5,  348.3,  345.4,  343.4,  342.7,  343.1,  344.3,  344.7,  345.0,  344.8,  344.3,  343.8,  343.6,  343.8,  1.6,  46.7,  368.6,  0.168,  -0.155,  0.027,  450.1,  452.9,  460.1,  470.7,  492.9,  525.8,  562.1,  605.4,  646.0,  679.3,  707.2,  731.0,  753.6,  769.8,  780.1,  789.4,  794.5,  494.6,  520.9,  555.9,  589.5,  621.1,  681.3,  710.8,  738.7,  766.2,  783.5,  652.6,  655.3,  657.7,  660.1,  618.5,  636.3,  653.7,  670.7,  685.6,  540.2,  559.9,  581.8,  600.0,  581.2,  559.4,  689.9,  707.9,  728.9,  744.9,  730.2,  710.2,  580.4,  607.4,  632.8,  651.8,  671.9,  693.1,  708.2,  692.7,  671.8,  649.9,  629.2,  604.1,  592.9,  631.7,  650.9,  671.2,  698.3,  670.2,  649.6,  629.6,  346.6,  397.2,  447.3,  496.2,  545.8,  589.5,  627.3,  655.2,  661.0,  650.6,  622.7,  588.3,  550.2,  507.2,  460.2,  409.9,  357.5,  358.5,  339.2,  336.2,  342.0,  352.1,  348.8,  334.8,  328.1,  328.3,  342.4,  378.7,  406.9,  435.5,  465.6,  481.7,  488.4,  494.2,  487.4,  480.1,  382.0,  372.4,  370.7,  380.7,  387.2,  387.9,  377.0,  365.3,  364.5,  372.0,  380.2,  381.1,  543.4,  530.8,  524.9,  529.4,  524.4,  529.1,  540.5,  567.9,  580.9,  584.2,  582.3,  570.2,  543.9,  539.7,  541.3,  538.4,  542.4,  555.8,  559.4,  557.4,  -84.2,  -84.7,  -83.2,  -79.2,  -68.5,  -52.8,  -35.6,  -15.5,  2.7,  18.1,  32.0,  44.2,  55.4,  62.7,  66.3,  69.3,  70.7,  -59.3,  -47.6,  -33.3,  -19.9,  -7.4,  16.5,  28.8,  40.8,  53.4,  62.5,  5.0,  6.0,  7.0,  7.9,  -8.7,  -1.5,  5.6,  12.5,  18.7,  -40.5,  -32.4,  -23.7,  -16.4,  -23.9,  -32.7,  20.8,  28.4,  37.5,  44.7,  38.1,  29.4,  -25.5,  -13.5,  -3.0,  4.8,  13.2,  22.4,  29.7,  22.6,  13.5,  4.2,  -4.5,  -15.1,  -20.1,  -3.4,  4.5,  13.0,  25.2,  12.7,  4.0,  -4.3,  -5.9,  16.8,  40.4,  63.8,  86.5,  106.2,  122.0,  132.4,  135.5,  133.8,  125.1,  111.0,  92.8,  71.0,  47.5,  23.2,  -1.1,  -0.6,  -8.3,  -9.4,  -7.1,  -3.1,  -4.5,  -10.3,  -13.2,  -13.4,  -7.7,  7.4,  18.5,  29.7,  41.3,  49.5,  52.0,  54.2,  51.9,  49.3,  8.9,  5.0,  4.4,  8.5,  11.0,  11.3,  7.1,  2.2,  1.9,  5.1,  8.5,  8.8,  78.3,  70.5,  67.6,  69.6,  67.9,  71.4,  78.7,  89.0,  93.4,  94.2,  93.3,  88.6,  78.2,  74.3,  75.1,  74.3,  78.8,  82.4,  83.4,  82.5,  388.1,  396.1,  404.7,  409.5,  407.7,  404.8,  399.2,  392.5,  393.9,  402.9,  416.5,  425.3,  426.9,  422.4,  414.3,  406.2,  400.5,  356.9,  349.6,  346.2,  345.2,  344.9,  350.3,  355.9,  361.9,  370.2,  381.0,  347.7,  345.7,  343.7,  342.1,  355.4,  354.2,  353.5,  356.3,  359.2,  355.0,  354.4,  356.0,  357.6,  355.8,  355.0,  365.1,  365.5,  368.6,  372.9,  369.8,  366.8,  373.8,  361.3,  358.7,  359.7,  361.6,  369.6,  381.4,  374.8,  370.1,  367.9,  367.2,  368.9,  372.2,  361.5,  362.2,  364.4,  378.3,  368.3,  366.1,  365.6,  2.349,  0.305,  -0.166,  0.029,  643.328,  469.834,  -35.461,  13.758,  -4.424,  0.921,  -9.451,  0.614,  4.167,  3.045,  18.601,  -20.012,  -10.341,  -5.549,  -2.431,  5.845,  -0.918,  8.686,  -2.237,  1.709,  -3.441,  -3.993,  -1.687,  -2.865,  0.841,  -0.838,  0.423,  0.700,  -0.218,  -1.197,  0.239,  -0.490,  -0.605,  -0.308,  0.390,  -0.022, 0.15, 0.00, 0.01, 0.00, 0.00, 0.32, 0.36, 0.82, 0.00, 0.32, 0.07, 0.09, 0.00, 0.00, 2.49, 1.17, 0.00, 0.00, 0.00, 0.00, 1.00, 0.00, 0.00, 0.00, 1.00, 0.00, 1.00, 0.00, 0.00, 0.00, 0.00, 1.00, 1.00, 0.00, 0.00
67,  0,  2.202,  0.98,  1,  0.206401,  0.256040,  -0.944374,  -0.065680,  0.249840,  -0.966057,  0.074,  0.259,  556.3,  560.4,  571.6,  583.4,  588.9,  585.6,  573.6,  561.8,  543.0,  550.0,  559.3,  570.6,  582.3,  591.2,  597.5,  590.2,  580.4,  569.5,  559.1,  550.0,  567.2,  573.1,  578.7,  580.7,  578.0,  572.1,  566.5,  564.5,  699.8,  703.6,  713.6,  724.1,  728.9,  725.2,  715.1,  703.8,  691.4,  698.7,  708.2,  719.7,  730.2,  738.0,  742.7,  737.4,  729.7,  719.9,  709.4,  699.3,  709.5,  714.4,  719.0,  720.8,  718.5,  713.7,  709.0,  707.3,  379.5,  368.0,  362.7,  366.7,  377.6,  390.1,  394.4,  390.4,  383.4,  377.2,  373.0,  370.8,  372.2,  376.3,  383.2,  386.4,  387.6,  388.2,  387.8,  386.4,  385.2,  387.2,  384.6,  378.9,  373.4,  371.4,  374.0,  379.8,  372.8,  362.0,  356.8,  360.3,  370.5,  381.4,  386.6,  383.8,  378.8,  371.6,  366.4,  363.7,  364.6,  367.4,  372.0,  377.4,  380.8,  382.4,  382.4,  381.5,  376.7,  378.4,  376.0,  370.9,  366.2,  364.5,  366.9,  372.0,  -32.3,  -30.9,  -26.6,  -22.0,  -19.8,  -20.9,  -25.5,  -30.1,  -37.8,  -34.9,  -31.1,  -26.7,  -22.2,  -18.9,  -16.5,  -19.2,  -22.8,  -27.0,  -31.1,  -34.8,  -28.1,  -25.9,  -23.7,  -23.0,  -24.1,  -26.4,  -28.5,  -29.2,  23.4,  24.9,  28.8,  33.0,  35.0,  33.6,  29.6,  25.1,  20.2,  23.0,  26.6,  31.1,  35.5,  38.9,  41.2,  38.8,  35.4,  31.4,  27.2,  23.3,  27.3,  29.3,  31.2,  31.8,  30.9,  29.0,  27.1,  26.4,  7.5,  3.1,  1.1,  2.6,  6.8,  11.6,  13.2,  11.7,  9.1,  6.7,  5.0,  4.2,  4.7,  6.3,  9.0,  10.2,  10.6,  10.8,  10.7,  10.2,  9.7,  10.5,  9.5,  7.3,  5.2,  4.4,  5.4,  7.7,  5.0,  0.8,  -1.3,  0.1,  4.1,  8.4,  10.5,  9.3,  7.4,  4.5,  2.5,  1.5,  1.8,  2.9,  4.8,  6.9,  8.2,  8.8,  8.8,  8.4,  6.6,  7.2,  6.3,  4.3,  2.4,  1.8,  2.7,  4.7,  337.9,  339.3,  340.0,  339.6,  338.2,  337.0,  336.1,  336.6,  340.6,  339.0,  337.4,  336.8,  337.3,  338.1,  338.8,  337.0,  335.3,  334.7,  335.9,  338.2,  338.1,  337.9,  338.2,  339.0,  339.6,  339.9,  339.5,  338.8,  342.6,  342.2,  342.6,  343.6,  344.6,  344.9,  344.6,  343.9,  344.0,  342.2,  341.2,  341.5,  344.0,  347.8,  351.5,  348.4,  345.5,  343.6,  342.9,  343.3,  344.4,  344.8,  345.0,  344.9,  344.4,  344.0,  343.8,  343.9,  1.6,  46.5,  368.7,  0.176,  -0.156,  0.027,  450.1,  452.7,  459.6,  469.5,  490.9,  523.1,  560.5,  605.4,  647.3,  681.0,  708.4,  731.8,  754.2,  770.3,  780.4,  789.2,  794.2,  494.4,  520.2,  555.0,  589.2,  621.3,  680.7,  710.5,  738.6,  766.1,  783.1,  652.0,  654.8,  657.4,  659.9,  618.2,  636.1,  653.9,  670.8,  685.9,  540.2,  559.7,  581.4,  599.7,  581.2,  559.5,  689.7,  707.6,  728.5,  744.6,  730.0,  710.1,  579.2,  607.4,  633.1,  651.9,  672.0,  693.7,  710.0,  693.9,  673.0,  651.1,  630.7,  604.8,  591.5,  632.3,  651.4,  671.7,  700.4,  670.8,  650.2,  630.4,  347.0,  396.6,  445.4,  493.1,  541.3,  584.3,  621.9,  650.3,  656.6,  646.4,  619.6,  586.9,  549.7,  507.2,  460.4,  410.3,  357.9,  359.6,  340.3,  337.1,  342.9,  353.3,  349.9,  335.4,  328.7,  329.3,  343.4,  380.1,  408.1,  436.4,  466.2,  482.1,  488.8,  494.5,  487.6,  480.1,  382.9,  373.1,  371.5,  381.6,  387.9,  388.8,  378.5,  366.1,  365.1,  372.7,  380.9,  382.1,  540.6,  530.7,  526.0,  530.1,  525.3,  528.5,  537.2,  564.9,  578.3,  581.6,  579.8,  567.7,  541.3,  539.1,  540.7,  537.5,  539.3,  555.6,  559.2,  557.1,  -84.6,  -84.9,  -83.4,  -79.6,  -69.4,  -54.1,  -36.3,  -15.5,  3.3,  18.9,  32.6,  44.8,  56.0,  63.3,  67.0,  69.9,  71.3,  -59.6,  -48.0,  -33.7,  -20.0,  -7.4,  16.2,  28.6,  40.7,  53.3,  62.4,  4.8,  5.8,  6.8,  7.7,  -8.8,  -1.6,  5.6,  12.5,  18.8,  -40.6,  -32.6,  -23.9,  -16.5,  -24.0,  -32.7,  20.7,  28.2,  37.3,  44.6,  38.0,  29.4,  -26.0,  -13.5,  -2.8,  4.9,  13.3,  22.7,  30.6,  23.1,  13.9,  4.7,  -3.9,  -14.9,  -20.7,  -3.2,  4.7,  13.2,  26.2,  13.0,  4.3,  -4.0,  -5.8,  16.6,  39.5,  62.2,  84.4,  103.8,  119.5,  130.1,  133.4,  131.8,  123.8,  110.6,  93.0,  71.5,  47.9,  23.6,  -1.0,  -0.2,  -7.9,  -9.1,  -6.7,  -2.6,  -4.0,  -10.0,  -12.9,  -13.0,  -7.3,  8.0,  18.9,  29.9,  41.3,  49.5,  52.1,  54.2,  51.9,  49.2,  9.3,  5.3,  4.7,  8.9,  11.4,  11.7,  7.7,  2.5,  2.1,  5.4,  8.8,  9.2,  77.3,  70.6,  68.1,  70.0,  68.4,  71.3,  77.5,  87.9,  92.2,  93.1,  92.2,  87.6,  77.3,  74.0,  74.8,  73.9,  77.8,  82.4,  83.4,  82.4,  389.6,  396.6,  404.3,  408.8,  407.4,  405.0,  399.3,  392.2,  393.5,  402.7,  417.2,  426.6,  429.1,  425.4,  417.6,  409.9,  404.6,  358.4,  350.5,  346.5,  344.8,  344.0,  348.9,  354.6,  361.3,  370.1,  381.7,  347.0,  344.8,  342.4,  340.5,  355.0,  353.8,  352.9,  355.7,  358.7,  355.8,  355.0,  356.5,  358.3,  356.5,  355.6,  364.8,  365.4,  368.4,  372.9,  369.6,  366.7,  374.7,  362.0,  359.3,  360.2,  362.1,  370.4,  382.9,  375.3,  369.8,  367.6,  366.9,  369.2,  373.2,  361.5,  362.2,  364.4,  379.7,  368.6,  366.3,  365.9,  2.347,  0.309,  -0.171,  0.031,  643.362,  469.263,  -27.845,  9.436,  -1.626,  -1.065,  -7.551,  2.055,  4.156,  4.889,  19.083,  -16.130,  -11.837,  -6.159,  -3.352,  4.040,  -1.721,  9.287,  -2.133,  2.328,  -4.368,  -3.251,  -1.033,  -1.934,  -0.101,  -1.009,  0.740,  0.662,  -0.494,  -0.998,  0.126,  -0.507,  -0.583,  -0.398,  0.252,  0.105, 0.19, 0.00, 0.00, 0.00, 0.00, 0.49, 0.37, 0.69, 0.03, 0.29, 0.07, 0.07, 0.06, 0.00, 2.38, 0.74, 0.00, 0.00, 0.00, 0.00, 1.00, 0.00, 1.00, 0.00, 1.00, 0.00, 0.00, 0.00, 0.00, 0.00, 0.00, 1.00, 1.00, 0.00, 0.00
68,  0,  2.236,  0.98,  1,  0.210489,  0.255848,  -0.943523,  -0.064648,  0.253811,  -0.965091,  0.076,  0.261,  556.5,  560.7,  572.0,  583.8,  589.1,  585.8,  573.7,  561.9,  543.2,  550.2,  559.5,  570.7,  582.4,  591.3,  597.7,  590.3,  580.6,  569.6,  559.2,  550.3,  567.3,  573.3,  579.0,  581.1,  578.4,  572.5,  566.8,  564.6,  700.0,  703.7,  713.8,  724.3,  729.1,  725.3,  715.3,  703.9,  691.6,  698.9,  708.4,  719.8,  730.3,  738.1,  742.9,  737.6,  729.8,  719.9,  709.5,  699.4,  709.6,  714.5,  719.3,  721.0,  718.8,  713.8,  709.1,  707.4,  379.2,  367.6,  362.3,  366.3,  377.4,  390.0,  394.4,  390.3,  382.9,  376.8,  372.7,  370.6,  371.9,  376.0,  382.9,  386.0,  387.2,  387.9,  387.3,  385.9,  385.0,  387.1,  384.4,  378.6,  373.0,  370.9,  373.6,  379.4,  373.0,  362.1,  357.0,  360.6,  370.8,  381.7,  386.8,  383.9,  378.6,  371.5,  366.3,  363.7,  364.7,  367.5,  372.2,  377.5,  380.8,  382.3,  382.3,  381.4,  377.0,  378.7,  376.2,  371.1,  366.3,  364.7,  367.1,  372.2,  -32.2,  -30.7,  -26.4,  -21.8,  -19.7,  -20.9,  -25.5,  -30.1,  -37.7,  -34.8,  -31.1,  -26.7,  -22.2,  -18.8,  -16.4,  -19.1,  -22.8,  -26.9,  -31.0,  -34.7,  -28.1,  -25.8,  -23.6,  -22.8,  -23.9,  -26.2,  -28.4,  -29.2,  23.5,  25.0,  29.0,  33.2,  35.2,  33.7,  29.7,  25.2,  20.3,  23.1,  26.7,  31.2,  35.6,  39.1,  41.4,  38.9,  35.5,  31.4,  27.3,  23.3,  27.4,  29.4,  31.3,  32.0,  31.1,  29.1,  27.2,  26.5,  7.4,  3.0,  0.9,  2.5,  6.7,  11.6,  13.2,  11.7,  8.9,  6.5,  4.9,  4.1,  4.6,  6.2,  8.9,  10.0,  10.4,  10.7,  10.5,  10.0,  9.7,  10.5,  9.5,  7.2,  5.0,  4.2,  5.3,  7.5,  5.1,  0.8,  -1.2,  0.2,  4.3,  8.6,  10.6,  9.4,  7.3,  4.5,  2.5,  1.5,  1.8,  3.0,  4.9,  7.0,  8.2,  8.8,  8.8,  8.4,  6.7,  7.4,  6.4,  4.4,  2.5,  1.8,  2.8,  4.8,  338.1,  339.3,  339.9,  339.4,  338.2,  337.1,  336.4,  336.8,  340.9,  339.2,  337.4,  336.8,  337.2,  338.0,  338.8,  337.0,  335.4,  335.0,  336.2,  338.5,  338.3,  338.1,  338.4,  339.0,  339.6,  339.9,  339.6,  338.9,  343.4,  343.0,  343.4,  344.3,  345.2,  345.6,  345.2,  344.6,  344.8,  343.0,  341.9,  342.3,  344.7,  348.4,  352.2,  349.0,  346.1,  344.2,  343.6,  344.0,  345.1,  345.5,  345.7,  345.6,  345.1,  344.7,  344.5,  344.7,  1.8,  46.1,  369.2,  0.170,  -0.159,  0.028,  450.3,  452.8,  459.2,  468.7,  489.4,  521.4,  559.3,  605.1,  647.7,  681.7,  709.0,  732.3,  754.6,  770.6,  780.6,  789.4,  794.4,  494.7,  520.4,  555.2,  589.3,  621.4,  681.1,  710.9,  739.0,  766.3,  783.4,  652.2,  655.0,  657.6,  660.2,  618.1,  636.2,  654.2,  671.3,  686.4,  540.3,  559.9,  581.6,  599.9,  581.4,  559.8,  689.8,  707.9,  728.6,  744.8,  730.1,  710.3,  578.7,  607.8,  633.6,  652.5,  672.7,  694.5,  711.1,  694.9,  674.0,  652.1,  631.7,  605.4,  591.1,  632.9,  652.0,  672.4,  701.5,  671.7,  651.1,  631.3,  347.8,  396.7,  444.9,  491.9,  539.5,  582.2,  619.6,  648.1,  654.5,  644.3,  617.7,  585.6,  548.8,  506.7,  460.3,  410.8,  359.0,  358.9,  339.9,  336.8,  342.6,  353.0,  349.9,  335.5,  328.6,  329.3,  343.3,  380.2,  408.0,  436.2,  465.9,  481.7,  488.4,  494.1,  487.1,  479.5,  382.5,  372.8,  371.3,  381.4,  387.5,  388.4,  378.5,  366.0,  365.1,  372.7,  380.8,  381.9,  538.8,  529.4,  525.0,  529.1,  524.3,  527.1,  535.1,  562.2,  575.5,  578.8,  577.2,  565.4,  539.5,  538.1,  539.6,  536.5,  537.3,  552.9,  556.5,  554.6,  -84.8,  -85.1,  -83.6,  -80.1,  -70.2,  -54.9,  -36.8,  -15.6,  3.5,  19.2,  32.9,  45.1,  56.4,  63.7,  67.4,  70.4,  71.9,  -59.7,  -48.0,  -33.7,  -20.0,  -7.3,  16.4,  28.8,  41.0,  53.6,  62.8,  4.9,  5.9,  6.9,  7.9,  -8.9,  -1.5,  5.7,  12.7,  19.1,  -40.7,  -32.6,  -23.9,  -16.5,  -23.9,  -32.7,  20.8,  28.4,  37.4,  44.8,  38.2,  29.6,  -26.3,  -13.3,  -2.6,  5.2,  13.5,  23.1,  31.2,  23.5,  14.4,  5.1,  -3.5,  -14.6,  -20.9,  -2.9,  5.0,  13.5,  26.8,  13.4,  4.6,  -3.7,  -5.4,  16.7,  39.3,  61.7,  83.7,  103.0,  118.6,  129.2,  132.4,  130.8,  123.0,  110.2,  92.9,  71.6,  48.1,  23.9,  -0.5,  -0.4,  -8.1,  -9.2,  -6.9,  -2.7,  -4.0,  -10.0,  -13.0,  -13.0,  -7.3,  8.0,  19.0,  29.9,  41.3,  49.4,  52.0,  54.2,  51.7,  49.1,  9.2,  5.2,  4.6,  8.8,  11.2,  11.6,  7.7,  2.5,  2.1,  5.4,  8.8,  9.2,  76.6,  70.2,  67.8,  69.7,  68.0,  70.8,  76.8,  86.7,  91.0,  91.8,  90.9,  86.6,  76.7,  73.6,  74.4,  73.6,  77.1,  81.2,  82.2,  81.3,  391.0,  397.5,  404.8,  409.2,  407.9,  405.5,  399.6,  392.2,  393.3,  402.7,  417.6,  427.5,  430.5,  427.1,  419.7,  412.2,  407.2,  359.5,  351.6,  347.6,  345.7,  344.8,  349.6,  355.6,  362.5,  371.5,  383.2,  347.9,  345.6,  343.1,  341.1,  355.6,  354.4,  353.5,  356.4,  359.5,  356.9,  356.0,  357.5,  359.4,  357.4,  356.6,  365.9,  366.5,  369.7,  374.2,  370.7,  367.8,  375.1,  362.3,  359.6,  360.5,  362.4,  370.8,  383.7,  375.3,  369.4,  367.1,  366.4,  369.1,  373.7,  361.7,  362.5,  364.7,  380.4,  368.3,  366.0,  365.6,  2.343,  0.302,  -0.176,  0.032,  643.635,  468.361,  -23.677,  8.186,  -1.461,  -3.102,  -7.851,  2.571,  3.084,  5.598,  18.205,  -15.153,  -11.809,  -5.862,  -3.639,  3.952,  -0.959,  9.340,  -2.320,  2.469,  -3.885,  -3.130,  -0.804,  -2.012,  -0.237,  -1.181,  0.550,  0.677,  -0.717,  -0.873,  0.073,  -0.605,  -0.539,  -0.426,  0.182,  0.173, 0.21, 0.01, 0.00, 0.00, 0.00, 0.62, 0.30, 0.60, 0.04, 0.25, 0.00, 0.07, 0.06, 0.00, 2.23, 0.49, 0.00, 0.00, 0.00, 0.00, 1.00, 0.00, 1.00, 0.00, 1.00, 0.00, 0.00, 0.00, 0.00, 0.00, 0.00, 1.00, 0.00, 0.00, 0.00
69,  0,  2.269,  0.98,  1,  0.209667,  0.250644,  -0.945102,  -0.068047,  0.247028,  -0.966616,  0.074,  0.255,  556.5,  560.8,  572.2,  584.0,  589.3,  585.8,  573.6,  561.8,  543.0,  550.0,  559.4,  570.9,  582.8,  591.8,  598.3,  590.7,  580.8,  569.8,  559.3,  550.2,  567.3,  573.2,  579.0,  581.2,  578.6,  572.6,  566.9,  564.6,  699.9,  703.8,  714.0,  724.5,  729.2,  725.3,  715.1,  703.8,  691.6,  699.0,  708.6,  720.1,  730.5,  738.3,  743.0,  737.7,  729.9,  720.1,  709.6,  699.4,  709.4,  714.5,  719.4,  721.3,  719.0,  713.9,  709.0,  707.1,  378.3,  366.5,  361.2,  365.5,  376.8,  389.5,  393.9,  389.6,  382.1,  376.0,  371.8,  369.6,  370.9,  375.1,  382.1,  385.1,  386.3,  387.0,  386.5,  385.1,  384.3,  386.4,  383.8,  377.8,  372.1,  369.9,  372.6,  378.5,  372.3,  361.5,  356.5,  360.2,  370.5,  381.3,  386.4,  383.3,  378.0,  370.8,  365.6,  363.0,  364.0,  367.0,  371.7,  377.0,  380.2,  381.7,  381.6,  380.8,  376.6,  378.4,  376.0,  370.7,  365.8,  364.0,  366.4,  371.6,  -31.9,  -30.4,  -26.0,  -21.5,  -19.4,  -20.7,  -25.3,  -29.8,  -37.4,  -34.5,  -30.8,  -26.3,  -21.8,  -18.4,  -16.0,  -18.8,  -22.5,  -26.6,  -30.7,  -34.4,  -27.8,  -25.5,  -23.3,  -22.5,  -23.6,  -25.9,  -28.1,  -28.9,  23.4,  24.9,  28.9,  33.1,  35.0,  33.5,  29.5,  25.0,  20.2,  23.0,  26.6,  31.2,  35.5,  39.0,  41.3,  38.8,  35.4,  31.3,  27.2,  23.2,  27.2,  29.2,  31.2,  31.9,  31.0,  29.0,  27.0,  26.3,  7.0,  2.5,  0.5,  2.1,  6.4,  11.3,  12.9,  11.3,  8.5,  6.1,  4.5,  3.6,  4.1,  5.8,  8.5,  9.6,  10.0,  10.2,  10.1,  9.6,  9.3,  10.1,  9.1,  6.8,  4.7,  3.8,  4.8,  7.1,  4.8,  0.6,  -1.4,  0.1,  4.1,  8.4,  10.3,  9.1,  7.0,  4.2,  2.2,  1.2,  1.6,  2.8,  4.7,  6.8,  8.0,  8.5,  8.4,  8.1,  6.5,  7.2,  6.3,  4.2,  2.3,  1.6,  2.5,  4.6,  334.7,  335.8,  336.3,  335.8,  334.7,  333.9,  333.2,  333.6,  337.6,  335.7,  333.9,  333.2,  333.6,  334.5,  335.4,  333.7,  332.1,  331.6,  332.9,  335.1,  335.0,  334.8,  335.0,  335.6,  336.1,  336.4,  336.1,  335.6,  341.4,  341.1,  341.5,  342.4,  343.3,  343.7,  343.3,  342.6,  342.9,  341.1,  340.1,  340.5,  343.0,  346.7,  350.4,  347.3,  344.4,  342.4,  341.7,  342.1,  343.1,  343.6,  343.8,  343.7,  343.2,  342.8,  342.5,  342.7,  2.1,  46.3,  370.0,  0.154,  -0.153,  0.016,  449.1,  452.6,  460.7,  472.4,  495.6,  528.7,  565.3,  608.2,  649.7,  683.7,  711.2,  734.3,  755.7,  770.9,  780.5,  788.7,  792.9,  495.0,  521.9,  556.6,  590.4,  622.1,  682.2,  711.7,  739.5,  766.5,  783.0,  653.0,  655.3,  657.7,  660.2,  617.9,  636.3,  654.5,  671.9,  687.1,  540.2,  560.2,  582.0,  600.1,  581.6,  559.6,  689.9,  708.0,  728.8,  744.9,  730.3,  710.3,  580.0,  608.5,  634.5,  653.2,  673.1,  694.6,  710.9,  695.1,  674.5,  652.9,  632.5,  606.3,  592.1,  634.0,  652.8,  672.9,  701.0,  672.7,  652.2,  632.7,  348.9,  400.5,  451.7,  500.6,  548.4,  589.7,  624.4,  649.6,  654.4,  643.8,  616.5,  583.3,  546.0,  504.4,  459.5,  411.5,  361.3,  357.9,  339.2,  335.9,  341.5,  351.9,  348.8,  335.1,  328.3,  328.9,  343.2,  378.4,  406.5,  435.0,  464.8,  481.4,  487.9,  493.6,  486.5,  478.5,  381.5,  371.8,  370.3,  380.7,  386.7,  387.6,  377.8,  365.4,  364.5,  372.4,  380.3,  381.3,  540.5,  529.4,  524.1,  528.2,  523.2,  526.6,  535.9,  562.4,  575.9,  579.5,  578.2,  566.7,  541.1,  537.9,  539.2,  536.0,  538.0,  552.5,  556.4,  554.7,  -86.1,  -86.0,  -83.8,  -79.0,  -67.7,  -51.8,  -34.2,  -14.3,  4.4,  20.1,  34.0,  46.0,  56.7,  63.4,  66.9,  69.8,  71.2,  -59.8,  -47.7,  -33.3,  -19.7,  -7.1,  16.9,  29.3,  41.5,  54.1,  63.0,  5.2,  6.1,  7.0,  7.9,  -9.0,  -1.5,  5.9,  13.0,  19.4,  -40.9,  -32.6,  -23.8,  -16.4,  -23.9,  -32.9,  20.9,  28.6,  37.7,  45.1,  38.4,  29.7,  -25.8,  -13.1,  -2.3,  5.4,  13.7,  23.2,  31.1,  23.7,  14.6,  5.4,  -3.1,  -14.2,  -20.5,  -2.5,  5.3,  13.8,  26.6,  13.8,  5.1,  -3.1,  -5.0,  18.6,  42.8,  66.3,  88.4,  106.9,  121.1,  130.1,  132.5,  130.7,  122.4,  108.9,  91.1,  70.0,  47.4,  24.2,  0.6,  -0.9,  -8.4,  -9.6,  -7.4,  -3.2,  -4.5,  -10.2,  -13.2,  -13.3,  -7.4,  7.3,  18.5,  29.5,  41.0,  49.4,  51.9,  54.0,  51.6,  48.8,  8.8,  4.8,  4.2,  8.5,  10.9,  11.3,  7.5,  2.3,  1.9,  5.3,  8.6,  9.0,  77.6,  70.3,  67.5,  69.4,  67.7,  70.7,  77.3,  86.9,  91.3,  92.3,  91.5,  87.4,  77.6,  73.7,  74.4,  73.5,  77.5,  81.1,  82.3,  81.5,  394.8,  401.5,  408.8,  412.5,  410.5,  407.3,  400.9,  393.1,  393.7,  402.9,  417.4,  426.8,  428.5,  424.1,  416.9,  410.6,  407.2,  360.8,  353.1,  349.1,  347.2,  346.0,  351.1,  357.8,  364.9,  374.2,  385.9,  349.5,  347.0,  344.2,  341.9,  356.2,  354.7,  353.8,  356.7,  360.1,  358.4,  357.3,  358.7,  360.5,  358.5,  357.7,  367.4,  368.1,  371.3,  375.9,  372.1,  369.1,  376.4,  363.2,  360.0,  360.8,  362.8,  371.5,  384.4,  375.9,  370.0,  367.7,  367.1,  369.9,  374.7,  362.4,  363.1,  365.4,  381.1,  368.8,  366.4,  366.1,  2.337,  0.286,  -0.164,  0.018,  644.494,  468.594,  -26.448,  16.381,  -0.623,  -0.818,  -4.648,  2.379,  2.219,  3.236,  16.534,  -16.610,  -9.297,  -4.684,  -3.565,  4.264,  -0.503,  9.432,  -1.450,  1.305,  -2.506,  -3.902,  0.992,  -1.808,  0.144,  -1.565,  1.211,  0.633,  -1.031,  -0.599,  -0.006,  -0.739,  -0.493,  -0.350,  0.289,  0.190, 0.15, 0.01, 0.00, 0.00, 0.00, 0.55, 0.31, 0.59, 0.04, 0.13, 0.00, 0.05, 0.06, 0.00, 2.15, 0.51, 0.00, 0.00, 0.00, 0.00, 1.00, 0.00, 1.00, 0.00, 1.00, 0.00, 1.00, 0.00, 0.00, 0.00, 0.00, 1.00, 0.00, 0.00, 0.00
70,  0,  2.302,  0.98,  1,  0.210597,  0.255994,  -0.943460,  -0.063808,  0.245560,  -0.967279,  0.077,  0.257,  556.3,  560.3,  571.3,  583.1,  588.6,  585.5,  573.6,  561.9,  540.9,  548.9,  559.0,  571.1,  582.9,  591.6,  597.9,  590.6,  581.1,  570.2,  559.3,  549.4,  566.9,  572.8,  578.4,  580.4,  577.6,  571.7,  566.1,  564.1,  699.9,  703.9,  714.2,  724.7,  729.3,  725.3,  715.0,  703.7,  691.5,  698.9,  708.6,  720.3,  730.8,  738.5,  743.0,  737.6,  729.7,  719.7,  709.2,  699.1,  709.7,  714.4,  719.1,  720.9,  718.8,  714.1,  709.5,  707.7,  378.2,  366.7,  361.5,  365.8,  376.9,  389.5,  393.7,  389.4,  382.9,  376.4,  372.0,  369.5,  371.0,  375.3,  382.2,  385.2,  386.3,  387.0,  386.6,  385.5,  384.3,  386.4,  383.9,  378.0,  372.4,  370.2,  372.8,  378.6,  372.1,  361.3,  356.2,  359.9,  370.1,  380.9,  385.9,  382.9,  378.0,  370.8,  365.7,  363.3,  364.3,  366.9,  371.6,  377.0,  380.4,  381.9,  381.8,  380.7,  375.7,  377.4,  375.1,  370.3,  365.7,  364.0,  366.3,  371.1,  -31.5,  -30.2,  -26.0,  -21.6,  -19.4,  -20.5,  -24.9,  -29.3,  -37.6,  -34.3,  -30.4,  -25.9,  -21.5,  -18.3,  -16.0,  -18.6,  -22.0,  -26.1,  -30.2,  -34.1,  -27.6,  -25.3,  -23.3,  -22.6,  -23.7,  -25.9,  -28.0,  -28.7,  23.4,  24.9,  28.9,  33.1,  35.0,  33.5,  29.5,  24.9,  20.2,  22.9,  26.6,  31.2,  35.5,  39.0,  41.2,  38.7,  35.3,  31.2,  27.0,  23.1,  27.3,  29.2,  31.1,  31.7,  30.9,  29.0,  27.2,  26.5,  6.9,  2.5,  0.6,  2.2,  6.4,  11.1,  12.6,  11.0,  8.7,  6.2,  4.5,  3.6,  4.1,  5.8,  8.4,  9.5,  9.8,  10.1,  10.0,  9.6,  9.2,  10.0,  9.0,  6.8,  4.7,  3.9,  4.9,  7.0,  4.7,  0.5,  -1.5,  -0.0,  4.0,  8.2,  10.2,  9.0,  7.1,  4.2,  2.2,  1.3,  1.7,  2.7,  4.6,  6.7,  8.0,  8.6,  8.5,  8.1,  6.2,  6.8,  5.9,  4.0,  2.2,  1.6,  2.5,  4.4,  329.3,  330.9,  331.9,  331.9,  330.8,  329.5,  328.2,  328.3,  331.6,  329.9,  328.6,  328.3,  329.2,  330.5,  331.7,  329.4,  327.4,  326.5,  327.3,  329.2,  330.0,  329.9,  330.5,  331.3,  331.8,  331.8,  331.3,  330.5,  341.3,  340.7,  340.9,  341.9,  343.1,  343.8,  343.5,  342.8,  342.9,  341.0,  339.8,  340.1,  342.6,  346.4,  350.1,  347.3,  344.4,  342.5,  341.9,  342.3,  343.1,  343.6,  343.7,  343.4,  342.9,  342.4,  342.3,  342.6,  1.7,  46.0,  368.1,  0.172,  -0.158,  0.024,  449.1,  452.4,  460.0,  470.8,  492.4,  524.0,  560.2,  603.8,  646.0,  680.5,  708.4,  732.1,  754.1,  769.9,  780.1,  789.0,  793.7,  494.2,  520.5,  555.5,  589.7,  621.7,  681.3,  711.1,  739.2,  766.4,  783.1,  652.6,  655.1,  657.6,  660.0,  617.7,  635.9,  654.0,  671.2,  686.4,  539.6,  559.6,  581.6,  599.9,  581.2,  559.2,  689.8,  707.9,  728.9,  744.9,  730.2,  710.1,  581.2,  608.5,  633.5,  652.5,  672.6,  693.4,  708.2,  693.4,  673.3,  651.3,  630.8,  605.8,  593.5,  632.7,  651.7,  672.1,  698.5,  671.5,  650.7,  630.9,  348.4,  398.5,  447.7,  495.3,  542.9,  584.9,  621.2,  648.3,  654.3,  644.0,  616.6,  583.0,  545.0,  502.5,  456.7,  407.9,  356.8,  357.9,  339.1,  336.1,  341.9,  352.3,  349.1,  335.3,  328.4,  329.0,  343.2,  379.5,  407.3,  435.4,  464.9,  481.1,  487.8,  493.4,  486.7,  479.1,  381.6,  372.0,  370.4,  380.9,  386.9,  387.8,  377.9,  365.5,  364.7,  372.2,  380.5,  381.6,  542.8,  530.5,  524.5,  528.9,  523.9,  528.2,  539.0,  564.6,  577.4,  580.7,  578.9,  567.6,  543.1,  538.4,  540.0,  537.1,  540.7,  554.1,  557.7,  555.6,  -85.3,  -85.2,  -83.3,  -79.1,  -68.8,  -53.8,  -36.5,  -16.2,  2.7,  18.6,  32.6,  44.8,  55.9,  63.0,  66.8,  69.9,  71.3,  -59.7,  -47.8,  -33.4,  -19.8,  -7.2,  16.5,  28.8,  41.0,  53.6,  62.6,  5.0,  5.9,  6.9,  7.8,  -9.0,  -1.7,  5.6,  12.7,  19.0,  -40.8,  -32.6,  -23.8,  -16.4,  -23.9,  -32.8,  20.8,  28.4,  37.4,  44.8,  38.1,  29.4,  -25.1,  -13.0,  -2.6,  5.1,  13.4,  22.5,  29.8,  22.8,  14.0,  4.7,  -3.8,  -14.4,  -19.7,  -3.0,  4.8,  13.3,  25.3,  13.2,  4.5,  -3.8,  -5.2,  17.5,  40.6,  63.3,  85.3,  104.2,  119.3,  129.3,  132.2,  130.5,  122.2,  108.6,  90.6,  69.2,  46.1,  22.5,  -1.5,  -0.9,  -8.4,  -9.5,  -7.1,  -3.0,  -4.3,  -10.0,  -13.1,  -13.1,  -7.4,  7.7,  18.6,  29.5,  40.7,  49.0,  51.5,  53.7,  51.4,  48.7,  8.8,  4.9,  4.2,  8.5,  11.0,  11.3,  7.4,  2.3,  2.0,  5.2,  8.7,  9.0,  78.1,  70.3,  67.3,  69.2,  67.5,  71.0,  78.1,  87.4,  91.6,  92.4,  91.5,  87.3,  77.8,  73.5,  74.2,  73.5,  78.2,  81.4,  82.4,  81.5,  390.8,  397.6,  405.0,  409.2,  407.9,  405.5,  399.8,  392.5,  393.1,  402.2,  416.7,  426.3,  428.6,  424.6,  417.2,  410.3,  406.0,  358.2,  350.2,  346.0,  344.1,  343.1,  348.4,  354.8,  361.8,  371.1,  382.8,  346.8,  344.5,  341.9,  339.9,  354.2,  353.0,  352.2,  354.9,  358.0,  355.8,  354.6,  356.0,  357.8,  356.0,  355.2,  364.7,  365.3,  368.6,  373.4,  369.7,  366.6,  373.6,  360.7,  357.8,  358.6,  360.5,  369.1,  381.8,  374.0,  368.5,  366.4,  365.8,  368.1,  372.0,  360.3,  360.9,  363.2,  378.5,  367.0,  364.8,  364.5,  2.350,  0.304,  -0.173,  0.027,  643.516,  468.494,  -23.545,  11.808,  -2.894,  0.952,  -6.392,  -0.311,  3.556,  2.663,  17.690,  -16.218,  -9.512,  -5.139,  -2.579,  4.711,  -0.463,  8.554,  -0.616,  0.844,  -3.444,  -4.377,  -0.215,  -1.360,  0.126,  -2.286,  0.903,  0.350,  -0.499,  -0.464,  0.148,  -0.763,  -0.260,  -0.260,  0.219,  0.060, 0.12, 0.01, 0.00, 0.00, 0.00, 0.53, 0.23, 0.70, 0.01, 0.06, 0.05, 0.00, 0.00, 0.00, 1.98, 0.54, 0.00, 0.00, 0.00, 0.00, 1.00, 0.00, 1.00, 0.00, 1.00, 0.00, 1.00, 0.00, 0.00, 0.00, 0.00, 1.00, 0.00, 0.00, 0.00
71,  0,  2.336,  0.98,  1,  0.183037,  0.250889,  -0.950554,  -0.081185,  0.258550,  -0.962580,  0.053,  0.260,  556.3,  560.7,  572.2,  584.0,  589.3,  585.8,  573.4,  561.6,  543.6,  550.7,  560.2,  571.4,  583.1,  592.2,  598.9,  591.5,  582.0,  571.2,  560.5,  551.1,  567.2,  573.1,  578.9,  581.1,  578.5,  572.5,  566.8,  564.6,  699.3,  702.9,  713.1,  723.9,  729.1,  725.5,  715.2,  703.6,  691.3,  698.7,  708.4,  719.9,  730.3,  738.1,  742.8,  737.7,  730.1,  720.3,  709.6,  699.3,  709.2,  714.3,  719.1,  720.8,  718.4,  713.3,  708.5,  706.8,  378.5,  366.6,  361.2,  365.6,  377.1,  390.0,  394.4,  390.0,  382.1,  376.3,  372.2,  370.0,  371.3,  375.6,  382.9,  385.7,  387.0,  387.6,  387.0,  385.3,  384.4,  386.6,  383.9,  378.0,  372.3,  370.1,  372.7,  378.6,  373.1,  361.8,  356.3,  359.8,  370.2,  381.5,  387.0,  384.3,  378.3,  371.1,  366.0,  363.5,  364.4,  367.2,  371.8,  377.0,  380.3,  381.9,  381.9,  381.1,  377.1,  378.7,  376.1,  370.8,  365.9,  364.3,  366.9,  372.2,  -32.1,  -30.5,  -26.1,  -21.6,  -19.5,  -20.8,  -25.5,  -30.0,  -37.3,  -34.4,  -30.6,  -26.2,  -21.8,  -18.3,  -15.9,  -18.6,  -22.1,  -26.2,  -30.4,  -34.2,  -28.0,  -25.7,  -23.5,  -22.7,  -23.7,  -26.0,  -28.2,  -29.0,  22.9,  24.3,  28.3,  32.5,  34.6,  33.2,  29.2,  24.6,  19.9,  22.7,  26.3,  30.8,  35.1,  38.5,  40.8,  38.4,  35.1,  31.1,  26.9,  22.9,  26.9,  28.9,  30.8,  31.4,  30.4,  28.4,  26.5,  25.9,  7.1,  2.5,  0.5,  2.2,  6.6,  11.5,  13.2,  11.5,  8.6,  6.3,  4.7,  3.8,  4.3,  6.0,  8.8,  9.9,  10.3,  10.5,  10.3,  9.7,  9.4,  10.2,  9.2,  6.9,  4.7,  3.9,  4.9,  7.2,  5.1,  0.7,  -1.4,  -0.1,  4.0,  8.4,  10.5,  9.4,  7.1,  4.3,  2.3,  1.3,  1.7,  2.8,  4.7,  6.7,  7.9,  8.5,  8.5,  8.2,  6.6,  7.3,  6.3,  4.2,  2.3,  1.7,  2.7,  4.7,  336.2,  337.1,  337.4,  337.1,  336.2,  335.6,  335.0,  335.3,  338.8,  336.9,  335.1,  334.4,  335.0,  336.0,  337.2,  335.5,  333.9,  333.3,  334.4,  336.5,  336.6,  336.4,  336.6,  337.1,  337.5,  337.7,  337.5,  337.0,  338.0,  337.8,  338.3,  339.3,  340.1,  340.4,  339.9,  339.2,  339.1,  337.6,  336.8,  337.3,  339.8,  343.4,  347.0,  343.9,  340.9,  338.8,  338.1,  338.4,  339.8,  340.3,  340.5,  340.4,  340.0,  339.5,  339.3,  339.4,  2.4,  46.0,  369.5,  0.169,  -0.163,  0.019,  446.7,  451.3,  459.9,  471.2,  492.7,  524.5,  562.0,  608.3,  651.9,  686.2,  713.3,  735.4,  756.1,  770.5,  780.7,  790.2,  795.3,  494.7,  521.7,  556.6,  590.7,  623.2,  680.8,  710.9,  739.4,  766.9,  784.7,  652.8,  655.4,  658.0,  660.6,  618.3,  637.0,  655.2,  672.4,  687.8,  541.0,  560.7,  582.9,  601.1,  582.6,  560.5,  689.8,  707.8,  728.9,  745.2,  730.2,  710.1,  582.2,  610.4,  635.2,  655.0,  675.8,  697.3,  712.4,  698.4,  678.4,  656.1,  634.7,  609.0,  594.9,  634.6,  654.5,  675.6,  702.4,  675.9,  654.7,  634.1,  349.6,  398.4,  446.1,  492.6,  538.9,  581.2,  618.5,  646.1,  651.1,  640.4,  613.4,  581.0,  544.0,  502.6,  457.6,  409.6,  359.3,  357.6,  339.6,  336.8,  342.3,  352.6,  349.9,  335.7,  329.3,  330.2,  344.2,  380.2,  408.0,  436.1,  465.5,  482.1,  488.2,  493.5,  486.6,  479.2,  382.1,  372.1,  370.5,  381.0,  387.5,  388.4,  378.1,  365.6,  364.8,  372.3,  380.8,  381.9,  544.2,  531.1,  524.2,  528.3,  523.1,  527.4,  538.5,  562.7,  575.4,  579.1,  577.7,  567.8,  544.3,  539.0,  540.2,  537.0,  540.2,  551.2,  555.0,  553.2,  -87.0,  -86.3,  -83.7,  -79.1,  -68.7,  -53.5,  -35.5,  -14.2,  5.3,  21.2,  35.0,  46.7,  57.2,  63.7,  67.4,  70.8,  72.5,  -59.6,  -47.4,  -33.0,  -19.4,  -6.6,  16.3,  28.8,  41.3,  54.0,  63.5,  5.1,  6.1,  7.1,  8.1,  -8.8,  -1.2,  6.2,  13.3,  19.7,  -40.4,  -32.3,  -23.3,  -16.0,  -23.5,  -32.4,  20.9,  28.4,  37.6,  45.2,  38.3,  29.5,  -24.8,  -12.2,  -2.0,  6.2,  14.8,  24.2,  31.8,  25.0,  16.2,  6.7,  -2.2,  -13.0,  -19.3,  -2.2,  6.0,  14.8,  27.1,  15.0,  6.1,  -2.4,  -4.7,  17.6,  40.0,  62.2,  83.5,  102.4,  117.8,  127.9,  130.6,  129.0,  121.2,  108.2,  90.6,  69.6,  46.8,  23.4,  -0.3,  -1.0,  -8.2,  -9.2,  -7.0,  -2.9,  -4.0,  -9.9,  -12.7,  -12.7,  -6.9,  8.1,  19.0,  30.0,  41.3,  49.8,  52.1,  54.2,  51.8,  49.2,  9.0,  4.9,  4.3,  8.6,  11.2,  11.6,  7.6,  2.4,  2.0,  5.3,  8.8,  9.2,  79.0,  70.7,  67.4,  69.2,  67.5,  70.9,  78.3,  86.8,  90.8,  91.7,  91.0,  87.5,  78.6,  74.1,  74.7,  73.8,  78.3,  80.2,  81.3,  80.4,  394.0,  400.2,  406.8,  410.1,  408.2,  405.2,  398.8,  391.0,  392.5,  402.4,  418.3,  428.4,  431.0,  427.1,  419.3,  412.6,  408.6,  358.9,  350.7,  346.3,  344.4,  343.4,  348.7,  355.8,  363.2,  372.5,  384.2,  348.3,  346.5,  344.3,  342.7,  356.7,  355.7,  355.1,  357.8,  360.9,  357.2,  356.1,  357.5,  359.8,  357.8,  357.0,  366.6,  367.1,  370.5,  375.7,  371.9,  368.7,  375.0,  361.5,  359.2,  360.1,  361.8,  370.5,  383.7,  374.8,  368.6,  366.4,  365.9,  368.5,  373.4,  362.1,  362.7,  364.8,  380.0,  367.0,  364.7,  364.4,  2.341,  0.298,  -0.179,  0.023,  645.231,  468.131,  -19.835,  11.992,  -6.058,  -3.668,  -6.569,  0.889,  2.554,  7.272,  17.690,  -13.940,  -11.863,  -7.828,  -5.239,  6.387,  -0.850,  9.464,  1.325,  1.000,  -0.683,  -5.999,  0.453,  -1.478,  -0.798,  -3.325,  -0.573,  1.108,  -0.320,  -0.868,  0.024,  -0.647,  0.165,  -0.653,  0.220,  0.234, 0.15, 0.00, 0.00, 0.00, 0.00, 0.37, 0.25, 0.87, 0.00, 0.00, 0.13, 0.00, 0.00, 0.00, 1.86, 0.52, 0.00, 0.00, 0.00, 0.00, 1.00, 0.00, 1.00, 0.00, 1.00, 0.00, 1.00, 0.00, 0.00, 0.00, 0.00, 1.00, 0.00, 0.00, 0.00
72,  0,  2.369,  0.98,  1,  0.210483,  0.257987,  -0.942942,  -0.062839,  0.237656,  -0.969315,  0.077,  0.254,  555.3,  559.5,  570.8,  582.7,  588.1,  584.8,  572.6,  560.7,  541.1,  548.6,  558.4,  570.2,  582.0,  590.8,  597.1,  590.0,  580.4,  569.3,  558.5,  549.0,  566.1,  572.0,  577.6,  579.7,  577.0,  571.1,  565.5,  563.4,  699.0,  702.9,  713.1,  723.6,  728.2,  724.3,  714.2,  702.9,  690.8,  698.0,  707.7,  719.4,  730.0,  737.8,  742.2,  736.7,  728.6,  718.6,  708.2,  698.3,  708.8,  713.6,  718.2,  719.9,  717.8,  713.1,  708.5,  706.7,  378.6,  366.9,  361.7,  366.1,  377.5,  390.2,  394.5,  390.1,  382.5,  376.1,  371.8,  369.4,  370.8,  375.0,  382.1,  385.3,  386.5,  387.2,  386.7,  385.3,  384.7,  386.8,  384.3,  378.5,  372.9,  370.7,  373.2,  379.0,  371.7,  361.0,  356.0,  359.4,  369.4,  380.1,  385.1,  382.3,  377.8,  370.4,  365.1,  362.6,  363.6,  366.2,  371.0,  376.4,  379.8,  381.4,  381.3,  380.3,  375.1,  376.7,  374.4,  369.6,  365.1,  363.5,  365.8,  370.6,  -32.1,  -30.7,  -26.4,  -21.9,  -19.7,  -21.0,  -25.5,  -30.0,  -37.8,  -34.7,  -30.9,  -26.4,  -22.0,  -18.7,  -16.4,  -19.0,  -22.5,  -26.6,  -30.7,  -34.5,  -28.1,  -25.8,  -23.7,  -23.0,  -24.1,  -26.3,  -28.4,  -29.2,  23.1,  24.5,  28.5,  32.7,  34.7,  33.2,  29.2,  24.7,  20.0,  22.7,  26.3,  30.9,  35.3,  38.8,  41.0,  38.5,  35.0,  30.9,  26.7,  22.9,  27.1,  29.0,  30.8,  31.4,  30.6,  28.7,  26.8,  26.2,  7.1,  2.6,  0.6,  2.3,  6.7,  11.5,  13.0,  11.4,  8.6,  6.1,  4.5,  3.6,  4.1,  5.7,  8.4,  9.6,  10.0,  10.2,  10.1,  9.6,  9.4,  10.2,  9.2,  7.1,  4.9,  4.1,  5.0,  7.2,  4.6,  0.4,  -1.6,  -0.2,  3.7,  7.9,  9.9,  8.7,  7.0,  4.1,  2.0,  1.0,  1.4,  2.5,  4.4,  6.5,  7.8,  8.4,  8.3,  8.0,  6.0,  6.6,  5.7,  3.8,  2.0,  1.4,  2.3,  4.2,  332.0,  333.4,  334.2,  334.1,  333.1,  331.9,  330.8,  330.9,  334.2,  332.7,  331.4,  331.1,  331.9,  332.9,  334.0,  331.9,  329.9,  329.1,  330.0,  332.0,  332.6,  332.5,  332.9,  333.6,  334.2,  334.2,  333.8,  333.1,  342.2,  341.4,  341.5,  342.5,  343.7,  344.6,  344.5,  343.8,  344.1,  341.9,  340.5,  340.7,  343.2,  347.0,  350.8,  348.1,  345.4,  343.5,  343.0,  343.4,  344.0,  344.4,  344.5,  344.1,  343.5,  343.1,  343.0,  343.4,  2.2,  46.1,  370.7,  0.152,  -0.163,  0.010,  448.0,  452.0,  460.5,  472.6,  495.6,  528.5,  565.1,  608.2,  650.2,  684.1,  711.6,  734.1,  754.9,  769.5,  779.1,  787.6,  791.7,  494.0,  521.2,  556.4,  590.2,  622.1,  681.2,  711.1,  739.0,  765.8,  782.0,  652.1,  654.5,  657.0,  659.6,  617.2,  635.9,  654.4,  671.9,  687.1,  538.9,  559.0,  581.2,  599.5,  580.8,  558.5,  688.9,  706.9,  728.0,  744.2,  729.5,  709.3,  583.1,  610.5,  635.3,  654.6,  675.0,  695.7,  710.5,  696.5,  677.2,  655.1,  634.1,  608.9,  595.7,  634.8,  654.2,  674.8,  700.5,  675.1,  654.1,  634.1,  349.3,  401.0,  452.2,  500.9,  548.1,  588.6,  622.5,  646.7,  650.9,  640.3,  612.9,  579.5,  542.2,  500.6,  456.5,  409.5,  360.4,  357.7,  339.3,  336.0,  341.4,  351.7,  348.3,  334.8,  327.7,  328.0,  342.2,  378.6,  407.0,  435.5,  465.3,  482.0,  488.3,  493.7,  486.4,  478.3,  381.7,  372.0,  370.5,  381.0,  387.0,  387.9,  377.4,  364.9,  363.9,  371.4,  379.7,  380.8,  544.4,  530.3,  523.1,  527.2,  521.8,  526.3,  537.9,  561.1,  574.0,  577.8,  576.8,  567.3,  544.4,  538.5,  539.6,  536.4,  539.7,  549.0,  553.1,  551.7,  -86.6,  -86.3,  -84.0,  -79.1,  -67.9,  -52.0,  -34.4,  -14.3,  4.6,  20.4,  34.3,  46.1,  56.6,  63.1,  66.5,  69.5,  70.9,  -60.2,  -47.9,  -33.4,  -19.8,  -7.1,  16.5,  29.1,  41.4,  54.0,  62.9,  4.9,  5.8,  6.7,  7.7,  -9.3,  -1.7,  5.9,  13.1,  19.5,  -41.4,  -33.1,  -24.1,  -16.7,  -24.3,  -33.4,  20.6,  28.2,  37.4,  44.9,  38.2,  29.3,  -24.4,  -12.2,  -1.9,  6.0,  14.5,  23.6,  30.9,  24.3,  15.7,  6.3,  -2.5,  -13.1,  -18.9,  -2.2,  5.9,  14.6,  26.3,  14.8,  5.9,  -2.5,  -4.8,  18.8,  43.2,  66.5,  88.5,  106.7,  120.4,  128.9,  131.0,  129.3,  121.0,  107.6,  89.7,  68.5,  46.2,  23.3,  0.2,  -0.9,  -8.4,  -9.6,  -7.4,  -3.3,  -4.7,  -10.3,  -13.5,  -13.7,  -7.9,  7.5,  18.7,  29.9,  41.4,  49.9,  52.2,  54.3,  51.8,  48.9,  8.9,  4.9,  4.3,  8.6,  11.1,  11.4,  7.3,  2.1,  1.7,  4.9,  8.4,  8.8,  79.1,  70.5,  67.0,  68.9,  67.0,  70.5,  78.1,  86.3,  90.4,  91.5,  90.9,  87.4,  78.8,  74.0,  74.6,  73.7,  78.1,  79.5,  80.7,  80.0,  394.5,  401.7,  409.4,  413.3,  411.7,  408.2,  401.5,  393.5,  393.9,  403.6,  418.7,  428.7,  430.7,  426.1,  418.6,  412.2,  408.7,  360.8,  353.1,  349.1,  347.3,  346.1,  351.4,  358.3,  365.7,  375.4,  387.4,  350.5,  348.4,  346.0,  344.1,  357.6,  356.3,  355.3,  358.2,  361.7,  358.7,  357.4,  358.7,  360.7,  358.8,  358.1,  368.4,  369.0,  372.2,  377.1,  373.2,  370.1,  375.4,  362.3,  359.5,  360.4,  362.4,  371.1,  383.8,  375.5,  369.7,  367.4,  366.8,  369.2,  373.7,  362.6,  363.3,  365.7,  380.3,  368.0,  365.6,  365.2,  2.334,  0.284,  -0.175,  0.012,  644.566,  467.990,  -21.961,  16.404,  -5.910,  -0.541,  -5.960,  0.839,  1.635,  4.265,  14.960,  -17.349,  -8.590,  -5.098,  -2.589,  7.235,  0.997,  10.178,  -1.127,  -0.206,  -0.721,  -5.032,  2.088,  -1.301,  0.206,  -2.254,  1.048,  0.395,  -1.110,  -0.039,  -0.030,  -0.953,  -0.023,  -0.546,  0.183,  0.300, 0.22, 0.00, 0.00, 0.05, 0.00, 0.36, 0.25, 1.02, 0.00, 0.07, 0.16, 0.00, 0.00, 0.00, 1.68, 0.39, 0.00, 0.00, 0.00, 0.00, 1.00, 0.00, 1.00, 0.00, 1.00, 0.00, 0.00, 0.00, 0.00, 0.00, 0.00, 1.00, 0.00, 0.00, 0.00
73,  0,  2.402,  0.98,  1,  0.233475,  0.240058,  -0.942264,  -0.064749,  0.229024,  -0.971265,  0.088,  0.240,  554.7,  558.7,  570.0,  582.0,  587.7,  584.4,  572.3,  560.4,  538.0,  546.5,  556.9,  569.2,  581.3,  590.2,  596.8,  589.5,  579.9,  568.8,  557.6,  547.2,  565.3,  571.4,  577.2,  579.2,  576.4,  570.3,  564.5,  562.5,  698.1,  702.0,  712.3,  722.8,  727.5,  723.6,  713.4,  702.0,  689.9,  697.2,  706.9,  718.7,  729.4,  737.2,  741.6,  736.1,  728.0,  718.0,  707.5,  697.5,  708.0,  712.8,  717.4,  719.1,  717.0,  712.3,  707.7,  705.9,  377.8,  366.0,  360.8,  365.4,  377.0,  389.8,  393.9,  389.4,  383.0,  376.3,  371.7,  369.0,  370.3,  374.6,  381.6,  384.6,  385.7,  386.5,  386.3,  385.3,  384.2,  386.5,  383.9,  378.0,  372.1,  369.8,  372.4,  378.4,  371.0,  360.3,  355.2,  358.7,  368.7,  379.4,  384.5,  381.7,  377.3,  369.8,  364.5,  362.0,  363.0,  365.6,  370.3,  375.8,  379.3,  380.9,  380.8,  379.8,  374.5,  376.0,  373.7,  368.9,  364.4,  362.8,  365.1,  370.0,  -31.2,  -29.9,  -25.8,  -21.4,  -19.3,  -20.4,  -24.7,  -29.1,  -37.6,  -34.3,  -30.3,  -25.8,  -21.5,  -18.3,  -16.0,  -18.5,  -21.9,  -25.8,  -30.0,  -33.9,  -27.4,  -25.2,  -23.1,  -22.4,  -23.5,  -25.7,  -27.8,  -28.5,  22.6,  24.0,  28.0,  32.2,  34.1,  32.7,  28.7,  24.2,  19.5,  22.2,  25.8,  30.4,  34.8,  38.3,  40.4,  38.0,  34.5,  30.4,  26.3,  22.4,  26.5,  28.4,  30.2,  30.9,  30.0,  28.1,  26.3,  25.7,  6.5,  2.2,  0.3,  2.0,  6.2,  10.9,  12.4,  10.7,  8.5,  6.0,  4.3,  3.3,  3.8,  5.4,  8.0,  9.0,  9.3,  9.6,  9.5,  9.3,  8.9,  9.7,  8.8,  6.6,  4.5,  3.6,  4.6,  6.7,  4.3,  0.1,  -1.8,  -0.5,  3.4,  7.6,  9.6,  8.5,  6.7,  3.8,  1.7,  0.8,  1.2,  2.2,  4.1,  6.2,  7.6,  8.2,  8.1,  7.7,  5.6,  6.3,  5.4,  3.5,  1.7,  1.1,  2.0,  3.9,  320.2,  321.8,  323.0,  323.2,  322.1,  320.8,  319.3,  319.2,  322.4,  320.6,  319.4,  319.2,  320.2,  321.7,  323.1,  320.6,  318.5,  317.5,  318.1,  319.9,  321.0,  321.0,  321.6,  322.5,  323.0,  322.9,  322.3,  321.5,  339.7,  338.8,  338.9,  339.9,  341.2,  342.1,  342.0,  341.3,  341.5,  339.3,  337.9,  338.1,  340.7,  344.6,  348.4,  345.6,  342.9,  341.0,  340.4,  340.9,  341.5,  341.9,  342.0,  341.6,  341.0,  340.5,  340.5,  340.9,  2.0,  45.8,  369.4,  0.141,  -0.159,  0.002,  447.0,  451.1,  460.1,  473.2,  497.6,  531.5,  568.2,  609.7,  650.5,  683.8,  711.1,  733.6,  754.5,  769.2,  778.7,  786.9,  790.5,  492.9,  520.4,  555.6,  589.0,  620.5,  680.6,  710.3,  738.2,  764.9,  781.1,  651.0,  653.3,  655.8,  658.4,  616.2,  635.0,  653.7,  671.3,  686.6,  537.3,  557.8,  580.1,  598.8,  579.7,  557.1,  687.8,  706.2,  727.4,  743.8,  729.0,  708.5,  584.0,  610.7,  635.1,  654.6,  675.1,  695.5,  710.0,  696.5,  677.6,  655.2,  634.1,  609.3,  596.6,  634.6,  654.2,  675.1,  699.9,  675.5,  654.2,  634.1,  347.9,  401.5,  454.7,  504.8,  552.6,  592.4,  624.9,  647.0,  650.4,  639.9,  612.8,  579.5,  542.1,  500.1,  455.6,  408.0,  358.5,  357.1,  338.7,  335.4,  340.9,  351.0,  347.3,  334.2,  326.8,  327.1,  341.7,  377.6,  406.2,  435.0,  464.9,  481.9,  488.0,  493.3,  486.0,  477.8,  381.3,  371.7,  370.2,  380.7,  386.7,  387.7,  377.0,  364.4,  363.4,  370.7,  379.1,  380.3,  545.1,  530.1,  522.1,  526.2,  520.6,  525.7,  538.1,  560.5,  573.5,  577.6,  576.6,  567.3,  545.0,  538.0,  539.0,  535.8,  539.8,  547.8,  552.0,  550.7,  -87.0,  -86.8,  -84.3,  -78.9,  -67.1,  -50.6,  -32.9,  -13.6,  4.7,  20.2,  34.0,  45.8,  56.3,  62.8,  66.1,  69.0,  70.1,  -60.6,  -48.2,  -33.7,  -20.3,  -7.7,  16.3,  28.7,  40.9,  53.5,  62.4,  4.4,  5.3,  6.2,  7.2,  -9.7,  -2.0,  5.5,  12.8,  19.2,  -42.0,  -33.5,  -24.5,  -17.0,  -24.7,  -33.8,  20.1,  27.8,  37.1,  44.6,  37.8,  28.9,  -23.9,  -12.1,  -2.0,  6.0,  14.5,  23.4,  30.5,  24.1,  15.8,  6.3,  -2.5,  -12.9,  -18.5,  -2.2,  5.9,  14.6,  25.9,  14.8,  5.9,  -2.5,  -5.4,  19.0,  44.4,  68.5,  90.7,  108.5,  121.4,  128.8,  130.4,  128.8,  120.7,  107.4,  89.4,  68.0,  45.6,  22.5,  -0.7,  -1.2,  -8.6,  -9.8,  -7.6,  -3.6,  -5.1,  -10.5,  -13.8,  -14.1,  -8.1,  7.0,  18.4,  29.6,  41.1,  49.6,  51.9,  53.9,  51.4,  48.5,  8.7,  4.8,  4.2,  8.5,  10.9,  11.3,  7.1,  1.8,  1.5,  4.6,  8.1,  8.6,  79.1,  70.1,  66.2,  68.1,  66.2,  69.9,  77.7,  85.6,  89.7,  90.9,  90.4,  87.1,  78.6,  73.4,  73.9,  73.1,  77.7,  78.6,  79.8,  79.2,  394.5,  401.8,  410.0,  413.9,  412.2,  408.3,  400.9,  392.6,  392.9,  402.8,  417.8,  428.0,  429.8,  425.0,  417.3,  410.9,  407.5,  360.4,  352.9,  349.0,  347.2,  345.7,  350.6,  357.5,  365.0,  374.8,  386.7,  350.0,  347.6,  344.9,  342.7,  356.2,  354.7,  353.6,  356.6,  360.3,  358.2,  356.7,  358.0,  359.7,  357.9,  357.2,  367.3,  367.9,  371.1,  376.0,  371.9,  368.9,  373.9,  360.5,  357.6,  358.4,  360.5,  369.2,  381.7,  373.4,  367.7,  365.5,  364.9,  367.5,  371.9,  360.9,  361.4,  363.9,  378.1,  366.0,  363.7,  363.4,  2.340,  0.276,  -0.169,  0.004,  644.226,  467.769,  -19.562,  18.307,  -5.968,  1.366,  -6.315,  1.059,  2.492,  3.554,  12.731,  -20.270,  -7.414,  -4.790,  -0.883,  7.493,  0.852,  10.654,  -1.423,  -1.053,  -0.634,  -5.619,  2.808,  -1.136,  0.105,  -2.152,  1.735,  0.120,  -1.133,  0.044,  -0.005,  -1.161,  0.100,  -0.357,  0.219,  0.279, 0.26, 0.00, 0.00, 0.05, 0.00, 0.31, 0.29, 1.07, 0.00, 0.11, 0.11, 0.00, 0.00, 0.00, 1.63, 0.41, 0.00, 0.00, 0.00, 0.00, 1.00, 0.00, 1.00, 0.00, 1.00, 0.00, 0.00, 0.00, 0.00, 0.00, 0.00, 1.00, 0.00, 0.00, 0.00
74,  0,  2.436,  0.98,  1,  0.220018,  0.258896,  -0.940513,  -0.067759,  0.246946,  -0.966657,  0.080,  0.259,  553.1,  557.0,  568.1,  580.1,  585.8,  582.7,  570.8,  558.8,  536.4,  545.1,  555.5,  567.8,  579.7,  588.5,  595.0,  588.0,  578.7,  567.7,  556.4,  545.9,  563.7,  569.7,  575.3,  577.3,  574.4,  568.4,  562.8,  560.9,  696.9,  700.9,  711.1,  721.7,  726.3,  722.3,  712.0,  700.7,  688.7,  696.0,  705.8,  717.6,  728.3,  736.2,  740.4,  734.9,  726.8,  716.8,  706.2,  696.2,  706.9,  711.5,  716.0,  717.7,  715.7,  711.1,  706.6,  704.8,  377.5,  365.7,  360.5,  365.1,  376.7,  389.5,  393.6,  389.0,  382.3,  375.6,  371.0,  368.3,  369.6,  374.0,  381.0,  384.2,  385.3,  386.1,  385.8,  384.8,  383.8,  386.1,  383.5,  377.6,  371.9,  369.6,  372.2,  378.0,  370.5,  359.9,  354.8,  358.4,  368.4,  379.0,  384.1,  381.2,  376.6,  369.3,  364.1,  361.7,  362.7,  365.3,  370.0,  375.5,  379.1,  380.7,  380.4,  379.3,  373.8,  375.4,  373.2,  368.5,  364.1,  362.6,  364.8,  369.5,  -31.9,  -30.6,  -26.6,  -22.2,  -20.0,  -21.1,  -25.3,  -29.7,  -38.2,  -34.9,  -30.9,  -26.4,  -22.2,  -19.0,  -16.7,  -19.1,  -22.4,  -26.3,  -30.5,  -34.5,  -28.1,  -25.9,  -23.9,  -23.2,  -24.3,  -26.5,  -28.5,  -29.2,  22.0,  23.5,  27.5,  31.7,  33.6,  32.1,  28.1,  23.6,  19.0,  21.7,  25.4,  30.0,  34.3,  37.8,  39.9,  37.5,  34.0,  29.9,  25.7,  21.9,  26.1,  27.9,  29.7,  30.3,  29.5,  27.6,  25.9,  25.2,  6.4,  2.1,  0.2,  1.9,  6.2,  10.9,  12.3,  10.6,  8.2,  5.7,  4.0,  3.0,  3.5,  5.2,  7.8,  8.9,  9.2,  9.5,  9.4,  9.1,  8.8,  9.6,  8.7,  6.5,  4.4,  3.6,  4.5,  6.7,  4.1,  -0.1,  -2.0,  -0.6,  3.3,  7.4,  9.4,  8.2,  6.5,  3.6,  1.6,  0.7,  1.0,  2.1,  4.0,  6.1,  7.5,  8.0,  7.9,  7.5,  5.4,  6.0,  5.1,  3.3,  1.6,  1.0,  1.9,  3.7,  321.1,  322.7,  324.1,  324.4,  323.4,  322.0,  320.4,  320.1,  323.0,  321.4,  320.4,  320.4,  321.6,  323.1,  324.5,  322.0,  319.6,  318.5,  319.0,  320.6,  322.0,  322.1,  322.8,  323.6,  324.1,  324.0,  323.3,  322.5,  339.2,  338.3,  338.4,  339.4,  340.8,  341.6,  341.6,  340.9,  341.1,  338.9,  337.5,  337.7,  340.2,  344.1,  348.0,  345.3,  342.6,  340.7,  340.1,  340.5,  341.0,  341.5,  341.5,  341.1,  340.5,  340.1,  340.0,  340.4,  1.2,  45.4,  367.5,  0.163,  -0.163,  0.011,  446.6,  450.3,  458.4,  469.9,  491.6,  523.5,  560.3,  604.4,  646.6,  680.6,  708.2,  731.3,  753.0,  768.4,  778.5,  787.5,  792.1,  491.3,  517.6,  552.6,  586.5,  618.3,  677.9,  708.1,  736.5,  763.8,  780.9,  648.8,  651.6,  654.3,  657.1,  615.3,  633.8,  652.2,  669.4,  684.6,  536.1,  556.2,  578.6,  597.3,  578.3,  555.8,  686.7,  705.0,  726.2,  742.7,  727.8,  707.4,  583.6,  609.8,  633.5,  653.0,  673.4,  693.8,  707.8,  694.7,  675.8,  653.5,  632.5,  608.3,  596.4,  632.8,  652.3,  673.1,  697.9,  673.3,  652.2,  632.0,  348.2,  398.7,  448.3,  496.0,  543.2,  584.8,  620.7,  646.9,  652.1,  641.6,  614.3,  580.6,  542.3,  499.0,  452.7,  403.9,  353.1,  357.0,  338.4,  335.3,  340.7,  350.6,  347.2,  333.7,  326.6,  327.2,  341.5,  378.3,  406.6,  435.1,  464.8,  481.4,  487.6,  492.8,  485.7,  478.0,  380.9,  371.1,  369.6,  380.1,  386.3,  387.3,  376.4,  363.9,  363.0,  370.1,  378.8,  380.1,  545.6,  530.5,  522.4,  526.6,  521.3,  526.5,  539.4,  562.4,  574.7,  578.3,  577.0,  567.7,  545.5,  538.2,  539.3,  536.4,  541.0,  549.3,  553.1,  551.4,  -86.2,  -86.1,  -84.1,  -79.6,  -69.2,  -54.0,  -36.4,  -15.9,  3.0,  18.7,  32.5,  44.6,  55.5,  62.5,  66.1,  69.1,  70.4,  -60.8,  -48.9,  -34.5,  -21.0,  -8.5,  15.0,  27.5,  39.8,  52.4,  61.5,  3.5,  4.6,  5.6,  6.6,  -10.0,  -2.5,  4.9,  11.9,  18.3,  -42.2,  -33.9,  -25.0,  -17.4,  -25.1,  -34.1,  19.4,  27.1,  36.3,  43.7,  37.1,  28.2,  -24.0,  -12.4,  -2.6,  5.3,  13.7,  22.6,  29.4,  23.2,  15.0,  5.6,  -3.1,  -13.2,  -18.4,  -3.0,  5.1,  13.7,  24.8,  13.9,  5.1,  -3.3,  -5.2,  17.6,  40.9,  63.6,  85.5,  104.2,  119.0,  128.4,  131.0,  129.4,  121.3,  107.7,  89.6,  67.6,  44.3,  20.6,  -3.2,  -1.2,  -8.6,  -9.8,  -7.6,  -3.7,  -5.1,  -10.6,  -13.8,  -13.9,  -8.1,  7.3,  18.4,  29.4,  40.9,  49.2,  51.5,  53.5,  51.0,  48.3,  8.5,  4.5,  3.9,  8.2,  10.7,  11.1,  6.8,  1.6,  1.3,  4.3,  7.9,  8.4,  78.8,  69.9,  66.1,  68.0,  66.1,  69.9,  77.8,  86.0,  89.9,  90.9,  90.2,  86.8,  78.4,  73.2,  73.8,  73.0,  77.7,  78.9,  80.0,  79.2,  389.9,  397.1,  405.1,  409.4,  408.3,  405.5,  399.2,  391.7,  392.5,  402.2,  417.2,  427.4,  430.0,  425.7,  417.7,  410.0,  404.9,  357.8,  349.8,  345.7,  344.0,  342.9,  347.7,  354.0,  361.1,  370.3,  381.8,  347.0,  345.0,  342.7,  341.0,  354.5,  353.3,  352.6,  355.3,  358.4,  355.6,  354.1,  355.4,  357.2,  355.7,  355.1,  364.3,  364.6,  367.8,  372.8,  369.1,  366.1,  371.7,  358.4,  356.0,  356.8,  358.6,  367.0,  379.4,  371.7,  366.4,  364.3,  363.8,  365.8,  369.8,  359.3,  359.9,  362.0,  375.8,  364.5,  362.4,  362.1,  2.354,  0.298,  -0.176,  0.014,  642.350,  467.196,  -18.904,  10.636,  -8.209,  1.314,  -9.851,  -0.774,  3.712,  4.037,  15.046,  -19.437,  -9.414,  -6.357,  -1.194,  6.818,  0.815,  8.700,  -0.629,  -0.766,  -1.003,  -5.325,  0.788,  -1.117,  -0.296,  -2.543,  0.459,  0.180,  -0.660,  0.166,  0.077,  -1.079,  0.303,  -0.557,  0.123,  0.257, 0.31, 0.03, 0.00, 0.11, 0.00, 0.26, 0.20, 1.03, 0.00, 0.15, 0.03, 0.00, 0.00, 0.00, 1.47, 0.48, 0.00, 0.00, 0.00, 0.00, 1.00, 0.00, 1.00, 0.00, 1.00, 0.00, 0.00, 0.00, 0.00, 0.00, 0.00, 1.00, 0.00, 0.00, 0.00
75,  0,  2.469,  0.98,  1,  0.236392,  0.251075,  -0.938659,  -0.062429,  0.250411,  -0.966125,  0.091,  0.257,  552.7,  556.4,  567.7,  580.0,  585.9,  582.9,  570.8,  558.6,  535.3,  544.2,  554.9,  567.1,  579.1,  588.2,  594.8,  587.8,  578.3,  567.3,  555.7,  544.9,  563.6,  569.6,  575.2,  577.1,  574.2,  568.1,  562.5,  560.6,  696.0,  700.0,  710.2,  720.7,  725.4,  721.4,  711.1,  699.8,  687.8,  695.1,  704.8,  716.6,  727.2,  735.1,  739.4,  733.9,  725.8,  715.8,  705.3,  695.4,  705.9,  710.6,  715.1,  716.9,  714.8,  710.2,  705.6,  703.8,  377.0,  365.1,  359.9,  364.4,  376.1,  389.0,  393.1,  388.6,  381.9,  375.4,  370.8,  368.2,  369.6,  374.0,  381.1,  384.3,  385.3,  386.0,  385.7,  384.6,  383.4,  385.6,  383.1,  377.2,  371.4,  369.2,  371.7,  377.6,  370.3,  359.7,  354.6,  358.2,  368.2,  378.9,  383.9,  381.0,  376.7,  369.3,  364.0,  361.6,  362.6,  365.2,  369.9,  375.3,  378.9,  380.5,  380.3,  379.2,  373.8,  375.4,  373.1,  368.4,  363.9,  362.3,  364.6,  369.3,  -31.5,  -30.3,  -26.3,  -21.9,  -19.7,  -20.7,  -24.9,  -29.2,  -38.0,  -34.6,  -30.6,  -26.2,  -22.0,  -18.8,  -16.5,  -18.9,  -22.1,  -26.0,  -30.2,  -34.2,  -27.6,  -25.5,  -23.5,  -22.9,  -24.0,  -26.2,  -28.2,  -28.8,  21.8,  23.3,  27.2,  31.4,  33.3,  31.9,  27.8,  23.4,  18.7,  21.4,  25.1,  29.6,  34.0,  37.5,  39.6,  37.2,  33.7,  29.6,  25.5,  21.6,  25.8,  27.6,  29.4,  30.1,  29.2,  27.4,  25.6,  24.9,  6.1,  1.8,  -0.0,  1.6,  5.8,  10.5,  11.9,  10.3,  7.9,  5.6,  3.9,  2.9,  3.5,  5.1,  7.7,  8.8,  9.1,  9.3,  9.2,  8.8,  8.4,  9.3,  8.4,  6.2,  4.2,  3.3,  4.3,  6.4,  4.0,  -0.1,  -2.1,  -0.7,  3.2,  7.4,  9.4,  8.2,  6.5,  3.6,  1.5,  0.6,  1.0,  2.0,  3.9,  6.1,  7.4,  8.0,  7.9,  7.5,  5.4,  6.0,  5.1,  3.3,  1.5,  0.9,  1.8,  3.6,  315.5,  317.3,  318.8,  319.1,  318.0,  316.4,  314.7,  314.4,  317.5,  315.9,  314.8,  314.8,  315.9,  317.4,  318.8,  316.3,  314.0,  312.8,  313.3,  315.0,  316.4,  316.5,  317.2,  318.1,  318.7,  318.6,  317.8,  316.9,  340.3,  339.4,  339.5,  340.5,  341.8,  342.6,  342.6,  341.9,  342.1,  339.9,  338.5,  338.6,  341.2,  345.1,  348.9,  346.2,  343.5,  341.6,  341.0,  341.5,  342.0,  342.5,  342.5,  342.1,  341.6,  341.1,  341.1,  341.5,  1.3,  45.6,  365.8,  0.170,  -0.162,  0.004,  446.2,  449.9,  458.9,  472.2,  496.5,  529.7,  565.4,  606.4,  646.9,  680.1,  707.4,  730.5,  752.2,  767.6,  777.7,  786.4,  790.3,  491.1,  518.1,  553.1,  586.8,  618.3,  677.5,  707.6,  736.0,  763.1,  779.3,  648.5,  651.2,  654.0,  656.9,  615.5,  633.8,  652.1,  669.3,  684.3,  535.2,  555.5,  578.1,  597.0,  577.8,  555.0,  685.5,  704.0,  725.4,  741.8,  726.9,  706.2,  585.2,  610.9,  635.2,  653.8,  673.3,  693.6,  707.2,  694.5,  675.7,  654.3,  634.0,  609.6,  597.9,  634.5,  653.2,  673.1,  697.0,  673.5,  653.2,  633.9,  347.1,  399.3,  451.4,  500.8,  548.9,  589.8,  624.3,  648.8,  653.2,  642.1,  613.6,  578.4,  539.8,  496.9,  451.6,  403.8,  354.2,  356.1,  338.2,  335.1,  340.6,  350.7,  347.4,  334.0,  326.5,  327.2,  341.4,  378.1,  406.4,  434.9,  464.7,  482.6,  488.5,  493.4,  486.2,  478.2,  380.6,  371.0,  369.4,  380.0,  386.2,  387.3,  376.4,  363.7,  363.0,  370.0,  378.8,  380.0,  548.1,  532.9,  524.0,  528.1,  522.6,  528.0,  540.7,  565.6,  579.2,  583.1,  582.1,  572.2,  548.0,  540.3,  541.1,  538.1,  542.5,  552.6,  556.6,  555.1,  -86.0,  -86.2,  -83.9,  -78.6,  -67.0,  -51.1,  -34.0,  -15.1,  3.1,  18.4,  32.1,  44.0,  54.7,  61.5,  65.1,  68.0,  69.1,  -60.5,  -48.4,  -34.1,  -20.7,  -8.4,  14.8,  27.2,  39.5,  52.0,  60.7,  3.4,  4.4,  5.4,  6.5,  -9.9,  -2.5,  4.8,  11.8,  18.0,  -42.4,  -34.0,  -25.0,  -17.4,  -25.1,  -34.3,  18.8,  26.5,  35.7,  43.2,  36.5,  27.5,  -23.2,  -11.8,  -2.0,  5.6,  13.6,  22.4,  29.0,  23.1,  14.9,  5.9,  -2.5,  -12.7,  -17.7,  -2.2,  5.4,  13.6,  24.4,  13.9,  5.5,  -2.5,  -5.7,  17.8,  42.3,  65.9,  88.1,  106.5,  120.6,  129.5,  131.7,  129.8,  120.6,  106.2,  87.7,  66.0,  43.3,  20.4,  -2.7,  -1.6,  -8.6,  -9.8,  -7.6,  -3.6,  -5.0,  -10.4,  -13.8,  -13.8,  -8.1,  7.1,  18.2,  29.1,  40.3,  49.3,  51.4,  53.3,  50.8,  48.1,  8.3,  4.4,  3.8,  8.1,  10.6,  11.0,  6.8,  1.5,  1.2,  4.2,  7.9,  8.3,  79.6,  70.4,  66.3,  68.1,  66.2,  70.1,  78.0,  87.1,  91.7,  92.8,  92.2,  88.5,  79.2,  73.7,  74.1,  73.3,  78.1,  79.9,  81.1,  80.5,  388.5,  396.5,  405.1,  409.7,  408.4,  405.3,  399.2,  392.4,  393.2,  402.5,  416.3,  425.5,  426.7,  421.6,  413.7,  406.7,  402.3,  355.4,  347.4,  343.2,  341.4,  340.3,  345.1,  352.0,  359.7,  369.3,  381.1,  344.7,  342.2,  339.4,  337.1,  351.5,  350.2,  349.4,  352.2,  355.8,  353.6,  351.8,  352.9,  354.8,  353.3,  352.8,  362.1,  362.5,  365.8,  370.9,  366.9,  363.9,  370.4,  356.6,  353.5,  354.4,  356.1,  364.9,  377.7,  370.8,  365.9,  364.0,  363.3,  365.1,  368.5,  357.6,  358.0,  360.3,  374.3,  363.2,  361.2,  360.8,  2.366,  0.306,  -0.171,  0.006,  642.542,  468.255,  -20.000,  16.718,  -5.582,  7.835,  -7.414,  -2.939,  4.991,  3.305,  14.781,  -20.972,  -7.607,  -5.201,  -0.881,  5.246,  0.304,  8.455,  -1.097,  -2.285,  0.197,  -6.210,  2.683,  -1.476,  -0.204,  -1.609,  1.066,  0.405,  -0.841,  0.307,  -0.128,  -1.168,  0.192,  -0.510,  0.194,  0.316, 0.31, 0.03, 0.00, 0.11, 0.00, 0.16, 0.10, 0.87, 0.00, 0.08, 0.00, 0.04, 0.00, 0.00, 1.39, 0.71, 0.00, 0.00, 0.00, 0.00, 1.00, 0.00, 0.00, 0.00, 1.00, 0.00, 0.00, 0.00, 0.00, 0.00, 0.00, 1.00, 0.00, 0.00, 0.00
76,  0,  2.503,  0.98,  1,  0.219973,  0.267403,  -0.938140,  -0.062145,  0.257415,  -0.964301,  0.083,  0.269,  552.1,  555.8,  567.0,  579.0,  584.9,  581.9,  569.9,  557.9,  537.0,  544.8,  554.9,  566.7,  578.4,  587.2,  593.5,  586.7,  577.2,  566.2,  555.1,  545.1,  563.0,  568.9,  574.3,  576.2,  573.4,  567.5,  562.0,  560.2,  695.4,  699.4,  709.7,  720.1,  724.6,  720.6,  710.3,  699.1,  687.3,  694.5,  704.2,  716.0,  726.7,  734.4,  738.4,  733.1,  725.1,  715.3,  704.8,  694.8,  705.3,  709.8,  714.2,  716.0,  714.0,  709.5,  705.1,  703.4,  378.5,  367.0,  361.7,  365.9,  377.0,  389.6,  393.8,  389.6,  382.5,  376.0,  371.7,  369.5,  371.1,  375.5,  382.5,  385.7,  386.7,  387.3,  386.8,  385.5,  384.4,  386.4,  383.9,  378.3,  372.9,  370.8,  373.3,  379.0,  371.2,  360.6,  355.6,  359.3,  369.3,  380.0,  384.9,  381.9,  378.2,  370.7,  365.4,  363.1,  364.0,  366.7,  371.5,  376.9,  380.4,  382.0,  381.8,  380.7,  374.6,  376.2,  374.0,  369.4,  365.1,  363.5,  365.7,  370.3,  -33.0,  -31.8,  -27.6,  -23.1,  -20.8,  -21.8,  -26.2,  -30.7,  -38.9,  -35.8,  -31.9,  -27.5,  -23.2,  -19.9,  -17.6,  -20.0,  -23.4,  -27.5,  -31.7,  -35.6,  -28.9,  -26.7,  -24.7,  -24.1,  -25.2,  -27.4,  -29.5,  -30.1,  21.5,  23.1,  27.0,  31.2,  33.1,  31.6,  27.5,  23.1,  18.5,  21.2,  24.8,  29.4,  33.8,  37.2,  39.3,  36.9,  33.4,  29.4,  25.3,  21.4,  25.5,  27.3,  29.1,  29.7,  28.9,  27.1,  25.4,  24.7,  6.9,  2.6,  0.7,  2.2,  6.4,  11.1,  12.6,  11.1,  8.5,  6.0,  4.4,  3.6,  4.2,  5.8,  8.5,  9.7,  10.0,  10.2,  10.0,  9.6,  9.2,  9.9,  9.0,  6.9,  4.9,  4.1,  5.0,  7.1,  4.4,  0.2,  -1.7,  -0.3,  3.7,  7.8,  9.8,  8.6,  7.1,  4.2,  2.1,  1.2,  1.6,  2.6,  4.6,  6.7,  8.0,  8.6,  8.5,  8.1,  5.7,  6.3,  5.5,  3.7,  2.0,  1.4,  2.2,  4.0,  328.3,  330.0,  331.3,  331.4,  330.2,  328.6,  327.2,  327.1,  330.5,  329.2,  328.1,  328.1,  329.0,  330.1,  331.2,  328.8,  326.6,  325.6,  326.3,  328.2,  329.0,  329.0,  329.6,  330.5,  331.1,  331.1,  330.5,  329.6,  340.3,  339.5,  339.7,  340.7,  342.0,  342.8,  342.6,  341.9,  342.1,  339.9,  338.6,  338.8,  341.4,  345.3,  349.2,  346.5,  343.8,  341.8,  341.2,  341.6,  342.1,  342.5,  342.6,  342.3,  341.7,  341.3,  341.2,  341.5,  0.7,  46.1,  365.1,  0.199,  -0.169,  0.014,  446.2,  449.6,  457.9,  469.6,  491.9,  523.4,  558.9,  601.1,  642.7,  676.9,  705.1,  729.1,  751.2,  767.0,  777.7,  787.0,  791.6,  489.8,  515.3,  550.5,  584.9,  617.0,  676.1,  706.5,  735.1,  762.4,  778.7,  647.7,  650.6,  653.4,  656.3,  615.3,  633.3,  651.1,  668.0,  683.0,  535.4,  555.2,  577.7,  596.2,  577.3,  554.8,  685.3,  703.5,  724.7,  740.7,  726.0,  705.5,  586.5,  610.9,  633.8,  652.4,  672.0,  691.4,  703.8,  691.9,  673.6,  652.2,  632.0,  609.0,  599.2,  632.9,  651.7,  671.5,  693.9,  671.5,  651.3,  632.0,  347.3,  397.4,  446.7,  494.3,  542.4,  584.6,  621.3,  648.7,  654.8,  643.7,  614.6,  578.7,  539.2,  495.5,  449.2,  400.9,  350.6,  357.6,  339.3,  336.2,  342.0,  352.0,  349.0,  335.6,  328.2,  328.7,  342.3,  380.7,  408.7,  436.8,  466.2,  483.7,  489.8,  494.8,  488.0,  480.3,  381.8,  372.2,  370.7,  381.2,  387.6,  388.6,  377.5,  365.1,  364.4,  371.3,  380.3,  381.5,  551.8,  536.3,  527.3,  531.6,  526.3,  531.9,  545.4,  569.1,  581.7,  585.2,  584.0,  574.5,  551.6,  543.0,  544.1,  541.3,  546.9,  556.2,  560.0,  558.2,  -85.1,  -85.4,  -83.6,  -79.2,  -68.7,  -53.8,  -37.0,  -17.4,  1.2,  17.0,  31.0,  43.3,  54.3,  61.2,  65.1,  68.1,  69.3,  -60.6,  -49.1,  -34.8,  -21.3,  -8.9,  14.2,  26.6,  38.8,  51.2,  59.9,  3.0,  4.1,  5.2,  6.3,  -9.9,  -2.7,  4.4,  11.3,  17.4,  -42.0,  -33.8,  -25.0,  -17.6,  -25.2,  -34.2,  18.7,  26.1,  35.2,  42.5,  35.9,  27.1,  -22.6,  -11.8,  -2.5,  5.0,  13.0,  21.4,  27.5,  22.0,  14.1,  5.1,  -3.3,  -12.9,  -17.1,  -2.9,  4.8,  13.0,  23.0,  13.1,  4.7,  -3.3,  -5.6,  16.8,  39.8,  62.4,  84.6,  103.6,  119.1,  129.6,  132.6,  130.6,  121.1,  106.3,  87.4,  65.3,  42.2,  19.0,  -4.3,  -1.0,  -8.1,  -9.2,  -7.0,  -3.1,  -4.3,  -9.8,  -13.0,  -13.1,  -7.6,  8.1,  19.0,  29.7,  40.8,  49.6,  51.9,  53.8,  51.5,  48.8,  8.8,  4.9,  4.3,  8.6,  11.1,  11.5,  7.2,  2.1,  1.8,  4.8,  8.5,  8.9,  80.9,  71.7,  67.6,  69.5,  67.7,  71.6,  79.8,  88.7,  92.9,  93.9,  93.2,  89.4,  80.4,  74.8,  75.3,  74.6,  79.7,  81.6,  82.7,  81.8,  384.1,  392.6,  401.6,  406.7,  405.9,  403.6,  398.7,  392.7,  393.6,  402.8,  416.2,  425.2,  426.9,  421.9,  413.6,  405.6,  400.0,  353.2,  344.7,  340.2,  338.6,  338.2,  343.9,  350.2,  357.3,  366.3,  377.8,  342.9,  340.8,  338.4,  336.5,  351.1,  350.0,  349.4,  351.9,  354.9,  350.9,  349.1,  350.4,  352.6,  351.3,  350.7,  360.4,  360.5,  363.8,  369.1,  365.5,  362.3,  368.9,  355.9,  353.6,  354.6,  356.2,  364.7,  376.8,  370.9,  366.7,  364.8,  364.0,  364.8,  367.1,  357.4,  358.0,  360.2,  373.3,  363.7,  361.8,  361.3,  2.373,  0.334,  -0.180,  0.017,  641.143,  469.391,  -21.968,  12.670,  -9.826,  8.197,  -9.303,  -5.160,  5.623,  2.812,  18.696,  -19.071,  -9.442,  -5.420,  -0.328,  5.437,  0.120,  6.685,  -0.936,  -2.909,  -1.068,  -6.044,  0.792,  -1.316,  -0.970,  -2.193,  0.841,  0.842,  -0.748,  0.451,  0.085,  -0.841,  0.198,  -0.752,  0.067,  0.274, 0.32, 0.03, 0.00, 0.15, 0.00, 0.05, 0.00, 0.72, 0.00, 0.05, 0.00, 0.13, 0.00, 0.00, 1.27, 0.90, 0.00, 0.00, 0.00, 0.00, 1.00, 0.00, 0.00, 0.00, 0.00, 0.00, 0.00, 0.00, 0.00, 0.00, 0.00, 1.00, 0.00, 0.00, 0.00
77,  0,  2.536,  0.98,  1,  0.222676,  0.244254,  -0.943799,  -0.062086,  0.245961,  -0.967289,  0.084,  0.251,  552.2,  555.9,  567.1,  579.3,  585.3,  582.4,  570.4,  558.2,  537.4,  545.0,  555.0,  566.6,  578.3,  587.3,  593.7,  586.9,  577.5,  566.5,  555.4,  545.3,  563.3,  569.3,  574.8,  576.6,  573.7,  567.7,  562.2,  560.4,  694.9,  699.1,  709.5,  720.0,  724.5,  720.3,  709.9,  698.6,  686.8,  694.0,  703.8,  715.8,  726.5,  734.1,  738.1,  732.8,  724.9,  715.2,  704.6,  694.5,  704.9,  709.4,  714.0,  715.8,  713.8,  709.2,  704.7,  702.9,  379.4,  367.7,  362.3,  366.4,  377.5,  390.2,  394.7,  390.6,  383.6,  377.4,  373.0,  370.9,  372.4,  376.8,  383.8,  387.1,  388.3,  388.9,  388.4,  386.9,  385.2,  387.2,  384.6,  378.8,  373.4,  371.3,  374.0,  379.7,  372.4,  361.6,  356.7,  360.4,  370.7,  381.5,  386.5,  383.3,  379.5,  372.0,  366.7,  364.4,  365.4,  368.1,  373.0,  378.4,  382.0,  383.6,  383.4,  382.2,  376.0,  377.6,  375.5,  370.8,  366.3,  364.6,  366.8,  371.5,  -32.8,  -31.6,  -27.5,  -22.9,  -20.6,  -21.6,  -26.0,  -30.5,  -38.7,  -35.7,  -31.8,  -27.4,  -23.1,  -19.8,  -17.5,  -19.9,  -23.3,  -27.3,  -31.5,  -35.4,  -28.8,  -26.5,  -24.5,  -23.9,  -25.0,  -27.3,  -29.3,  -29.9,  21.1,  22.7,  26.7,  30.8,  32.7,  31.1,  27.1,  22.6,  18.1,  20.8,  24.4,  29.0,  33.4,  36.8,  38.8,  36.4,  33.0,  29.1,  24.9,  21.0,  25.1,  26.9,  28.7,  29.3,  28.5,  26.7,  25.0,  24.3,  7.3,  2.9,  0.9,  2.4,  6.6,  11.3,  12.9,  11.4,  8.9,  6.5,  4.9,  4.1,  4.7,  6.3,  9.0,  10.2,  10.5,  10.7,  10.6,  10.1,  9.4,  10.2,  9.2,  7.1,  5.0,  4.3,  5.3,  7.4,  4.8,  0.6,  -1.3,  0.2,  4.1,  8.3,  10.3,  9.0,  7.5,  4.6,  2.6,  1.7,  2.1,  3.2,  5.1,  7.2,  8.6,  9.1,  9.0,  8.6,  6.2,  6.8,  6.0,  4.2,  2.4,  1.8,  2.6,  4.5,  327.4,  329.1,  330.3,  330.3,  329.2,  327.8,  326.3,  326.3,  329.7,  328.4,  327.1,  327.0,  328.0,  329.1,  330.1,  327.9,  325.9,  324.8,  325.6,  327.5,  328.1,  328.1,  328.7,  329.5,  330.1,  330.1,  329.5,  328.7,  336.7,  336.0,  336.2,  337.3,  338.6,  339.3,  339.1,  338.3,  338.3,  336.3,  335.0,  335.3,  337.9,  341.8,  345.6,  343.0,  340.2,  338.3,  337.5,  337.9,  338.6,  339.0,  339.2,  338.8,  338.3,  337.8,  337.7,  338.0,  0.9,  47.0,  366.1,  0.187,  -0.158,  0.004,  446.2,  449.7,  458.6,  471.6,  496.0,  529.3,  564.9,  605.7,  645.9,  679.2,  707.2,  730.8,  752.4,  767.5,  777.6,  786.6,  790.7,  490.1,  516.1,  551.0,  584.9,  616.7,  676.1,  706.2,  734.6,  762.0,  778.4,  647.5,  650.2,  652.9,  655.8,  615.9,  633.4,  650.8,  667.4,  682.2,  535.5,  555.3,  577.9,  596.4,  577.5,  554.8,  684.7,  703.0,  724.4,  740.6,  725.8,  705.0,  586.9,  611.3,  634.4,  652.3,  671.1,  690.8,  704.1,  691.6,  673.2,  652.6,  632.9,  609.9,  599.5,  633.7,  651.7,  670.8,  694.0,  671.1,  651.7,  633.1,  348.7,  400.4,  451.6,  500.8,  549.4,  590.9,  626.2,  651.4,  656.1,  644.8,  615.3,  579.1,  539.7,  496.4,  450.7,  403.0,  353.0,  358.7,  340.9,  337.8,  343.7,  353.9,  350.9,  337.4,  329.6,  329.8,  343.2,  381.2,  409.5,  438.1,  468.0,  486.3,  492.1,  497.0,  490.2,  482.4,  383.0,  373.5,  372.0,  382.4,  389.0,  390.1,  378.7,  366.6,  365.9,  372.8,  382.0,  383.0,  553.5,  539.1,  530.3,  534.6,  529.2,  534.9,  547.2,  571.2,  583.5,  587.1,  585.9,  576.4,  553.5,  546.5,  547.5,  544.6,  549.1,  556.9,  560.6,  559.0,  -85.7,  -86.1,  -84.0,  -78.9,  -67.2,  -51.3,  -34.3,  -15.4,  2.6,  18.1,  32.0,  44.2,  54.8,  61.3,  64.8,  67.7,  68.6,  -60.8,  -49.1,  -34.8,  -21.5,  -9.1,  14.2,  26.6,  38.8,  51.3,  59.9,  2.9,  4.0,  5.0,  6.1,  -9.7,  -2.6,  4.3,  11.1,  17.2,  -42.1,  -34.0,  -25.0,  -17.6,  -25.2,  -34.3,  18.5,  26.0,  35.2,  42.5,  35.9,  27.0,  -22.5,  -11.7,  -2.3,  5.0,  12.7,  21.2,  27.6,  21.9,  13.9,  5.3,  -2.9,  -12.6,  -17.0,  -2.6,  4.8,  12.7,  23.1,  12.9,  4.8,  -2.8,  -5.0,  18.3,  42.4,  66.0,  88.4,  107.0,  121.5,  130.9,  133.4,  131.4,  121.7,  106.6,  87.6,  65.6,  42.8,  19.8,  -3.2,  -0.5,  -7.6,  -8.7,  -6.3,  -2.4,  -3.6,  -9.1,  -12.4,  -12.7,  -7.3,  8.3,  19.4,  30.3,  41.6,  50.8,  53.0,  54.8,  52.5,  49.8,  9.3,  5.4,  4.8,  9.1,  11.7,  12.1,  7.7,  2.7,  2.5,  5.4,  9.2,  9.6,  81.9,  73.1,  69.1,  71.0,  69.1,  73.0,  80.7,  89.6,  93.8,  94.8,  94.2,  90.4,  81.5,  76.5,  77.0,  76.3,  80.8,  81.9,  83.0,  82.2,  386.8,  395.7,  405.2,  410.2,  408.5,  405.4,  399.4,  393.2,  394.3,  403.6,  417.0,  425.6,  426.5,  420.9,  412.4,  404.1,  398.5,  355.1,  346.7,  342.4,  340.8,  340.1,  345.3,  351.6,  358.7,  367.5,  378.8,  344.3,  341.9,  339.3,  337.1,  351.9,  350.8,  350.2,  352.8,  356.0,  352.7,  350.9,  352.1,  354.1,  352.8,  352.3,  361.6,  361.6,  364.8,  369.9,  366.3,  363.3,  370.3,  357.3,  354.8,  355.8,  357.4,  365.4,  377.2,  371.1,  367.2,  365.3,  364.6,  365.7,  368.3,  358.9,  359.5,  361.6,  373.8,  364.0,  362.0,  361.6,  2.366,  0.325,  -0.165,  0.006,  641.614,  471.441,  -23.461,  17.373,  -11.377,  9.611,  -8.384,  -3.016,  4.855,  1.480,  17.570,  -20.591,  -8.095,  -5.910,  -0.227,  4.340,  -0.942,  7.630,  -1.194,  -2.672,  -0.500,  -6.545,  1.625,  -2.590,  -0.824,  -0.902,  1.237,  1.445,  -1.198,  0.433,  0.060,  -0.905,  -0.078,  -0.734,  0.258,  0.264, 0.28, 0.00, 0.00, 0.20, 0.00, 0.00, 0.00, 0.56, 0.00, 0.00, 0.00, 0.31, 0.00, 0.00, 1.10, 1.00, 0.00, 0.00, 0.00, 0.00, 1.00, 0.00, 0.00, 0.00, 0.00, 0.00, 0.00, 0.00, 0.00, 0.00, 0.00, 1.00, 1.00, 0.00, 0.00
78,  0,  2.569,  0.98,  1,  0.209826,  0.253678,  -0.944257,  -0.053656,  0.244827,  -0.968081,  0.081,  0.255,  552.0,  555.3,  566.3,  578.4,  584.6,  582.0,  570.3,  558.2,  537.0,  544.8,  555.0,  566.5,  577.9,  586.9,  593.3,  586.8,  577.7,  566.9,  555.6,  545.3,  563.1,  568.9,  574.2,  575.8,  572.8,  567.0,  561.8,  560.1,  695.2,  699.4,  709.7,  720.1,  724.5,  720.4,  710.0,  698.8,  686.9,  694.0,  703.7,  715.7,  726.4,  733.9,  737.9,  732.7,  724.9,  715.2,  704.7,  694.5,  705.0,  709.6,  714.1,  715.9,  714.0,  709.4,  704.9,  703.1,  381.1,  369.5,  364.1,  368.0,  378.9,  391.5,  396.0,  392.0,  385.0,  378.7,  374.2,  372.1,  373.8,  378.2,  385.3,  388.7,  389.8,  390.3,  389.8,  388.4,  386.6,  388.5,  385.9,  380.4,  375.1,  373.2,  375.8,  381.4,  373.5,  362.8,  357.8,  361.6,  371.8,  382.6,  387.5,  384.4,  380.7,  373.3,  368.1,  365.7,  366.7,  369.3,  374.2,  379.7,  383.3,  385.0,  384.8,  383.5,  377.1,  378.8,  376.6,  371.9,  367.4,  365.8,  367.9,  372.6,  -33.0,  -32.0,  -27.9,  -23.4,  -20.9,  -21.8,  -26.1,  -30.6,  -38.9,  -35.8,  -31.9,  -27.6,  -23.4,  -20.1,  -17.7,  -20.0,  -23.3,  -27.2,  -31.5,  -35.5,  -28.9,  -26.8,  -24.8,  -24.3,  -25.4,  -27.6,  -29.6,  -30.1,  21.3,  22.9,  26.9,  31.0,  32.8,  31.3,  27.2,  22.8,  18.2,  20.8,  24.5,  29.1,  33.5,  36.8,  38.8,  36.5,  33.1,  29.2,  25.0,  21.1,  25.2,  27.0,  28.8,  29.5,  28.7,  26.9,  25.1,  24.4,  7.9,  3.6,  1.5,  3.0,  7.2,  11.9,  13.5,  12.0,  9.4,  7.0,  5.3,  4.6,  5.2,  6.9,  9.6,  10.8,  11.1,  11.3,  11.1,  10.6,  10.0,  10.7,  9.8,  7.7,  5.7,  5.0,  6.0,  8.1,  5.2,  1.1,  -0.8,  0.6,  4.6,  8.8,  10.7,  9.5,  8.0,  5.1,  3.1,  2.2,  2.6,  3.6,  5.6,  7.8,  9.1,  9.7,  9.6,  9.1,  6.6,  7.3,  6.5,  4.6,  2.9,  2.2,  3.1,  4.9,  328.4,  330.2,  331.6,  331.8,  330.7,  329.1,  327.4,  327.2,  330.4,  329.3,  328.3,  328.4,  329.5,  330.7,  331.7,  329.4,  327.1,  325.9,  326.4,  328.3,  329.2,  329.3,  330.0,  330.9,  331.4,  331.4,  330.7,  329.8,  337.7,  337.1,  337.4,  338.5,  339.7,  340.4,  340.1,  339.3,  339.4,  337.4,  336.1,  336.4,  339.1,  343.0,  346.8,  344.2,  341.4,  339.4,  338.7,  339.0,  339.6,  340.1,  340.2,  339.9,  339.4,  338.9,  338.8,  339.1,  0.8,  47.3,  364.9,  0.192,  -0.163,  0.010,  446.4,  449.8,  458.3,  470.1,  492.3,  523.8,  559.7,  602.7,  644.6,  678.9,  707.1,  730.7,  752.2,  767.3,  777.6,  787.0,  791.8,  489.2,  514.3,  549.4,  583.8,  616.2,  675.5,  705.8,  734.4,  761.8,  778.6,  647.1,  650.1,  653.0,  656.0,  616.1,  633.6,  650.8,  667.3,  682.0,  535.5,  555.1,  577.6,  596.2,  577.5,  554.8,  684.8,  703.0,  724.3,  740.3,  725.6,  705.0,  588.4,  612.6,  634.6,  652.3,  670.9,  690.0,  703.1,  691.1,  673.2,  652.9,  633.7,  611.4,  601.1,  633.9,  651.7,  670.5,  693.3,  670.8,  651.8,  633.5,  349.3,  399.0,  447.9,  495.4,  543.7,  586.4,  623.7,  651.4,  657.5,  646.2,  616.9,  580.7,  541.0,  497.4,  451.2,  403.2,  352.9,  360.3,  342.2,  339.2,  345.2,  355.3,  352.5,  338.9,  331.2,  331.3,  344.4,  383.5,  411.3,  439.4,  468.9,  487.3,  493.2,  498.0,  491.4,  483.8,  384.4,  374.9,  373.3,  383.7,  390.5,  391.6,  380.0,  367.8,  367.1,  374.0,  383.3,  384.5,  555.9,  541.9,  533.1,  537.3,  532.1,  537.6,  549.6,  572.2,  583.5,  586.8,  585.7,  577.1,  555.8,  548.6,  549.6,  546.8,  551.4,  558.3,  561.8,  560.1,  -85.2,  -85.5,  -83.6,  -79.1,  -68.5,  -53.6,  -36.6,  -16.7,  2.1,  17.9,  31.9,  44.1,  54.8,  61.4,  65.0,  68.1,  69.2,  -61.0,  -49.6,  -35.3,  -21.8,  -9.2,  14.0,  26.3,  38.5,  51.0,  59.8,  2.8,  3.9,  5.0,  6.1,  -9.6,  -2.6,  4.3,  11.0,  17.0,  -42.0,  -33.9,  -25.0,  -17.7,  -25.1,  -34.2,  18.5,  26.0,  35.1,  42.3,  35.8,  26.9,  -21.7,  -11.2,  -2.2,  5.0,  12.6,  20.8,  27.1,  21.6,  13.9,  5.4,  -2.6,  -11.9,  -16.3,  -2.5,  4.8,  12.6,  22.7,  12.8,  4.9,  -2.7,  -4.7,  17.5,  40.4,  63.0,  85.3,  104.4,  120.0,  130.6,  133.7,  131.7,  122.2,  107.3,  88.4,  66.3,  43.1,  20.0,  -3.2,  0.1,  -7.0,  -8.1,  -5.7,  -1.8,  -2.9,  -8.4,  -11.8,  -12.0,  -6.7,  9.2,  20.0,  30.6,  41.7,  51.1,  53.3,  55.1,  52.8,  50.2,  9.8,  5.9,  5.3,  9.5,  12.2,  12.7,  8.2,  3.2,  3.0,  5.9,  9.8,  10.1,  82.5,  74.0,  70.0,  71.9,  70.1,  73.9,  81.5,  89.6,  93.3,  94.3,  93.6,  90.3,  82.0,  77.1,  77.6,  76.9,  81.4,  82.2,  83.2,  82.4,  385.1,  393.6,  402.4,  407.2,  406.0,  403.5,  398.4,  392.2,  393.2,  402.6,  416.2,  425.3,  427.1,  422.0,  413.6,  405.0,  399.2,  354.2,  345.4,  340.6,  338.9,  338.3,  343.8,  350.0,  357.1,  366.0,  377.5,  342.7,  340.3,  337.6,  335.4,  350.8,  349.9,  349.2,  351.7,  354.7,  351.6,  349.8,  350.9,  353.1,  351.8,  351.3,  360.5,  360.6,  363.9,  369.2,  365.6,  362.5,  368.5,  355.8,  353.8,  354.9,  356.3,  364.2,  376.0,  369.4,  365.4,  363.6,  362.9,  363.8,  366.5,  357.5,  358.2,  360.2,  372.2,  362.5,  360.6,  360.1,  2.374,  0.331,  -0.173,  0.013,  641.264,  472.370,  -18.655,  13.060,  -13.827,  9.737,  -10.128,  -3.942,  4.679,  2.672,  19.942,  -18.780,  -10.161,  -5.734,  -1.388,  3.796,  -0.463,  6.511,  -1.190,  -1.991,  -1.424,  -6.120,  0.719,  -2.201,  -1.348,  -1.789,  0.745,  1.377,  -1.047,  0.416,  0.094,  -0.799,  -0.007,  -0.755,  0.211,  0.182, 0.21, 0.00, 0.00, 0.19, 0.00, 0.00, 0.00, 0.55, 0.00, 0.00, 0.00, 0.39, 0.00, 0.00, 0.87, 0.90, 0.00, 0.00, 0.00, 0.00, 1.00, 0.00, 0.00, 0.00, 0.00, 0.00, 0.00, 0.00, 0.00, 0.00, 0.00, 1.00, 1.00, 0.00, 0.00
79,  0,  2.603,  0.98,  1,  0.208206,  0.249309,  -0.945777,  -0.054412,  0.239482,  -0.969375,  0.080,  0.250,  552.2,  556.0,  567.0,  579.0,  584.8,  581.9,  570.0,  558.1,  538.1,  545.5,  555.3,  566.5,  578.1,  587.2,  593.7,  586.8,  577.3,  566.4,  555.5,  545.7,  563.3,  569.1,  574.5,  576.3,  573.5,  567.7,  562.3,  560.5,  695.2,  699.5,  709.8,  720.3,  724.7,  720.5,  710.1,  698.8,  686.9,  694.1,  703.9,  716.0,  726.7,  734.2,  738.0,  732.8,  725.0,  715.3,  704.8,  694.7,  705.0,  709.6,  714.2,  716.1,  714.2,  709.5,  704.9,  703.0,  382.3,  370.6,  365.0,  368.8,  379.8,  392.5,  397.1,  393.2,  385.8,  379.7,  375.4,  373.4,  375.0,  379.5,  386.6,  389.9,  391.2,  391.7,  391.1,  389.4,  387.6,  389.5,  386.8,  381.2,  375.9,  374.0,  376.6,  382.3,  374.7,  363.9,  359.0,  362.8,  373.1,  383.9,  388.8,  385.6,  382.2,  374.7,  369.4,  367.0,  368.0,  370.6,  375.5,  381.1,  384.7,  386.4,  386.2,  384.9,  378.4,  380.1,  377.9,  373.1,  368.6,  366.9,  369.1,  373.8,  -33.5,  -32.2,  -28.0,  -23.4,  -21.1,  -22.1,  -26.6,  -31.1,  -39.1,  -36.2,  -32.3,  -28.0,  -23.6,  -20.2,  -17.8,  -20.3,  -23.8,  -27.8,  -32.1,  -36.0,  -29.3,  -27.1,  -25.0,  -24.4,  -25.5,  -27.7,  -29.8,  -30.4,  21.2,  22.7,  26.7,  30.8,  32.6,  31.1,  27.0,  22.6,  18.1,  20.7,  24.4,  29.0,  33.3,  36.6,  38.6,  36.2,  32.9,  29.0,  24.9,  21.0,  25.0,  26.9,  28.6,  29.3,  28.5,  26.7,  24.9,  24.2,  8.5,  4.0,  1.9,  3.4,  7.6,  12.4,  14.1,  12.6,  9.9,  7.5,  5.9,  5.1,  5.7,  7.5,  10.2,  11.4,  11.8,  12.0,  11.8,  11.2,  10.5,  11.3,  10.3,  8.1,  6.1,  5.4,  6.4,  8.5,  5.6,  1.5,  -0.4,  1.1,  5.1,  9.2,  11.1,  9.9,  8.5,  5.6,  3.6,  2.7,  3.1,  4.1,  6.1,  8.2,  9.6,  10.2,  10.1,  9.6,  7.1,  7.8,  6.9,  5.1,  3.3,  2.6,  3.5,  5.3,  333.5,  334.9,  335.8,  335.6,  334.6,  333.4,  332.3,  332.5,  336.3,  334.8,  333.2,  332.9,  333.6,  334.6,  335.6,  333.7,  331.8,  331.0,  331.8,  334.0,  334.1,  334.0,  334.5,  335.1,  335.7,  335.7,  335.3,  334.6,  335.1,  334.4,  334.8,  335.9,  337.2,  337.9,  337.5,  336.7,  336.8,  334.7,  333.5,  333.9,  336.6,  340.5,  344.4,  341.7,  338.9,  336.9,  336.1,  336.4,  337.0,  337.5,  337.7,  337.4,  336.8,  336.3,  336.2,  336.5,  0.7,  47.7,  365.0,  0.189,  -0.164,  0.015,  447.2,  450.0,  457.8,  468.7,  490.0,  521.1,  557.5,  601.7,  644.1,  678.7,  707.0,  730.8,  752.2,  767.3,  777.5,  787.1,  792.2,  489.9,  514.5,  549.6,  584.0,  616.2,  675.8,  706.1,  734.6,  761.9,  778.6,  647.3,  650.5,  653.5,  656.5,  617.0,  634.1,  651.0,  667.1,  681.6,  535.9,  555.3,  577.8,  596.4,  577.6,  555.0,  685.0,  703.3,  724.5,  740.3,  725.7,  705.2,  589.6,  613.5,  634.9,  652.3,  670.4,  689.2,  702.0,  690.0,  672.4,  652.6,  633.8,  612.2,  602.4,  634.0,  651.5,  669.9,  692.2,  670.1,  651.5,  633.6,  350.2,  398.5,  446.0,  492.8,  541.2,  584.8,  623.4,  652.7,  659.4,  647.9,  618.3,  582.1,  542.3,  498.8,  452.5,  404.7,  354.7,  361.3,  343.1,  340.3,  346.6,  356.8,  354.2,  340.5,  332.8,  333.0,  346.1,  385.2,  412.8,  440.7,  470.1,  488.5,  494.2,  499.0,  492.7,  485.4,  385.4,  376.0,  374.4,  384.9,  391.8,  392.8,  381.2,  369.2,  368.5,  375.4,  384.8,  385.9,  557.3,  543.3,  534.4,  538.6,  533.5,  539.3,  551.7,  573.6,  584.1,  587.2,  586.0,  577.9,  557.1,  550.2,  551.1,  548.5,  553.3,  558.8,  562.1,  560.4,  -84.8,  -85.4,  -83.7,  -79.7,  -69.6,  -54.8,  -37.6,  -17.2,  1.9,  17.8,  31.9,  44.2,  54.9,  61.6,  65.2,  68.2,  69.4,  -60.8,  -49.5,  -35.2,  -21.7,  -9.2,  14.1,  26.5,  38.6,  51.0,  59.8,  2.9,  4.1,  5.2,  6.3,  -9.2,  -2.4,  4.4,  10.9,  16.9,  -41.8,  -33.9,  -25.0,  -17.6,  -25.1,  -34.1,  18.6,  26.1,  35.2,  42.4,  35.9,  27.1,  -21.2,  -10.8,  -2.1,  5.0,  12.4,  20.5,  26.6,  21.1,  13.5,  5.2,  -2.6,  -11.5,  -15.7,  -2.4,  4.7,  12.3,  22.2,  12.4,  4.7,  -2.6,  -4.3,  17.3,  39.5,  61.8,  84.0,  103.6,  119.9,  131.3,  134.7,  132.6,  123.0,  108.1,  89.2,  67.1,  43.9,  20.7,  -2.4,  0.5,  -6.7,  -7.7,  -5.2,  -1.2,  -2.3,  -7.8,  -11.1,  -11.3,  -6.0,  9.9,  20.6,  31.2,  42.3,  51.6,  53.8,  55.6,  53.4,  50.9,  10.2,  6.4,  5.8,  10.1,  12.8,  13.2,  8.8,  3.8,  3.5,  6.5,  10.4,  10.7,  82.9,  74.4,  70.5,  72.4,  70.6,  74.6,  82.2,  90.0,  93.5,  94.3,  93.6,  90.4,  82.4,  77.7,  78.2,  77.6,  82.1,  82.3,  83.2,  82.4,  384.6,  393.2,  402.0,  407.0,  405.9,  403.4,  398.4,  392.4,  393.5,  403.0,  416.5,  425.8,  428.1,  423.2,  414.8,  405.7,  399.1,  354.2,  345.4,  340.7,  339.2,  339.0,  344.4,  350.3,  357.2,  365.9,  377.3,  343.0,  340.6,  338.0,  335.7,  351.1,  350.3,  349.8,  352.1,  354.9,  351.7,  350.0,  351.1,  353.4,  352.1,  351.6,  361.0,  361.0,  364.4,  369.6,  366.1,  363.0,  367.7,  355.2,  353.5,  354.7,  356.1,  363.8,  375.3,  368.8,  365.0,  363.2,  362.4,  363.0,  365.6,  357.4,  358.1,  360.1,  371.4,  362.1,  360.2,  359.6,  2.374,  0.330,  -0.176,  0.018,  641.192,  473.415,  -16.422,  11.961,  -16.371,  9.392,  -12.562,  -4.921,  4.785,  3.338,  20.510,  -19.037,  -10.394,  -5.945,  -1.402,  3.624,  0.236,  5.871,  -1.760,  -1.136,  -1.550,  -5.593,  -0.507,  -2.366,  -1.106,  -1.512,  0.413,  1.427,  -0.728,  0.366,  0.153,  -0.684,  -0.094,  -0.777,  0.209,  0.077, 0.16, 0.05, 0.00, 0.17, 0.00, 0.00, 0.00, 0.50, 0.00, 0.00, 0.00, 0.50, 0.00, 0.00, 0.80, 0.80, 0.11, 0.00, 0.00, 0.00, 1.00, 0.00, 0.00, 0.00, 0.00, 0.00, 0.00, 0.00, 0.00, 0.00, 0.00, 1.00, 1.00, 0.00, 0.00
80,  0,  2.636,  0.98,  1,  0.217156,  0.237720,  -0.946748,  -0.058271,  0.230969,  -0.971215,  0.083,  0.240,  552.7,  556.6,  567.9,  579.9,  585.6,  582.5,  570.4,  558.4,  538.2,  545.7,  555.5,  567.0,  578.7,  587.8,  594.1,  587.0,  577.3,  566.3,  555.4,  545.7,  563.8,  569.6,  575.1,  577.0,  574.2,  568.4,  563.0,  561.0,  695.4,  699.5,  709.9,  720.3,  724.7,  720.5,  710.2,  698.9,  687.0,  694.2,  703.9,  715.9,  726.6,  734.2,  738.3,  733.0,  725.1,  715.2,  704.8,  694.7,  705.1,  709.7,  714.3,  716.2,  714.2,  709.6,  705.0,  703.1,  382.8,  371.1,  365.7,  369.8,  380.8,  393.4,  397.8,  393.8,  386.7,  380.6,  376.3,  374.3,  376.0,  380.6,  387.8,  390.9,  392.0,  392.4,  391.8,  390.2,  388.4,  390.3,  387.8,  382.1,  376.8,  374.8,  377.4,  383.0,  375.7,  365.0,  360.1,  364.0,  374.3,  385.0,  389.8,  386.6,  383.3,  375.8,  370.5,  368.0,  369.1,  371.8,  376.7,  382.2,  385.8,  387.4,  387.2,  386.0,  379.5,  381.2,  379.0,  374.3,  369.7,  368.0,  370.2,  374.9,  -33.0,  -31.6,  -27.5,  -22.9,  -20.6,  -21.7,  -26.2,  -30.7,  -38.8,  -35.8,  -31.9,  -27.5,  -23.1,  -19.8,  -17.4,  -20.0,  -23.5,  -27.6,  -31.8,  -35.7,  -28.8,  -26.6,  -24.6,  -23.9,  -25.0,  -27.2,  -29.3,  -29.9,  21.3,  22.9,  26.9,  31.0,  32.8,  31.3,  27.2,  22.8,  18.2,  20.9,  24.5,  29.1,  33.5,  36.9,  38.9,  36.5,  33.1,  29.1,  25.0,  21.2,  25.2,  27.1,  28.9,  29.6,  28.8,  26.9,  25.1,  24.4,  8.6,  4.2,  2.2,  3.7,  7.9,  12.6,  14.2,  12.7,  10.2,  7.8,  6.1,  5.4,  6.1,  7.8,  10.6,  11.7,  12.0,  12.2,  11.9,  11.4,  10.7,  11.5,  10.5,  8.4,  6.4,  5.6,  6.6,  8.7,  6.1,  1.9,  0.0,  1.5,  5.5,  9.7,  11.6,  10.3,  9.0,  6.1,  4.0,  3.1,  3.5,  4.6,  6.6,  8.7,  10.0,  10.6,  10.5,  10.1,  7.6,  8.2,  7.4,  5.5,  3.8,  3.1,  3.9,  5.8,  330.5,  332.0,  333.0,  332.8,  331.6,  330.3,  329.2,  329.3,  333.3,  331.7,  330.2,  329.8,  330.5,  331.4,  332.4,  330.4,  328.6,  327.8,  328.8,  330.9,  331.0,  330.9,  331.4,  332.1,  332.7,  332.8,  332.4,  331.6,  337.3,  336.7,  337.0,  338.0,  339.2,  339.9,  339.6,  338.8,  339.1,  337.0,  335.8,  336.0,  338.6,  342.5,  346.3,  343.6,  340.8,  338.9,  338.2,  338.6,  339.2,  339.7,  339.8,  339.5,  339.0,  338.5,  338.4,  338.6,  0.9,  48.7,  367.1,  0.179,  -0.153,  0.007,  446.8,  450.3,  459.2,  472.2,  496.5,  530.1,  566.2,  607.5,  647.3,  680.2,  707.9,  731.1,  752.1,  766.9,  776.9,  786.2,  790.7,  490.5,  516.4,  551.5,  585.1,  616.8,  676.8,  706.6,  734.6,  761.8,  778.4,  648.0,  650.7,  653.4,  656.2,  616.7,  633.9,  650.8,  667.2,  681.6,  536.1,  555.7,  578.3,  596.7,  577.8,  555.0,  685.0,  703.3,  724.7,  740.5,  725.8,  705.2,  589.1,  612.6,  634.5,  652.0,  670.2,  689.0,  701.8,  689.7,  672.1,  652.1,  633.1,  611.3,  601.7,  633.8,  651.4,  669.9,  691.7,  670.1,  651.4,  633.4,  349.9,  401.0,  451.8,  501.3,  551.0,  594.0,  630.6,  656.2,  660.7,  649.0,  619.3,  583.2,  544.4,  501.8,  456.5,  408.9,  359.3,  361.8,  344.0,  341.3,  347.7,  358.2,  355.5,  342.2,  334.5,  334.2,  347.3,  385.1,  413.3,  441.7,  471.5,  489.8,  495.5,  500.3,  494.0,  486.4,  386.2,  376.8,  375.3,  385.9,  392.7,  393.6,  382.3,  370.3,  369.6,  376.6,  385.9,  386.9,  558.4,  543.7,  534.6,  538.8,  533.4,  539.6,  552.5,  574.6,  585.6,  589.1,  588.1,  579.6,  558.3,  550.8,  551.6,  548.7,  554.3,  559.1,  562.9,  561.5,  -85.8,  -86.3,  -84.2,  -79.1,  -67.3,  -51.1,  -33.8,  -14.7,  3.3,  18.6,  32.4,  44.4,  54.7,  61.2,  64.6,  67.6,  68.6,  -60.8,  -49.1,  -34.7,  -21.5,  -9.1,  14.6,  26.9,  38.9,  51.3,  60.1,  3.2,  4.2,  5.2,  6.2,  -9.4,  -2.4,  4.3,  11.0,  17.0,  -42.0,  -33.9,  -24.9,  -17.6,  -25.2,  -34.3,  18.7,  26.3,  35.5,  42.7,  36.1,  27.2,  -21.5,  -11.2,  -2.3,  4.9,  12.4,  20.5,  26.7,  21.1,  13.5,  5.1,  -2.9,  -12.0,  -16.1,  -2.6,  4.7,  12.4,  22.1,  12.5,  4.7,  -2.7,  -4.5,  18.6,  42.8,  66.6,  89.6,  108.8,  123.9,  133.4,  135.9,  133.6,  123.8,  108.8,  90.0,  68.3,  45.5,  22.6,  -0.3,  0.8,  -6.4,  -7.3,  -4.8,  -0.7,  -1.8,  -7.2,  -10.5,  -10.9,  -5.5,  9.9,  20.9,  31.8,  43.1,  52.4,  54.5,  56.4,  54.2,  51.6,  10.6,  6.8,  6.2,  10.5,  13.2,  13.6,  9.3,  4.3,  4.0,  7.0,  10.9,  11.2,  84.0,  75.1,  71.0,  72.9,  71.1,  75.2,  83.1,  91.0,  94.8,  95.7,  95.1,  91.8,  83.5,  78.5,  79.0,  78.2,  83.0,  83.0,  84.1,  83.4,  388.7,  398.0,  407.6,  412.4,  410.3,  406.7,  400.5,  394.1,  395.3,  404.6,  417.7,  426.3,  427.3,  421.6,  413.0,  404.3,  398.3,  356.0,  347.7,  343.4,  342.0,  341.5,  346.9,  353.0,  359.7,  368.3,  379.7,  345.6,  343.1,  340.4,  338.2,  353.3,  352.2,  351.5,  354.0,  357.0,  353.9,  352.2,  353.3,  355.4,  354.1,  353.6,  363.1,  363.2,  366.5,  371.7,  368.1,  365.0,  370.4,  357.8,  355.8,  357.0,  358.6,  366.2,  377.5,  371.2,  367.6,  365.7,  364.9,  365.6,  368.3,  359.8,  360.6,  362.7,  373.7,  364.6,  362.6,  362.0,  2.360,  0.321,  -0.158,  0.008,  641.757,  475.155,  -22.340,  20.269,  -14.954,  10.221,  -9.344,  -2.500,  5.344,  2.888,  18.751,  -22.153,  -8.509,  -5.642,  -1.039,  4.461,  -0.377,  7.125,  -2.174,  -1.494,  -0.960,  -6.165,  0.447,  -2.906,  -0.850,  -1.321,  0.967,  1.189,  -0.463,  0.140,  0.103,  -0.697,  -0.046,  -0.729,  0.280,  0.099, 0.09, 0.05, 0.00, 0.06, 0.00, 0.00, 0.00, 0.48, 0.00, 0.00, 0.00, 0.44, 0.00, 0.00, 0.96, 0.78, 0.11, 0.00, 0.00, 0.00, 1.00, 0.00, 0.00, 0.00, 0.00, 0.00, 0.00, 0.00, 0.00, 0.00, 0.00, 1.00, 1.00, 0.00, 0.00
81,  0,  2.669,  0.98,  1,  0.206513,  0.242709,  -0.947863,  -0.061023,  0.230741,  -0.971100,  0.076,  0.242,  552.5,  556.6,  567.9,  579.9,  585.4,  582.1,  570.0,  558.1,  538.8,  545.9,  555.6,  567.0,  578.8,  587.9,  594.3,  587.0,  577.2,  566.2,  555.4,  546.0,  563.6,  569.4,  575.0,  577.0,  574.3,  568.5,  562.9,  560.9,  695.5,  699.7,  709.9,  720.3,  724.7,  720.6,  710.3,  699.1,  687.3,  694.4,  704.1,  716.0,  726.8,  734.4,  738.5,  733.2,  725.3,  715.5,  705.1,  695.0,  705.3,  709.9,  714.4,  716.3,  714.3,  709.7,  705.1,  703.3,  382.9,  371.2,  365.8,  369.9,  381.0,  393.6,  398.1,  394.0,  386.9,  380.8,  376.6,  374.6,  376.2,  380.7,  387.9,  391.0,  392.1,  392.6,  392.0,  390.4,  388.5,  390.5,  387.9,  382.2,  376.7,  374.7,  377.3,  383.1,  376.0,  365.3,  360.4,  364.2,  374.4,  385.1,  390.0,  386.8,  383.4,  375.9,  370.7,  368.2,  369.2,  372.0,  376.9,  382.5,  386.2,  387.8,  387.6,  386.3,  379.7,  381.3,  379.2,  374.4,  369.9,  368.2,  370.4,  375.1,  -33.2,  -31.8,  -27.5,  -23.0,  -20.8,  -21.9,  -26.5,  -31.0,  -38.8,  -35.9,  -32.0,  -27.6,  -23.2,  -19.8,  -17.4,  -20.1,  -23.7,  -27.8,  -32.0,  -35.8,  -29.1,  -26.8,  -24.7,  -24.0,  -25.1,  -27.3,  -29.4,  -30.2,  21.4,  23.0,  26.9,  31.0,  32.9,  31.3,  27.3,  22.9,  18.4,  21.0,  24.6,  29.2,  33.6,  37.0,  39.0,  36.6,  33.3,  29.3,  25.2,  21.3,  25.3,  27.2,  28.9,  29.6,  28.8,  27.0,  25.2,  24.5,  8.7,  4.3,  2.2,  3.8,  8.0,  12.8,  14.4,  12.9,  10.3,  7.9,  6.3,  5.5,  6.1,  7.9,  10.6,  11.8,  12.1,  12.3,  12.1,  11.6,  10.9,  11.6,  10.6,  8.5,  6.4,  5.6,  6.6,  8.8,  6.2,  2.0,  0.2,  1.6,  5.6,  9.7,  11.6,  10.4,  9.1,  6.1,  4.1,  3.2,  3.6,  4.7,  6.7,  8.9,  10.2,  10.8,  10.7,  10.2,  7.6,  8.3,  7.5,  5.6,  3.8,  3.2,  4.0,  5.9,  332.5,  333.7,  334.4,  334.1,  332.9,  331.8,  331.0,  331.3,  335.4,  333.7,  332.0,  331.4,  332.0,  332.8,  333.8,  332.0,  330.3,  329.7,  330.8,  333.0,  332.8,  332.7,  333.0,  333.6,  334.2,  334.4,  334.0,  333.4,  337.7,  337.0,  337.3,  338.3,  339.5,  340.2,  340.0,  339.2,  339.4,  337.3,  336.0,  336.3,  338.9,  342.8,  346.7,  344.0,  341.2,  339.3,  338.6,  338.9,  339.6,  340.0,  340.1,  339.8,  339.3,  338.8,  338.7,  339.0,  0.5,  48.7,  365.5,  0.190,  -0.154,  0.016,  447.1,  450.1,  458.4,  470.5,  493.8,  526.5,  562.5,  604.0,  644.1,  677.6,  705.8,  729.7,  751.3,  766.7,  777.1,  786.5,  791.3,  490.2,  515.3,  550.6,  584.7,  616.6,  676.8,  706.6,  734.8,  762.0,  778.2,  648.2,  650.8,  653.4,  656.1,  616.5,  633.4,  650.1,  666.4,  680.7,  536.3,  555.9,  578.3,  596.5,  577.8,  555.2,  685.3,  703.6,  724.9,  740.4,  725.9,  705.4,  588.4,  610.9,  632.4,  650.2,  668.9,  687.4,  699.3,  687.3,  669.4,  648.9,  629.5,  608.6,  600.8,  631.5,  649.4,  668.3,  689.4,  667.9,  648.5,  630.1,  349.5,  399.9,  449.7,  498.8,  549.0,  592.8,  630.7,  657.8,  663.2,  651.3,  621.4,  585.1,  545.8,  502.6,  456.5,  408.1,  357.4,  362.9,  344.3,  341.5,  348.0,  358.4,  355.6,  342.4,  334.9,  335.0,  348.2,  385.8,  413.7,  441.8,  471.4,  489.2,  495.2,  500.2,  494.2,  487.0,  386.3,  376.9,  375.4,  386.1,  392.7,  393.5,  382.6,  370.5,  369.9,  377.0,  386.3,  387.3,  558.6,  543.7,  535.0,  539.4,  534.2,  540.6,  554.3,  577.1,  588.1,  591.4,  590.0,  580.6,  558.4,  550.2,  551.4,  548.6,  555.8,  562.9,  566.7,  564.8,  -85.1,  -85.8,  -84.0,  -79.4,  -68.2,  -52.6,  -35.4,  -16.2,  1.9,  17.3,  31.3,  43.5,  54.1,  60.9,  64.6,  67.6,  68.7,  -60.7,  -49.3,  -34.9,  -21.5,  -9.1,  14.5,  26.7,  38.8,  51.1,  59.7,  3.2,  4.2,  5.2,  6.2,  -9.4,  -2.6,  4.0,  10.6,  16.5,  -41.7,  -33.6,  -24.8,  -17.5,  -25.0,  -34.1,  18.7,  26.3,  35.3,  42.4,  35.9,  27.1,  -21.7,  -11.9,  -3.1,  4.1,  11.8,  19.7,  25.4,  20.0,  12.4,  3.7,  -4.4,  -13.1,  -16.4,  -3.5,  3.8,  11.7,  21.0,  11.6,  3.5,  -4.1,  -4.6,  18.0,  41.5,  65.0,  88.1,  107.7,  123.6,  133.9,  136.7,  134.4,  124.3,  109.1,  90.3,  68.5,  45.4,  22.2,  -1.2,  1.2,  -6.2,  -7.2,  -4.7,  -0.6,  -1.7,  -7.0,  -10.3,  -10.5,  -5.1,  10.1,  20.9,  31.6,  42.8,  51.9,  54.1,  56.0,  54.0,  51.5,  10.6,  6.7,  6.2,  10.6,  13.2,  13.5,  9.3,  4.3,  4.1,  7.2,  11.0,  11.3,  83.7,  74.8,  70.9,  72.9,  71.1,  75.3,  83.4,  91.9,  95.8,  96.7,  95.9,  92.0,  83.1,  77.8,  78.5,  77.8,  83.3,  84.6,  85.7,  84.8,  386.0,  395.2,  404.8,  409.8,  407.9,  405.0,  399.5,  393.5,  394.7,  403.6,  416.1,  424.2,  425.3,  420.3,  412.1,  403.4,  397.3,  354.5,  345.9,  341.4,  340.0,  339.7,  345.4,  351.1,  357.8,  366.3,  377.7,  343.5,  340.9,  338.2,  335.9,  351.3,  350.3,  349.6,  351.9,  354.7,  351.6,  350.0,  351.2,  353.3,  352.1,  351.5,  361.0,  361.1,  364.3,  369.5,  366.1,  362.9,  368.5,  356.3,  354.5,  355.6,  357.3,  364.8,  375.6,  370.6,  367.6,  365.7,  364.8,  364.9,  366.5,  358.1,  358.8,  361.1,  372.1,  364.7,  362.7,  362.1,  2.370,  0.331,  -0.159,  0.018,  640.693,  475.675,  -24.180,  18.185,  -12.923,  11.359,  -9.198,  -4.724,  7.324,  1.083,  20.983,  -20.984,  -8.616,  -5.638,  0.127,  4.535,  -0.378,  6.194,  -2.477,  -0.698,  -2.823,  -5.772,  -1.049,  -2.268,  -1.235,  -1.610,  1.424,  1.096,  0.059,  -0.019,  0.219,  -0.592,  -0.197,  -0.548,  0.267,  0.006, 0.06, 0.05, 0.04, 0.04, 0.00, 0.00, 0.00, 0.40, 0.00, 0.00, 0.00, 0.42, 0.00, 0.00, 1.36, 1.00, 0.11, 0.00, 0.00, 0.00, 1.00, 0.00, 0.00, 0.00, 0.00, 0.00, 0.00, 0.00, 0.00, 0.00, 0.00, 1.00, 1.00, 0.00, 0.00
82,  0,  2.703,  0.98,  1,  0.204388,  0.263024,  -0.942891,  -0.056585,  0.240585,  -0.968977,  0.077,  0.258,  552.5,  556.5,  567.7,  579.5,  585.1,  582.0,  570.0,  558.1,  538.5,  545.9,  555.7,  567.1,  578.7,  587.6,  593.8,  586.8,  577.2,  566.4,  555.5,  545.9,  563.5,  569.2,  574.6,  576.5,  573.8,  568.1,  562.8,  560.8,  695.3,  699.6,  710.0,  720.4,  724.6,  720.3,  709.9,  698.7,  686.8,  694.1,  703.9,  715.9,  726.6,  734.2,  738.1,  732.7,  724.9,  715.0,  704.6,  694.5,  705.0,  709.6,  714.2,  716.1,  714.2,  709.6,  705.0,  703.1,  383.4,  371.8,  366.5,  370.6,  381.7,  394.3,  398.6,  394.5,  387.1,  381.0,  376.8,  374.9,  376.6,  381.1,  388.3,  391.6,  392.7,  393.2,  392.4,  390.7,  389.0,  391.0,  388.5,  382.9,  377.6,  375.6,  378.1,  383.7,  376.3,  365.6,  360.8,  364.7,  375.0,  385.7,  390.5,  387.2,  384.0,  376.4,  371.1,  368.7,  369.8,  372.5,  377.5,  383.1,  386.7,  388.3,  388.0,  386.8,  380.1,  381.8,  379.7,  374.9,  370.4,  368.6,  370.8,  375.5,  -33.4,  -32.0,  -27.8,  -23.2,  -21.0,  -22.1,  -26.6,  -31.1,  -39.0,  -36.0,  -32.1,  -27.7,  -23.4,  -20.1,  -17.7,  -20.3,  -23.8,  -27.9,  -32.1,  -35.9,  -29.2,  -27.1,  -25.0,  -24.3,  -25.4,  -27.6,  -29.6,  -30.3,  21.2,  22.8,  26.8,  30.9,  32.7,  31.1,  27.0,  22.7,  18.1,  20.7,  24.4,  29.0,  33.4,  36.7,  38.7,  36.3,  32.9,  29.0,  24.9,  21.0,  25.1,  26.9,  28.7,  29.4,  28.6,  26.8,  25.0,  24.3,  8.9,  4.5,  2.5,  4.1,  8.3,  13.1,  14.7,  13.1,  10.4,  8.0,  6.4,  5.7,  6.3,  8.1,  10.9,  12.0,  12.4,  12.5,  12.3,  11.7,  11.1,  11.8,  10.9,  8.8,  6.7,  6.0,  6.9,  9.1,  6.2,  2.1,  0.3,  1.8,  5.8,  9.9,  11.8,  10.5,  9.2,  6.3,  4.2,  3.3,  3.8,  4.9,  6.9,  9.0,  10.4,  10.9,  10.8,  10.3,  7.7,  8.4,  7.6,  5.8,  4.0,  3.3,  4.1,  6.0,  333.9,  335.3,  336.3,  336.1,  335.0,  333.8,  332.7,  332.8,  336.4,  334.9,  333.4,  333.1,  333.9,  334.9,  335.9,  333.9,  332.0,  331.2,  332.1,  334.2,  334.5,  334.4,  334.8,  335.5,  336.1,  336.2,  335.7,  335.0,  335.9,  335.2,  335.5,  336.6,  337.9,  338.6,  338.3,  337.5,  337.6,  335.6,  334.3,  334.6,  337.3,  341.2,  345.0,  342.4,  339.6,  337.7,  336.9,  337.2,  337.8,  338.3,  338.4,  338.1,  337.5,  337.0,  336.9,  337.2,  -0.3,  49.2,  364.5,  0.212,  -0.155,  0.029,  447.3,  449.8,  457.8,  469.4,  492.1,  523.9,  558.0,  597.9,  637.4,  671.5,  700.9,  726.4,  748.9,  765.1,  776.2,  785.9,  791.0,  490.0,  515.4,  550.8,  584.9,  616.5,  677.3,  707.1,  735.2,  762.3,  777.9,  648.7,  650.9,  653.2,  655.5,  615.7,  632.3,  648.7,  664.9,  679.1,  536.1,  556.0,  578.5,  596.4,  577.5,  554.8,  685.1,  703.3,  724.6,  739.9,  725.4,  704.9,  585.9,  608.0,  630.6,  647.7,  665.7,  683.9,  694.9,  682.6,  664.3,  644.3,  625.4,  604.2,  598.1,  629.3,  646.5,  664.7,  685.0,  663.6,  644.8,  627.0,  348.4,  398.9,  449.1,  498.6,  549.9,  594.3,  632.5,  660.4,  666.8,  654.9,  623.6,  585.7,  545.7,  502.7,  457.0,  409.1,  359.0,  362.6,  344.3,  341.7,  348.3,  359.0,  356.1,  343.1,  335.6,  335.5,  348.5,  386.8,  414.6,  442.5,  472.0,  489.6,  495.6,  500.8,  495.1,  488.1,  386.4,  377.1,  375.8,  386.8,  393.1,  393.7,  383.0,  371.0,  370.5,  377.7,  386.9,  387.8,  559.6,  543.8,  535.1,  539.7,  534.7,  541.7,  556.5,  581.9,  593.6,  596.6,  595.0,  584.2,  559.5,  550.5,  551.8,  549.5,  557.9,  567.7,  571.3,  569.3,  -84.2,  -85.3,  -83.8,  -79.6,  -68.8,  -53.7,  -37.5,  -19.0,  -1.2,  14.6,  28.9,  41.7,  52.5,  59.6,  63.6,  66.7,  68.0,  -60.2,  -48.8,  -34.5,  -21.3,  -9.1,  14.7,  26.8,  38.7,  50.9,  59.2,  3.4,  4.2,  5.1,  5.9,  -9.7,  -3.1,  3.4,  10.0,  15.8,  -41.4,  -33.3,  -24.5,  -17.5,  -25.0,  -34.0,  18.5,  26.0,  35.0,  41.9,  35.5,  26.8,  -22.8,  -13.0,  -3.8,  3.1,  10.5,  18.3,  23.6,  18.1,  10.2,  1.8,  -6.1,  -15.0,  -17.6,  -4.4,  2.7,  10.2,  19.1,  9.8,  2.0,  -5.4,  -5.1,  17.4,  41.0,  64.7,  88.3,  108.4,  124.8,  135.8,  139.0,  136.2,  125.1,  108.9,  89.6,  68.0,  45.3,  22.4,  -0.5,  1.0,  -6.2,  -7.1,  -4.5,  -0.4,  -1.5,  -6.8,  -9.9,  -10.2,  -4.9,  10.4,  21.2,  31.8,  42.9,  51.8,  54.1,  56.1,  54.2,  51.7,  10.5,  6.8,  6.3,  10.7,  13.2,  13.4,  9.4,  4.5,  4.3,  7.4,  11.2,  11.5,  84.1,  74.8,  70.7,  72.9,  71.1,  75.6,  84.2,  94.2,  98.5,  99.3,  98.4,  93.8,  83.6,  77.9,  78.6,  78.1,  84.1,  86.8,  87.8,  86.9,  382.2,  392.3,  402.5,  408.1,  406.8,  404.8,  400.7,  395.5,  396.4,  404.3,  415.2,  422.0,  422.3,  416.6,  408.5,  400.1,  393.8,  351.2,  342.9,  338.6,  337.6,  337.7,  344.0,  349.7,  356.0,  364.5,  375.6,  341.6,  339.3,  336.9,  334.9,  350.0,  348.9,  348.4,  350.7,  353.3,  349.0,  347.3,  348.6,  350.6,  349.5,  348.9,  359.1,  359.0,  362.2,  367.4,  364.1,  360.9,  368.4,  356.1,  353.6,  354.7,  356.3,  364.1,  375.1,  371.4,  369.0,  367.4,  366.4,  366.0,  366.6,  357.7,  358.3,  360.5,  372.0,  365.6,  363.7,  363.1,  2.378,  0.354,  -0.156,  0.030,  638.890,  476.856,  -32.165,  20.130,  -10.351,  14.104,  -8.468,  -8.309,  8.360,  -1.345,  21.868,  -21.430,  -7.502,  -3.506,  0.440,  4.583,  0.795,  5.372,  -1.831,  -1.076,  -3.187,  -5.044,  -1.093,  -2.894,  -0.224,  -1.022,  1.351,  1.059,  0.634,  -0.205,  0.320,  -0.431,  -0.237,  -0.429,  0.337,  -0.071, 0.01, 0.00, 0.05, 0.02, 0.00, 0.00, 0.06, 0.34, 0.00, 0.03, 0.00, 0.38, 0.00, 0.00, 1.70, 1.30, 0.00, 0.00, 0.00, 0.00, 1.00, 0.00, 0.00, 0.00, 0.00, 0.00, 0.00, 0.00, 0.00, 0.00, 0.00, 1.00, 1.00, 0.00, 0.00
83,  0,  2.736,  0.98,  1,  0.204639,  0.273437,  -0.939870,  -0.058014,  0.253242,  -0.965662,  0.077,  0.270,  551.7,  555.7,  566.9,  578.7,  584.1,  580.9,  568.9,  557.2,  537.7,  545.0,  554.7,  566.1,  577.8,  586.7,  592.9,  585.7,  576.0,  565.0,  554.4,  544.9,  562.7,  568.3,  573.7,  575.6,  573.0,  567.4,  562.0,  560.1,  694.6,  699.0,  709.3,  719.6,  723.8,  719.4,  709.0,  697.9,  686.1,  693.4,  703.1,  715.1,  725.8,  733.4,  737.2,  731.8,  723.9,  714.1,  703.7,  693.7,  704.2,  708.8,  713.3,  715.3,  713.4,  708.9,  704.3,  702.4,  384.4,  372.8,  367.5,  371.6,  382.7,  395.2,  399.6,  395.5,  388.0,  381.9,  377.8,  375.9,  377.6,  382.1,  389.2,  392.4,  393.6,  394.1,  393.3,  391.5,  389.9,  391.9,  389.4,  383.8,  378.5,  376.5,  379.1,  384.6,  377.1,  366.5,  361.8,  365.7,  375.9,  386.5,  391.2,  387.9,  384.7,  377.1,  371.9,  369.5,  370.5,  373.2,  378.2,  384.0,  387.7,  389.4,  389.0,  387.6,  380.8,  382.5,  380.5,  375.8,  371.3,  369.6,  371.6,  376.3,  -33.8,  -32.4,  -28.1,  -23.6,  -21.4,  -22.6,  -27.1,  -31.6,  -39.5,  -36.5,  -32.6,  -28.2,  -23.8,  -20.4,  -18.1,  -20.7,  -24.3,  -28.4,  -32.6,  -36.4,  -29.6,  -27.5,  -25.4,  -24.7,  -25.8,  -27.9,  -30.0,  -30.7,  21.0,  22.6,  26.6,  30.7,  32.4,  30.8,  26.7,  22.4,  17.8,  20.5,  24.2,  28.8,  33.1,  36.5,  38.4,  36.0,  32.7,  28.7,  24.6,  20.7,  24.8,  26.6,  28.4,  29.1,  28.4,  26.6,  24.8,  24.1,  9.3,  4.9,  2.9,  4.5,  8.7,  13.5,  15.1,  13.5,  10.8,  8.4,  6.8,  6.0,  6.7,  8.5,  11.2,  12.4,  12.8,  12.9,  12.7,  12.1,  11.5,  12.2,  11.3,  9.2,  7.1,  6.4,  7.3,  9.4,  6.6,  2.5,  0.7,  2.2,  6.2,  10.3,  12.1,  10.8,  9.5,  6.6,  4.5,  3.6,  4.1,  5.2,  7.2,  9.4,  10.8,  11.4,  11.2,  10.7,  8.0,  8.7,  7.9,  6.1,  4.4,  3.7,  4.5,  6.3,  334.9,  336.2,  336.9,  336.6,  335.5,  334.4,  333.5,  333.8,  337.6,  335.9,  334.3,  333.7,  334.4,  335.3,  336.3,  334.4,  332.7,  332.0,  333.1,  335.2,  335.3,  335.2,  335.5,  336.2,  336.7,  336.8,  336.5,  335.9,  336.5,  335.7,  336.0,  337.1,  338.5,  339.2,  339.0,  338.1,  338.3,  336.2,  334.9,  335.1,  337.8,  341.8,  345.7,  343.1,  340.3,  338.4,  337.6,  337.9,  338.4,  338.9,  339.0,  338.7,  338.1,  337.6,  337.5,  337.8,  -1.2,  49.8,  365.5,  0.223,  -0.153,  0.039,  447.4,  449.3,  456.6,  467.2,  488.8,  519.8,  552.6,  591.8,  631.2,  666.0,  696.9,  723.9,  747.2,  763.8,  775.0,  785.3,  790.8,  489.2,  515.1,  550.3,  583.9,  615.3,  676.6,  706.5,  734.4,  761.7,  777.7,  648.0,  650.0,  651.9,  654.0,  614.1,  630.4,  646.4,  662.5,  676.6,  534.9,  555.1,  577.8,  595.5,  576.4,  553.6,  684.1,  702.5,  723.9,  739.3,  724.5,  703.8,  581.8,  604.1,  627.7,  644.7,  662.5,  680.9,  691.7,  678.5,  659.4,  639.7,  620.6,  599.1,  594.4,  625.6,  642.9,  660.9,  681.5,  659.5,  640.9,  623.1,  348.7,  398.5,  448.5,  497.9,  549.7,  594.9,  633.8,  662.6,  669.5,  657.5,  625.0,  585.2,  544.7,  501.7,  456.7,  409.5,  360.4,  363.2,  345.4,  343.0,  349.4,  359.7,  356.8,  344.1,  336.9,  336.5,  349.3,  387.4,  415.4,  443.6,  473.4,  490.6,  496.8,  501.9,  496.5,  489.9,  387.1,  378.1,  376.8,  387.8,  394.1,  394.4,  383.2,  372.0,  371.6,  378.8,  387.9,  388.5,  560.5,  543.8,  535.0,  540.0,  535.1,  542.9,  559.1,  585.1,  596.5,  599.1,  597.2,  585.9,  560.6,  552.2,  553.7,  551.7,  560.4,  567.9,  571.1,  569.1,  -83.7,  -85.3,  -84.4,  -80.7,  -70.5,  -55.8,  -40.2,  -21.9,  -4.0,  12.1,  27.0,  40.5,  51.7,  58.8,  62.8,  66.1,  67.3,  -60.3,  -48.9,  -34.7,  -21.7,  -9.6,  14.5,  26.6,  38.4,  50.6,  58.9,  3.1,  3.9,  4.6,  5.4,  -10.4,  -3.8,  2.6,  9.1,  14.8,  -41.9,  -33.7,  -24.8,  -17.8,  -25.4,  -34.4,  18.1,  25.6,  34.7,  41.6,  35.2,  26.3,  -24.6,  -14.6,  -5.0,  1.9,  9.2,  17.0,  22.2,  16.4,  8.2,  -0.1,  -8.2,  -17.2,  -19.2,  -5.9,  1.2,  8.7,  17.7,  8.1,  0.4,  -7.0,  -4.9,  17.2,  40.7,  64.4,  88.5,  109.1,  126.0,  137.6,  141.0,  138.1,  126.0,  108.7,  89.1,  67.3,  45.0,  22.5,  0.2,  1.3,  -5.7,  -6.6,  -4.1,  -0.1,  -1.3,  -6.4,  -9.4,  -9.8,  -4.6,  10.7,  21.6,  32.4,  43.8,  52.5,  54.8,  56.9,  55.0,  52.7,  10.8,  7.2,  6.7,  11.1,  13.6,  13.7,  9.5,  4.9,  4.8,  7.9,  11.6,  11.8,  84.7,  75.0,  70.8,  73.1,  71.4,  76.2,  85.4,  95.8,  100.1,  100.8,  99.8,  94.9,  84.2,  78.9,  79.6,  79.3,  85.3,  87.0,  87.9,  87.0,  380.2,  391.2,  402.5,  408.7,  408.0,  406.3,  402.8,  397.9,  398.6,  406.0,  416.0,  422.2,  421.8,  415.5,  406.9,  397.8,  390.7,  350.1,  342.4,  338.6,  338.2,  338.8,  345.5,  350.7,  356.3,  364.0,  374.4,  342.4,  340.7,  339.1,  337.8,  351.7,  350.8,  350.6,  352.7,  355.0,  348.6,  347.0,  348.3,  350.2,  349.1,  348.6,  359.5,  359.1,  362.2,  367.0,  364.1,  361.1,  369.4,  357.1,  354.2,  355.3,  356.8,  364.4,  375.3,  372.4,  370.5,  368.9,  368.2,  367.5,  367.5,  359.3,  359.8,  361.9,  372.4,  366.2,  364.5,  363.8,  2.375,  0.368,  -0.149,  0.038,  636.609,  477.822,  -38.637,  20.935,  -12.890,  13.208,  -11.519,  -10.008,  6.798,  -3.766,  20.896,  -22.827,  -6.171,  -2.116,  1.470,  6.632,  1.999,  5.206,  -1.291,  -0.953,  -2.107,  -5.280,  -1.699,  -4.566,  1.388,  0.103,  0.419,  1.048,  0.908,  -0.485,  0.122,  -0.414,  -0.391,  -0.304,  0.380,  -0.134, 0.01, 0.00, 0.15, 0.02, 0.00, 0.00, 0.08, 0.27, 0.00, 0.06, 0.00, 0.49, 0.00, 0.00, 1.83, 1.62, 0.00, 0.00, 0.00, 0.00, 1.00, 0.00, 0.00, 0.00, 0.00, 0.00, 0.00, 0.00, 0.00, 0.00, 0.00, 1.00, 1.00, 0.00, 0.00
84,  0,  2.769,  0.93,  1,  0.220778,  0.267055,  -0.938050,  -0.056682,  0.247525,  -0.967222,  0.086,  0.264,  551.0,  555.2,  566.6,  578.4,  583.7,  580.3,  568.1,  556.3,  536.7,  543.8,  553.3,  564.7,  576.5,  585.8,  592.4,  584.9,  574.9,  563.9,  553.1,  543.8,  562.1,  567.7,  573.1,  575.1,  572.6,  567.0,  561.7,  559.6,  693.6,  698.0,  708.4,  718.8,  722.9,  718.5,  708.0,  696.9,  685.0,  692.3,  702.1,  714.1,  724.8,  732.3,  736.2,  730.8,  722.9,  713.0,  702.6,  692.6,  703.2,  707.8,  712.4,  714.4,  712.5,  707.9,  703.3,  701.3,  385.1,  373.3,  367.9,  372.1,  383.4,  396.1,  400.6,  396.4,  388.8,  382.9,  378.8,  376.9,  378.5,  383.0,  390.1,  393.3,  394.5,  395.0,  394.2,  392.4,  390.6,  392.6,  390.0,  384.5,  379.1,  377.1,  379.6,  385.2,  377.5,  366.9,  362.2,  366.2,  376.4,  387.0,  391.7,  388.3,  385.5,  377.7,  372.3,  369.9,  370.9,  373.6,  378.6,  384.4,  388.2,  389.8,  389.5,  388.2,  381.3,  383.1,  381.0,  376.3,  371.7,  369.9,  372.0,  376.7,  -33.8,  -32.3,  -28.0,  -23.5,  -21.4,  -22.6,  -27.2,  -31.7,  -39.6,  -36.7,  -32.8,  -28.5,  -24.0,  -20.6,  -18.1,  -20.9,  -24.5,  -28.7,  -32.8,  -36.6,  -29.6,  -27.5,  -25.4,  -24.7,  -25.7,  -27.8,  -29.9,  -30.6,  20.5,  22.2,  26.2,  30.3,  32.0,  30.3,  26.3,  21.9,  17.4,  20.0,  23.7,  28.3,  32.6,  36.0,  37.9,  35.5,  32.1,  28.1,  24.1,  20.3,  24.4,  26.2,  28.0,  28.7,  28.0,  26.1,  24.3,  23.6,  9.5,  5.1,  3.0,  4.6,  8.9,  13.7,  15.3,  13.8,  11.1,  8.7,  7.1,  6.4,  7.0,  8.7,  11.5,  12.6,  13.0,  13.2,  12.9,  12.3,  11.6,  12.4,  11.4,  9.3,  7.3,  6.5,  7.5,  9.6,  6.7,  2.6,  0.8,  2.4,  6.3,  10.5,  12.3,  10.9,  9.8,  6.8,  4.7,  3.8,  4.2,  5.3,  7.3,  9.5,  10.9,  11.5,  11.4,  10.9,  8.2,  8.9,  8.1,  6.3,  4.5,  3.8,  4.6,  6.4,  332.4,  333.4,  333.9,  333.5,  332.5,  331.7,  331.0,  331.3,  335.6,  333.7,  331.7,  330.9,  331.3,  332.2,  333.2,  331.5,  330.0,  329.6,  330.8,  333.1,  332.7,  332.6,  332.8,  333.3,  333.8,  334.0,  333.7,  333.2,  335.5,  334.8,  335.0,  336.2,  337.6,  338.3,  338.0,  337.2,  337.4,  335.2,  333.9,  334.2,  336.8,  340.8,  344.7,  342.1,  339.3,  337.4,  336.7,  337.0,  337.5,  338.0,  338.1,  337.8,  337.2,  336.6,  336.5,  336.9,  -1.8,  50.1,  366.3,  0.217,  -0.153,  0.042,  447.0,  448.8,  455.9,  466.2,  487.3,  517.9,  550.0,  588.9,  628.0,  662.8,  694.1,  721.6,  745.6,  762.8,  774.1,  784.7,  790.4,  488.1,  514.4,  549.5,  582.6,  614.0,  675.3,  705.2,  733.1,  760.7,  777.5,  646.8,  648.9,  650.8,  652.7,  612.8,  629.2,  645.2,  661.3,  675.4,  533.7,  554.0,  576.8,  594.7,  575.4,  552.5,  682.8,  701.2,  722.9,  738.6,  723.6,  702.7,  579.0,  602.0,  626.2,  643.1,  661.0,  679.8,  691.3,  677.3,  657.8,  638.0,  618.7,  596.8,  591.9,  623.7,  641.2,  659.3,  681.0,  658.0,  639.4,  621.4,  348.5,  398.6,  449.0,  498.6,  550.3,  595.3,  634.0,  662.9,  670.2,  659.3,  627.4,  587.6,  547.0,  503.5,  457.9,  410.1,  360.3,  364.0,  346.6,  344.3,  350.6,  360.5,  357.5,  344.8,  337.6,  336.9,  349.8,  387.6,  416.0,  444.6,  474.7,  491.5,  497.8,  503.1,  497.6,  491.1,  387.8,  379.0,  377.8,  388.6,  395.0,  395.3,  383.6,  372.5,  372.1,  379.3,  388.4,  389.0,  560.4,  543.9,  535.1,  540.4,  535.5,  543.6,  559.7,  585.6,  596.7,  599.0,  596.9,  585.5,  560.7,  553.1,  554.8,  553.1,  561.0,  566.8,  569.7,  567.6,  -83.8,  -85.4,  -84.7,  -81.3,  -71.3,  -56.8,  -41.5,  -23.2,  -5.4,  10.6,  25.7,  39.4,  51.1,  58.5,  62.5,  65.9,  67.2,  -60.9,  -49.3,  -35.2,  -22.3,  -10.1,  14.0,  26.2,  38.0,  50.3,  58.9,  2.7,  3.5,  4.2,  4.9,  -11.0,  -4.3,  2.1,  8.6,  14.4,  -42.5,  -34.2,  -25.2,  -18.2,  -25.8,  -35.0,  17.6,  25.2,  34.3,  41.4,  34.8,  25.9,  -25.8,  -15.5,  -5.6,  1.3,  8.6,  16.6,  22.0,  15.9,  7.5,  -0.9,  -8.9,  -18.2,  -20.3,  -6.7,  0.5,  8.0,  17.5,  7.5,  -0.3,  -7.7,  -5.0,  17.3,  41.0,  64.8,  88.8,  109.4,  126.2,  137.7,  141.3,  138.8,  127.3,  110.0,  90.4,  68.4,  45.7,  22.8,  0.2,  1.6,  -5.3,  -6.1,  -3.7,  0.2,  -1.0,  -6.1,  -9.1,  -9.6,  -4.4,  10.8,  21.9,  32.9,  44.6,  53.1,  55.5,  57.5,  55.7,  53.4,  11.1,  7.6,  7.1,  11.5,  14.0,  14.1,  9.7,  5.2,  5.0,  8.1,  11.8,  12.0,  84.8,  75.2,  71.1,  73.4,  71.7,  76.6,  85.7,  96.0,  100.1,  100.7,  99.6,  94.8,  84.5,  79.5,  80.3,  80.0,  85.7,  86.4,  87.3,  86.3,  380.1,  391.1,  402.5,  409.0,  408.4,  406.7,  403.1,  397.9,  398.5,  405.9,  416.5,  423.2,  423.2,  416.8,  408.1,  398.4,  390.8,  350.7,  343.3,  339.9,  339.7,  340.3,  346.7,  351.7,  357.0,  364.5,  374.6,  343.6,  342.1,  340.8,  339.9,  353.2,  352.1,  351.8,  354.1,  356.4,  349.4,  347.9,  349.2,  351.0,  349.8,  349.4,  360.3,  359.7,  362.7,  367.2,  364.6,  361.8,  370.4,  358.1,  355.0,  356.0,  357.4,  364.9,  375.7,  372.3,  370.1,  368.6,  368.0,  367.9,  368.3,  360.3,  360.7,  362.7,  372.9,  365.7,  364.0,  363.6,  2.371,  0.365,  -0.149,  0.042,  635.229,  478.447,  -39.178,  18.521,  -14.361,  11.675,  -13.327,  -8.144,  5.748,  -3.946,  19.749,  -23.965,  -6.552,  -1.266,  1.529,  7.863,  1.953,  6.216,  -0.524,  -1.071,  -1.846,  -5.690,  -1.794,  -5.255,  2.434,  1.004,  0.023,  1.127,  0.935,  -0.587,  0.060,  -0.420,  -0.367,  -0.281,  0.392,  -0.142, 0.00, 0.00, 0.16, 0.08, 0.00, 0.00, 0.08, 0.24, 0.00, 0.06, 0.00, 0.51, 0.00, 0.00, 1.89, 1.76, 0.03, 0.00, 0.00, 0.00, 1.00, 0.00, 0.00, 0.00, 0.00, 0.00, 0.00, 0.00, 0.00, 0.00, 0.00, 1.00, 1.00, 0.00, 0.00
85,  0,  2.803,  0.98,  1,  0.210354,  0.269468,  -0.939755,  -0.057349,  0.248038,  -0.967051,  0.080,  0.265,  550.5,  554.5,  565.7,  577.3,  582.6,  579.4,  567.4,  555.8,  536.1,  543.1,  552.8,  564.3,  576.1,  585.3,  591.9,  584.6,  574.7,  563.7,  552.8,  543.3,  561.5,  566.9,  572.2,  574.1,  571.6,  566.1,  560.9,  559.0,  692.9,  697.0,  707.2,  717.6,  722.1,  718.0,  707.8,  696.6,  684.3,  691.5,  701.2,  713.0,  723.6,  731.5,  735.8,  730.4,  722.3,  712.3,  701.9,  691.9,  702.7,  707.3,  711.8,  713.7,  711.7,  707.0,  702.5,  700.7,  385.9,  374.2,  368.7,  372.9,  384.1,  396.7,  401.3,  397.1,  389.5,  383.7,  379.7,  377.6,  379.2,  383.6,  390.5,  393.8,  395.1,  395.7,  395.0,  393.2,  391.2,  393.1,  390.6,  385.1,  379.8,  377.8,  380.4,  385.9,  378.1,  367.4,  362.6,  366.4,  376.6,  387.3,  392.1,  389.0,  385.8,  378.3,  372.9,  370.3,  371.2,  374.0,  378.8,  384.7,  388.3,  389.9,  389.7,  388.6,  381.9,  383.6,  381.4,  376.7,  372.1,  370.4,  372.6,  377.3,  -34.2,  -32.7,  -28.5,  -24.0,  -21.9,  -23.1,  -27.6,  -32.1,  -40.1,  -37.2,  -33.3,  -28.8,  -24.3,  -20.9,  -18.5,  -21.2,  -24.8,  -29.0,  -33.2,  -37.0,  -30.1,  -28.0,  -26.0,  -25.3,  -26.2,  -28.4,  -30.3,  -31.1,  20.5,  22.0,  26.0,  30.1,  31.9,  30.4,  26.4,  22.0,  17.2,  19.9,  23.5,  28.1,  32.4,  35.9,  38.0,  35.6,  32.1,  28.1,  24.0,  20.1,  24.3,  26.2,  28.0,  28.7,  27.8,  26.0,  24.2,  23.5,  9.9,  5.4,  3.4,  4.9,  9.2,  14.0,  15.7,  14.2,  11.4,  9.1,  7.5,  6.7,  7.3,  9.0,  11.7,  12.9,  13.3,  13.6,  13.3,  12.7,  11.9,  12.7,  11.7,  9.6,  7.6,  6.8,  7.8,  9.9,  7.0,  2.9,  1.0,  2.5,  6.5,  10.6,  12.5,  11.2,  10.0,  7.1,  5.0,  4.0,  4.4,  5.5,  7.5,  9.7,  11.1,  11.6,  11.5,  11.1,  8.5,  9.2,  8.3,  6.5,  4.7,  4.0,  4.9,  6.7,  334.4,  335.2,  335.6,  335.4,  334.6,  334.0,  333.4,  333.6,  337.8,  335.7,  333.7,  332.9,  333.4,  334.5,  335.7,  334.0,  332.4,  331.9,  333.0,  335.3,  334.9,  334.8,  335.0,  335.4,  335.8,  335.9,  335.7,  335.3,  338.3,  337.7,  338.0,  338.9,  340.1,  340.6,  340.4,  339.7,  340.2,  338.1,  336.8,  337.0,  339.5,  343.4,  347.2,  344.4,  341.6,  339.8,  339.2,  339.6,  340.0,  340.5,  340.6,  340.3,  339.8,  339.4,  339.3,  339.5,  -1.8,  50.3,  365.4,  0.223,  -0.152,  0.039,  446.5,  448.5,  455.8,  466.3,  487.7,  518.1,  550.5,  589.6,  628.9,  663.6,  694.3,  721.4,  745.5,  762.8,  774.1,  784.4,  790.0,  487.8,  513.9,  548.7,  582.2,  613.5,  674.4,  704.3,  732.3,  760.0,  776.7,  645.7,  647.9,  649.9,  652.0,  612.4,  628.9,  644.9,  661.1,  675.3,  533.3,  553.5,  576.1,  594.1,  575.0,  552.3,  682.2,  700.4,  722.0,  737.8,  722.9,  702.2,  578.5,  601.8,  625.9,  643.0,  661.1,  680.2,  692.5,  678.3,  658.6,  638.5,  619.3,  597.0,  591.1,  623.9,  641.4,  659.7,  682.4,  658.3,  639.4,  621.4,  349.3,  399.7,  450.0,  499.3,  550.4,  594.9,  633.2,  662.1,  669.6,  659.1,  628.2,  589.4,  548.9,  505.1,  458.8,  410.1,  359.2,  365.0,  347.6,  345.4,  351.5,  361.4,  357.9,  344.8,  337.5,  337.0,  349.8,  388.2,  416.6,  445.2,  475.4,  492.1,  498.5,  503.8,  498.1,  491.4,  388.9,  379.8,  378.4,  389.1,  395.5,  396.1,  384.4,  372.8,  372.3,  379.5,  388.6,  389.4,  559.6,  544.6,  536.6,  541.7,  536.8,  543.9,  558.2,  585.2,  597.0,  599.4,  597.3,  585.4,  560.1,  553.1,  554.7,  552.8,  559.8,  569.1,  572.1,  569.8,  -84.0,  -85.4,  -84.4,  -80.9,  -70.8,  -56.5,  -41.1,  -22.9,  -5.0,  10.9,  25.8,  39.3,  51.0,  58.6,  62.6,  65.9,  67.2,  -61.0,  -49.4,  -35.4,  -22.4,  -10.2,  13.5,  25.7,  37.5,  49.8,  58.4,  2.2,  3.1,  3.8,  4.6,  -11.1,  -4.5,  2.0,  8.5,  14.3,  -42.6,  -34.4,  -25.5,  -18.4,  -26.0,  -35.0,  17.3,  24.7,  33.8,  40.9,  34.4,  25.6,  -26.0,  -15.6,  -5.7,  1.2,  8.6,  16.8,  22.5,  16.3,  7.9,  -0.6,  -8.7,  -18.1,  -20.6,  -6.6,  0.6,  8.1,  18.1,  7.6,  -0.2,  -7.7,  -4.6,  17.7,  41.3,  64.8,  88.6,  108.8,  125.5,  137.0,  140.7,  138.4,  127.5,  110.8,  91.3,  69.2,  46.1,  22.9,  -0.4,  2.0,  -4.9,  -5.7,  -3.3,  0.5,  -0.8,  -6.1,  -9.2,  -9.6,  -4.4,  11.0,  22.0,  33.0,  44.5,  53.1,  55.5,  57.5,  55.6,  53.3,  11.5,  7.8,  7.3,  11.7,  14.2,  14.4,  10.0,  5.3,  5.1,  8.2,  11.9,  12.1,  84.5,  75.5,  71.6,  73.9,  72.2,  76.7,  85.1,  95.8,  100.1,  100.8,  99.7,  94.8,  84.2,  79.3,  80.1,  79.7,  85.2,  87.4,  88.3,  87.3,  379.9,  390.2,  401.0,  407.4,  406.9,  405.5,  401.9,  396.8,  397.5,  404.9,  416.0,  422.8,  423.0,  417.1,  408.6,  399.1,  391.9,  350.6,  342.9,  339.1,  338.4,  338.5,  344.5,  349.6,  355.3,  363.1,  373.6,  341.9,  340.3,  338.8,  337.6,  351.7,  350.5,  350.1,  352.3,  354.8,  349.0,  347.4,  348.6,  350.5,  349.3,  348.8,  358.7,  358.2,  361.1,  365.8,  363.0,  360.2,  370.4,  358.0,  354.9,  355.8,  357.2,  364.8,  375.7,  372.1,  369.8,  368.4,  367.8,  367.9,  368.4,  359.6,  360.0,  361.9,  373.1,  365.8,  364.2,  363.8,  2.376,  0.369,  -0.151,  0.039,  635.063,  478.917,  -37.862,  15.404,  -11.009,  12.261,  -11.070,  -6.539,  7.326,  -3.121,  20.483,  -22.061,  -7.575,  -2.216,  0.674,  6.196,  0.813,  6.522,  -0.407,  -0.847,  -3.060,  -5.590,  -1.127,  -4.181,  1.694,  0.922,  0.569,  1.072,  0.809,  -0.556,  0.105,  -0.347,  -0.425,  -0.292,  0.391,  -0.102, 0.00, 0.00, 0.17, 0.10, 0.00, 0.00, 0.02, 0.25, 0.00, 0.03, 0.00, 0.44, 0.00, 0.00, 1.92, 1.72, 0.11, 0.00, 0.00, 0.00, 1.00, 0.00, 0.00, 0.00, 0.00, 0.00, 0.00, 0.00, 0.00, 0.00, 0.00, 1.00, 1.00, 0.00, 0.00
86,  0,  2.836,  0.98,  1,  0.194642,  0.272246,  -0.942336,  -0.055216,  0.247335,  -0.967356,  0.073,  0.266,  549.8,  553.6,  564.5,  576.1,  581.7,  578.7,  567.0,  555.4,  535.9,  543.2,  553.0,  564.5,  576.1,  584.8,  590.9,  584.0,  574.4,  563.5,  552.8,  543.2,  560.8,  566.2,  571.4,  573.2,  570.6,  565.1,  559.9,  558.2,  693.0,  697.0,  707.2,  717.5,  722.1,  718.1,  707.9,  696.7,  684.4,  691.5,  701.1,  712.9,  723.7,  731.5,  735.7,  730.3,  722.3,  712.3,  701.9,  691.9,  702.7,  707.3,  711.9,  713.6,  711.6,  707.0,  702.5,  700.7,  386.3,  374.9,  369.5,  373.4,  384.2,  396.6,  401.0,  397.1,  389.9,  383.7,  379.5,  377.5,  379.3,  383.7,  390.5,  394.0,  395.2,  395.8,  395.2,  393.5,  391.5,  393.3,  390.8,  385.4,  380.3,  378.5,  381.0,  386.4,  378.3,  367.7,  362.7,  366.3,  376.4,  387.0,  392.0,  389.0,  385.8,  378.3,  372.9,  370.4,  371.3,  373.9,  378.6,  384.4,  388.2,  389.9,  389.8,  388.6,  381.8,  383.4,  381.2,  376.5,  372.0,  370.4,  372.6,  377.4,  -34.8,  -33.5,  -29.4,  -24.8,  -22.6,  -23.7,  -28.1,  -32.6,  -40.6,  -37.5,  -33.6,  -29.1,  -24.7,  -21.4,  -19.1,  -21.7,  -25.2,  -29.3,  -33.5,  -37.5,  -30.7,  -28.5,  -26.6,  -25.9,  -27.0,  -29.1,  -31.1,  -31.7,  20.5,  22.0,  26.0,  30.1,  32.0,  30.5,  26.5,  22.1,  17.3,  19.9,  23.6,  28.1,  32.5,  36.0,  38.0,  35.6,  32.2,  28.2,  24.1,  20.2,  24.4,  26.3,  28.0,  28.7,  27.9,  26.0,  24.3,  23.6,  10.2,  5.8,  3.7,  5.2,  9.4,  14.1,  15.8,  14.3,  11.6,  9.2,  7.5,  6.8,  7.4,  9.2,  11.9,  13.2,  13.5,  13.7,  13.5,  12.9,  12.2,  12.9,  11.9,  9.9,  7.9,  7.2,  8.2,  10.2,  7.1,  3.0,  1.1,  2.5,  6.4,  10.5,  12.5,  11.3,  10.1,  7.1,  5.0,  4.0,  4.4,  5.4,  7.4,  9.6,  11.0,  11.6,  11.6,  11.1,  8.5,  9.1,  8.3,  6.4,  4.7,  4.1,  4.9,  6.7,  338.1,  339.4,  340.3,  340.1,  339.1,  338.0,  336.9,  337.1,  340.9,  339.2,  337.6,  337.2,  338.0,  339.1,  340.2,  338.2,  336.3,  335.5,  336.4,  338.5,  338.7,  338.6,  339.0,  339.6,  340.1,  340.2,  339.8,  339.2,  339.0,  338.2,  338.4,  339.5,  340.7,  341.5,  341.3,  340.5,  340.9,  338.7,  337.4,  337.5,  340.1,  344.0,  347.8,  345.2,  342.5,  340.6,  340.0,  340.4,  340.8,  341.3,  341.4,  341.0,  340.5,  340.0,  339.9,  340.2,  -1.6,  50.2,  364.9,  0.235,  -0.150,  0.034,  446.0,  448.5,  456.1,  467.1,  489.0,  520.0,  553.6,  593.1,  632.6,  667.0,  696.7,  723.0,  746.6,  763.7,  775.0,  784.6,  789.9,  487.1,  512.6,  547.8,  582.1,  613.8,  673.8,  703.9,  732.3,  759.8,  775.8,  645.4,  647.6,  649.7,  651.9,  612.3,  628.8,  645.2,  661.6,  675.9,  533.5,  553.3,  575.6,  593.4,  574.7,  552.3,  682.6,  700.5,  721.8,  737.3,  722.8,  702.4,  579.6,  602.4,  625.9,  643.4,  662.0,  681.1,  693.3,  679.8,  660.3,  639.6,  620.3,  598.2,  591.6,  624.6,  642.2,  661.1,  683.6,  659.5,  640.1,  621.8,  350.3,  400.4,  449.9,  498.8,  549.8,  593.9,  632.1,  660.8,  667.9,  656.7,  626.1,  588.8,  549.1,  505.8,  459.4,  410.5,  359.3,  365.7,  347.7,  345.2,  351.4,  361.7,  357.9,  344.6,  337.2,  337.2,  349.7,  389.2,  417.2,  445.3,  475.0,  491.6,  498.1,  503.4,  497.7,  490.6,  389.4,  379.8,  378.3,  389.2,  395.5,  396.2,  385.0,  372.7,  371.9,  379.3,  388.4,  389.5,  558.6,  544.9,  537.6,  542.2,  537.3,  543.0,  555.8,  583.1,  595.7,  598.7,  596.8,  584.8,  558.9,  551.6,  553.2,  550.6,  557.5,  571.4,  575.0,  572.8,  -84.5,  -85.6,  -84.3,  -80.5,  -70.1,  -55.5,  -39.7,  -21.3,  -3.4,  12.5,  26.9,  40.0,  51.4,  58.9,  63.0,  66.1,  67.4,  -61.4,  -49.9,  -35.7,  -22.3,  -10.1,  13.3,  25.4,  37.4,  49.6,  58.0,  2.1,  2.9,  3.7,  4.6,  -11.1,  -4.5,  2.1,  8.6,  14.5,  -42.4,  -34.4,  -25.6,  -18.7,  -26.1,  -34.9,  17.4,  24.7,  33.7,  40.6,  34.3,  25.6,  -25.6,  -15.4,  -5.7,  1.4,  9.0,  17.2,  23.0,  17.0,  8.6,  -0.2,  -8.3,  -17.6,  -20.4,  -6.3,  0.9,  8.7,  18.7,  8.2,  0.0,  -7.6,  -4.2,  18.0,  41.2,  64.6,  88.1,  108.3,  124.9,  136.4,  139.8,  137.3,  126.3,  110.3,  91.1,  69.4,  46.4,  23.1,  -0.3,  2.3,  -4.8,  -5.7,  -3.3,  0.7,  -0.8,  -6.1,  -9.2,  -9.4,  -4.4,  11.4,  22.1,  32.8,  44.0,  52.7,  55.1,  57.1,  55.2,  52.7,  11.7,  7.8,  7.3,  11.7,  14.2,  14.4,  10.2,  5.2,  4.9,  8.1,  11.8,  12.1,  84.2,  75.8,  72.2,  74.3,  72.6,  76.5,  84.3,  95.3,  100.0,  100.9,  99.9,  94.8,  83.9,  78.7,  79.4,  78.9,  84.5,  88.9,  90.0,  89.0,  381.0,  390.9,  401.1,  407.1,  406.2,  404.9,  401.5,  396.6,  397.3,  404.8,  415.4,  421.7,  421.8,  416.5,  408.6,  400.1,  393.7,  351.3,  342.7,  338.3,  336.9,  336.7,  342.9,  348.1,  354.3,  362.5,  373.7,  340.6,  338.6,  336.6,  334.9,  350.4,  349.1,  348.6,  350.7,  353.1,  348.7,  347.0,  348.2,  350.3,  349.1,  348.5,  357.8,  357.5,  360.4,  365.5,  362.4,  359.5,  370.7,  358.5,  355.7,  356.6,  358.2,  365.9,  376.9,  373.7,  371.4,  369.9,  369.1,  368.8,  369.0,  359.3,  359.8,  361.9,  374.2,  368.0,  366.3,  365.8,  2.377,  0.376,  -0.150,  0.034,  635.591,  478.698,  -37.537,  15.481,  -6.392,  12.704,  -6.011,  -6.301,  9.177,  -1.984,  23.303,  -18.688,  -8.578,  -3.108,  -0.196,  4.427,  -0.218,  5.912,  -1.837,  -0.509,  -4.419,  -4.754,  -1.058,  -2.568,  -0.276,  -0.423,  1.444,  0.844,  0.841,  -0.494,  0.331,  -0.248,  -0.428,  -0.348,  0.381,  -0.056, 0.00, 0.00, 0.14, 0.19, 0.00, 0.00, 0.00, 0.22, 0.00, 0.08, 0.00, 0.21, 0.00, 0.00, 2.02, 1.48, 0.11, 0.00, 0.00, 0.00, 1.00, 0.00, 0.00, 0.00, 0.00, 0.00, 0.00, 0.00, 0.00, 0.00, 0.00, 1.00, 1.00, 0.00, 0.00
87,  0,  2.870,  0.98,  1,  0.195347,  0.267754,  -0.943476,  -0.056554,  0.237936,  -0.969633,  0.072,  0.258,  549.9,  553.5,  564.4,  576.2,  582.0,  579.2,  567.5,  555.7,  535.8,  543.3,  553.2,  564.5,  575.9,  584.7,  590.9,  584.3,  574.9,  564.1,  553.3,  543.4,  561.0,  566.4,  571.5,  573.2,  570.5,  565.0,  560.0,  558.3,  693.1,  697.0,  707.1,  717.5,  722.0,  718.1,  708.0,  696.9,  684.5,  691.3,  700.7,  712.6,  723.5,  731.5,  735.9,  730.4,  722.4,  712.5,  702.1,  692.1,  702.9,  707.5,  711.9,  713.7,  711.6,  707.1,  702.6,  700.9,  386.2,  374.8,  369.5,  373.3,  384.1,  396.5,  400.9,  397.0,  389.7,  383.6,  379.4,  377.4,  379.1,  383.5,  390.5,  394.0,  395.1,  395.7,  395.0,  393.4,  391.4,  393.2,  390.7,  385.4,  380.4,  378.6,  381.1,  386.4,  378.3,  367.7,  362.7,  366.3,  376.3,  387.0,  391.9,  388.9,  385.9,  378.4,  373.0,  370.4,  371.3,  373.9,  378.7,  384.4,  388.1,  389.9,  389.8,  388.6,  381.8,  383.4,  381.2,  376.5,  372.0,  370.5,  372.6,  377.3,  -34.7,  -33.5,  -29.3,  -24.8,  -22.4,  -23.4,  -27.8,  -32.3,  -40.4,  -37.3,  -33.4,  -29.0,  -24.7,  -21.4,  -19.0,  -21.5,  -24.9,  -29.0,  -33.2,  -37.2,  -30.5,  -28.4,  -26.5,  -25.9,  -26.9,  -29.1,  -31.0,  -31.6,  20.7,  22.2,  26.1,  30.2,  32.1,  30.6,  26.7,  22.3,  17.5,  20.0,  23.5,  28.1,  32.6,  36.1,  38.3,  35.8,  32.4,  28.4,  24.2,  20.4,  24.6,  26.5,  28.2,  28.9,  28.0,  26.2,  24.5,  23.8,  10.1,  5.7,  3.7,  5.2,  9.3,  14.0,  15.7,  14.2,  11.5,  9.1,  7.4,  6.7,  7.4,  9.1,  11.8,  13.1,  13.5,  13.6,  13.4,  12.8,  12.1,  12.8,  11.9,  9.9,  7.9,  7.2,  8.2,  10.2,  7.1,  3.0,  1.1,  2.5,  6.4,  10.6,  12.5,  11.3,  10.1,  7.2,  5.0,  4.0,  4.4,  5.5,  7.5,  9.7,  11.1,  11.7,  11.6,  11.2,  8.5,  9.2,  8.3,  6.5,  4.7,  4.1,  4.9,  6.8,  336.9,  338.4,  339.5,  339.5,  338.3,  337.0,  335.7,  335.7,  339.3,  337.9,  336.6,  336.4,  337.3,  338.4,  339.5,  337.3,  335.2,  334.2,  335.0,  337.0,  337.5,  337.5,  338.0,  338.8,  339.3,  339.3,  338.8,  338.1,  340.9,  340.2,  340.4,  341.3,  342.5,  343.2,  343.1,  342.4,  342.9,  340.7,  339.3,  339.3,  341.8,  345.6,  349.4,  346.8,  344.1,  342.4,  341.8,  342.3,  342.7,  343.1,  343.2,  342.9,  342.3,  341.9,  341.8,  342.1,  -1.2,  49.9,  366.1,  0.229,  -0.149,  0.029,  446.4,  448.9,  456.5,  467.7,  490.2,  521.8,  556.3,  596.3,  635.9,  669.6,  698.3,  723.8,  747.6,  764.9,  776.0,  785.2,  790.4,  487.5,  512.6,  547.4,  581.6,  613.5,  673.6,  703.8,  732.2,  759.7,  776.1,  644.7,  647.2,  649.6,  651.9,  612.4,  629.3,  645.9,  662.4,  677.0,  533.7,  553.4,  575.5,  593.5,  575.0,  552.8,  682.6,  700.4,  721.7,  737.5,  723.0,  702.6,  578.5,  602.9,  626.7,  644.7,  664.0,  684.2,  698.0,  683.6,  663.7,  642.5,  622.9,  599.6,  590.6,  625.8,  643.8,  663.3,  688.5,  662.3,  642.3,  623.5,  350.9,  400.6,  449.7,  497.7,  547.6,  590.8,  628.5,  656.9,  663.9,  653.4,  624.2,  588.9,  550.2,  507.2,  460.5,  411.3,  359.4,  365.7,  348.0,  345.5,  351.5,  361.6,  358.0,  344.0,  336.4,  336.7,  349.2,  389.0,  416.9,  445.1,  474.7,  491.7,  498.0,  503.3,  497.1,  489.9,  389.6,  379.8,  378.3,  388.9,  395.3,  396.2,  385.4,  372.6,  371.7,  379.2,  388.3,  389.5,  555.2,  544.3,  538.0,  542.4,  537.6,  541.8,  551.6,  578.9,  592.0,  595.2,  593.3,  581.2,  556.0,  551.3,  552.8,  550.0,  553.7,  568.9,  572.5,  570.2,  -84.9,  -85.7,  -84.3,  -80.3,  -69.6,  -54.7,  -38.4,  -19.8,  -1.9,  13.7,  27.8,  40.6,  52.2,  59.9,  64.1,  67.0,  68.4,  -61.7,  -50.2,  -36.0,  -22.6,  -10.2,  13.2,  25.4,  37.5,  49.8,  58.4,  1.8,  2.8,  3.7,  4.6,  -11.1,  -4.3,  2.4,  9.0,  15.0,  -42.6,  -34.6,  -25.8,  -18.7,  -26.1,  -34.9,  17.5,  24.8,  33.8,  40.9,  34.5,  25.8,  -26.2,  -15.3,  -5.4,  1.9,  9.9,  18.6,  25.2,  18.7,  10.0,  1.1,  -7.2,  -17.1,  -20.9,  -5.9,  1.6,  9.7,  20.9,  9.4,  1.0,  -6.9,  -4.0,  18.2,  41.2,  64.2,  87.1,  106.8,  123.0,  134.3,  137.8,  135.7,  125.7,  110.8,  92.2,  70.6,  47.3,  23.7,  -0.3,  2.3,  -4.7,  -5.7,  -3.3,  0.6,  -0.8,  -6.4,  -9.6,  -9.7,  -4.6,  11.3,  22.1,  32.8,  43.9,  52.9,  55.2,  57.2,  55.1,  52.6,  11.9,  7.9,  7.3,  11.7,  14.2,  14.5,  10.4,  5.2,  4.9,  8.0,  11.8,  12.2,  83.1,  75.9,  72.7,  74.7,  73.0,  76.4,  83.0,  93.7,  98.5,  99.4,  98.4,  93.5,  83.0,  78.8,  79.6,  78.8,  83.3,  87.9,  89.1,  88.0,  383.8,  392.6,  402.0,  407.7,  406.4,  404.8,  400.9,  395.8,  396.8,  404.6,  416.4,  423.6,  424.3,  419.9,  412.1,  403.9,  397.9,  353.9,  345.1,  340.4,  338.5,  337.9,  343.3,  348.6,  355.3,  363.9,  375.5,  341.6,  339.4,  337.1,  335.1,  351.5,  350.1,  349.3,  351.7,  354.3,  351.0,  349.3,  350.5,  352.7,  351.3,  350.7,  359.0,  358.8,  361.7,  366.8,  363.6,  360.7,  372.6,  360.2,  357.4,  358.3,  359.8,  367.7,  379.1,  374.6,  371.4,  369.8,  369.0,  369.7,  370.8,  360.5,  361.1,  363.1,  376.3,  368.4,  366.7,  366.2,  2.368,  0.367,  -0.153,  0.030,  636.579,  477.732,  -32.566,  11.324,  -4.602,  10.036,  -4.128,  -2.571,  8.160,  0.904,  23.011,  -16.471,  -10.565,  -4.114,  -1.401,  3.075,  -1.905,  7.065,  -2.391,  -0.052,  -4.117,  -5.616,  -0.449,  -2.569,  -0.814,  -0.200,  1.927,  0.896,  0.157,  -0.284,  0.276,  -0.254,  -0.480,  -0.464,  0.284,  0.042, 0.05, 0.00, 0.10, 0.11, 0.00, 0.00, 0.00, 0.16, 0.00, 0.17, 0.00, 0.18, 0.00, 0.00, 1.81, 1.11, 0.08, 0.00, 0.00, 0.00, 1.00, 0.00, 0.00, 0.00, 0.00, 0.00, 0.00, 0.00, 0.00, 0.00, 0.00, 1.00, 1.00, 0.00, 0.00
88,  0,  2.903,  0.98,  1,  0.189650,  0.267586,  -0.944685,  -0.058190,  0.232432,  -0.970870,  0.069,  0.255,  550.3,  554.0,  564.7,  576.2,  581.6,  578.7,  567.2,  555.8,  536.5,  543.5,  553.1,  564.5,  576.2,  585.0,  591.3,  584.3,  574.7,  563.9,  553.2,  543.8,  561.1,  566.5,  571.6,  573.3,  570.8,  565.4,  560.4,  558.6,  693.5,  697.5,  707.6,  718.0,  722.5,  718.6,  708.4,  697.2,  684.9,  691.9,  701.4,  713.3,  724.1,  731.9,  736.0,  730.7,  722.7,  712.9,  702.5,  692.5,  703.3,  707.9,  712.3,  714.1,  712.1,  707.5,  703.0,  701.3,  385.9,  374.3,  368.7,  372.5,  383.4,  395.9,  400.6,  396.9,  388.9,  383.0,  378.9,  376.8,  378.5,  382.9,  389.9,  393.2,  394.5,  395.2,  394.5,  392.6,  390.7,  392.5,  389.9,  384.5,  379.3,  377.5,  380.1,  385.6,  377.9,  367.3,  362.3,  365.9,  376.0,  386.6,  391.6,  388.6,  385.4,  377.8,  372.4,  369.9,  370.8,  373.5,  378.4,  384.2,  387.9,  389.6,  389.5,  388.2,  381.4,  383.0,  380.8,  376.1,  371.7,  370.1,  372.3,  377.0,  -35.0,  -33.6,  -29.5,  -25.0,  -22.8,  -23.9,  -28.4,  -32.8,  -40.8,  -37.8,  -33.9,  -29.3,  -24.9,  -21.5,  -19.1,  -21.7,  -25.4,  -29.5,  -33.8,  -37.7,  -30.8,  -28.7,  -26.8,  -26.1,  -27.1,  -29.2,  -31.2,  -31.9,  20.8,  22.3,  26.2,  30.3,  32.2,  30.7,  26.7,  22.3,  17.5,  20.1,  23.7,  28.3,  32.7,  36.2,  38.2,  35.8,  32.4,  28.4,  24.3,  20.5,  24.7,  26.5,  28.3,  28.9,  28.1,  26.3,  24.5,  23.9,  10.1,  5.6,  3.4,  4.9,  9.1,  14.0,  15.8,  14.4,  11.4,  9.0,  7.4,  6.5,  7.2,  9.0,  11.7,  13.0,  13.4,  13.7,  13.4,  12.8,  12.0,  12.7,  11.7,  9.6,  7.6,  6.9,  7.9,  10.0,  6.9,  2.8,  0.9,  2.3,  6.2,  10.4,  12.3,  11.1,  9.9,  6.9,  4.8,  3.8,  4.2,  5.3,  7.3,  9.6,  10.9,  11.6,  11.5,  11.0,  8.4,  9.0,  8.1,  6.3,  4.6,  3.9,  4.8,  6.6,  341.6,  342.3,  342.6,  342.4,  341.9,  341.5,  340.9,  341.1,  344.9,  342.9,  340.9,  340.1,  340.8,  341.9,  343.3,  341.6,  339.9,  339.4,  340.3,  342.5,  342.3,  342.2,  342.4,  342.7,  342.9,  343.0,  342.8,  342.5,  339.5,  338.8,  339.0,  340.0,  341.3,  342.0,  341.8,  341.0,  341.4,  339.2,  337.8,  338.0,  340.6,  344.4,  348.3,  345.7,  343.0,  341.1,  340.5,  340.9,  341.3,  341.8,  341.9,  341.5,  341.0,  340.5,  340.4,  340.8,  -0.9,  49.5,  367.6,  0.217,  -0.146,  0.025,  446.9,  449.6,  457.0,  467.7,  490.2,  522.3,  557.6,  598.3,  638.2,  671.9,  700.8,  726.1,  749.6,  766.4,  777.0,  786.0,  790.8,  487.3,  512.2,  546.8,  581.0,  613.1,  673.7,  704.0,  732.4,  760.1,  776.7,  644.8,  647.3,  649.7,  652.1,  612.5,  629.5,  646.3,  662.9,  677.6,  534.0,  553.5,  575.7,  593.6,  575.2,  553.0,  683.1,  700.8,  722.1,  738.0,  723.4,  703.0,  578.9,  603.9,  627.1,  645.4,  665.2,  685.3,  699.9,  685.3,  665.7,  644.3,  624.3,  601.3,  591.0,  626.2,  644.7,  664.8,  690.3,  664.2,  643.9,  624.8,  350.9,  400.1,  448.6,  496.3,  545.6,  588.5,  625.6,  653.3,  659.8,  649.3,  620.5,  585.9,  548.1,  505.7,  459.6,  411.2,  359.9,  364.8,  347.2,  344.5,  350.7,  360.8,  357.5,  343.6,  336.1,  336.5,  349.1,  388.5,  416.4,  444.5,  474.1,  491.5,  497.7,  502.9,  496.8,  489.7,  388.8,  379.2,  377.7,  388.4,  394.9,  395.7,  385.0,  372.2,  371.3,  378.8,  388.0,  389.1,  554.4,  544.5,  538.5,  542.9,  537.9,  541.7,  550.4,  574.7,  586.8,  590.2,  588.4,  577.5,  555.3,  552.1,  553.6,  550.5,  552.6,  563.8,  567.5,  565.3,  -85.5,  -86.2,  -84.7,  -80.9,  -70.0,  -54.6,  -37.8,  -18.9,  -0.8,  14.7,  29.0,  41.8,  53.5,  61.0,  65.0,  67.8,  69.0,  -62.3,  -50.8,  -36.5,  -23.0,  -10.5,  13.3,  25.7,  37.8,  50.2,  59.0,  1.9,  2.8,  3.8,  4.7,  -11.1,  -4.2,  2.5,  9.2,  15.3,  -42.8,  -34.7,  -25.9,  -18.8,  -26.2,  -35.1,  17.8,  25.1,  34.2,  41.3,  34.9,  26.2,  -26.1,  -14.9,  -5.3,  2.2,  10.4,  19.1,  26.1,  19.4,  10.9,  1.8,  -6.6,  -16.4,  -20.8,  -5.7,  2.0,  10.3,  21.7,  10.2,  1.6,  -6.4,  -4.0,  18.1,  41.0,  64.0,  86.7,  106.1,  121.8,  132.5,  135.7,  133.7,  124.2,  109.8,  91.7,  70.3,  47.2,  23.8,  -0.0,  2.0,  -5.1,  -6.1,  -3.6,  0.3,  -1.0,  -6.6,  -9.8,  -9.8,  -4.7,  11.2,  22.0,  32.8,  44.0,  53.2,  55.4,  57.4,  55.3,  52.8,  11.6,  7.7,  7.1,  11.5,  14.1,  14.4,  10.3,  5.0,  4.7,  7.9,  11.7,  12.1,  83.0,  76.2,  73.2,  75.3,  73.5,  76.7,  82.8,  92.0,  96.2,  97.1,  96.2,  91.9,  82.9,  79.5,  80.3,  79.5,  83.1,  85.8,  86.9,  85.9,  387.3,  395.9,  405.1,  410.7,  408.8,  406.3,  401.2,  395.5,  396.2,  404.5,  417.0,  425.3,  426.7,  422.5,  414.7,  406.3,  400.5,  356.8,  347.7,  342.9,  340.9,  340.3,  345.8,  351.0,  357.7,  366.0,  377.5,  344.0,  341.7,  339.1,  336.9,  353.7,  352.3,  351.4,  353.8,  356.4,  353.4,  351.6,  352.7,  355.1,  353.6,  353.0,  361.5,  361.3,  364.2,  369.3,  366.0,  363.2,  373.6,  361.5,  359.1,  360.0,  361.5,  369.4,  380.7,  375.0,  371.0,  369.1,  368.5,  369.7,  371.7,  362.1,  362.8,  364.9,  377.5,  368.2,  366.3,  365.9,  2.357,  0.353,  -0.151,  0.026,  637.330,  476.465,  -27.003,  11.664,  -8.476,  6.843,  -4.381,  0.364,  5.424,  2.008,  22.491,  -14.900,  -10.868,  -3.811,  -1.084,  3.457,  -2.348,  7.588,  -3.005,  -0.421,  -3.341,  -6.298,  -0.586,  -3.164,  -1.218,  -0.512,  2.074,  0.595,  -0.267,  -0.413,  0.278,  -0.263,  -0.406,  -0.493,  0.246,  0.087, 0.05, 0.00, 0.08, 0.18, 0.00, 0.00, 0.00, 0.10, 0.00, 0.27, 0.00, 0.25, 0.00, 0.00, 1.45, 0.72, 0.12, 0.00, 0.00, 0.00, 1.00, 0.00, 0.00, 0.00, 0.00, 0.00, 0.00, 0.00, 0.00, 0.00, 0.00, 1.00, 1.00, 0.00, 0.00
89,  0,  2.936,  0.98,  1,  0.191015,  0.269579,  -0.943843,  -0.062887,  0.242543,  -0.968100,  0.067,  0.262,  550.2,  553.8,  564.6,  576.3,  582.0,  579.2,  567.6,  555.9,  536.3,  543.6,  553.3,  564.6,  576.0,  584.8,  591.1,  584.4,  575.0,  564.2,  553.4,  543.7,  561.2,  566.7,  571.7,  573.4,  570.8,  565.3,  560.3,  558.6,  693.8,  697.8,  707.9,  718.2,  722.7,  718.8,  708.7,  697.5,  685.2,  692.2,  701.7,  713.5,  724.2,  732.0,  736.3,  731.0,  723.0,  713.2,  702.8,  692.8,  703.5,  708.1,  712.6,  714.3,  712.3,  707.8,  703.3,  701.5,  384.7,  373.2,  367.7,  371.4,  382.2,  394.7,  399.3,  395.5,  387.7,  381.7,  377.5,  375.5,  377.2,  381.6,  388.5,  392.0,  393.3,  393.9,  393.2,  391.4,  389.7,  391.5,  389.0,  383.6,  378.5,  376.8,  379.3,  384.7,  377.3,  366.7,  361.8,  365.4,  375.4,  386.0,  391.0,  388.0,  384.3,  376.8,  371.4,  368.9,  369.8,  372.5,  377.5,  383.2,  386.8,  388.5,  388.3,  387.1,  380.9,  382.4,  380.3,  375.6,  371.1,  369.5,  371.7,  376.4,  -34.8,  -33.6,  -29.4,  -24.9,  -22.6,  -23.6,  -28.0,  -32.5,  -40.6,  -37.5,  -33.6,  -29.2,  -24.8,  -21.5,  -19.1,  -21.6,  -25.1,  -29.2,  -33.4,  -37.4,  -30.6,  -28.5,  -26.6,  -26.0,  -27.0,  -29.2,  -31.1,  -31.7,  21.0,  22.5,  26.5,  30.6,  32.5,  31.0,  27.0,  22.6,  17.8,  20.4,  24.0,  28.6,  33.0,  36.4,  38.6,  36.1,  32.7,  28.7,  24.6,  20.7,  24.9,  26.8,  28.5,  29.2,  28.4,  26.5,  24.8,  24.1,  9.6,  5.1,  3.0,  4.5,  8.7,  13.5,  15.2,  13.7,  10.8,  8.4,  6.8,  6.0,  6.7,  8.4,  11.1,  12.4,  12.9,  13.0,  12.8,  12.2,  11.6,  12.2,  11.3,  9.2,  7.2,  6.5,  7.5,  9.6,  6.8,  2.6,  0.7,  2.1,  6.1,  10.2,  12.2,  11.0,  9.5,  6.5,  4.4,  3.5,  3.9,  5.0,  7.0,  9.2,  10.6,  11.2,  11.1,  10.6,  8.2,  8.8,  8.0,  6.1,  4.4,  3.7,  4.6,  6.4,  339.5,  340.8,  341.7,  341.6,  340.6,  339.5,  338.4,  338.5,  342.2,  340.7,  339.2,  338.8,  339.6,  340.7,  341.8,  339.7,  337.8,  336.9,  337.7,  339.8,  340.2,  340.1,  340.5,  341.2,  341.6,  341.7,  341.3,  340.6,  341.7,  341.0,  341.2,  342.2,  343.4,  344.1,  343.9,  343.2,  343.5,  341.4,  340.0,  340.2,  342.7,  346.6,  350.4,  347.7,  345.0,  343.2,  342.5,  342.9,  343.5,  343.9,  344.0,  343.7,  343.2,  342.7,  342.6,  342.9,  -0.7,  48.8,  368.7,  0.206,  -0.141,  0.022,  447.6,  450.3,  457.7,  468.3,  490.3,  522.2,  557.7,  599.2,  639.7,  673.8,  702.7,  727.9,  751.3,  767.9,  778.2,  787.1,  791.9,  487.9,  512.6,  547.0,  581.1,  613.2,  673.4,  703.9,  732.6,  760.6,  777.7,  644.6,  647.2,  649.7,  652.1,  612.6,  629.7,  646.6,  663.2,  678.1,  534.1,  553.5,  575.6,  593.6,  575.3,  553.1,  683.3,  701.0,  722.3,  738.4,  723.7,  703.3,  579.0,  604.6,  627.7,  645.8,  665.4,  685.8,  701.2,  686.2,  666.5,  645.4,  625.7,  602.6,  591.3,  626.8,  645.2,  665.0,  691.7,  664.7,  644.8,  625.9,  351.1,  399.7,  447.5,  494.3,  542.5,  584.9,  621.9,  649.8,  656.5,  646.4,  618.3,  584.1,  546.2,  503.7,  457.6,  409.3,  358.3,  363.5,  346.0,  343.2,  349.4,  359.4,  356.4,  342.3,  335.0,  335.7,  348.7,  387.1,  414.8,  442.9,  472.5,  490.1,  496.2,  501.4,  495.3,  488.2,  387.4,  377.8,  376.3,  386.9,  393.5,  394.5,  383.8,  371.2,  370.4,  377.9,  387.0,  388.1,  552.5,  543.2,  537.3,  541.8,  536.9,  540.6,  548.6,  571.6,  582.9,  585.9,  584.0,  573.8,  553.4,  551.2,  552.8,  549.9,  550.8,  559.9,  563.1,  560.9,  -85.8,  -86.3,  -84.8,  -80.8,  -70.2,  -54.8,  -37.8,  -18.4,  -0.1,  15.6,  29.9,  42.9,  54.5,  62.1,  65.9,  68.7,  69.9,  -62.5,  -51.0,  -36.7,  -23.1,  -10.5,  13.2,  25.8,  38.0,  50.7,  59.7,  1.8,  2.8,  3.8,  4.7,  -11.1,  -4.2,  2.7,  9.4,  15.6,  -43.1,  -35.0,  -26.1,  -18.9,  -26.3,  -35.3,  18.0,  25.3,  34.4,  41.7,  35.1,  26.4,  -26.1,  -14.7,  -5.1,  2.4,  10.5,  19.4,  26.7,  19.8,  11.2,  2.3,  -6.0,  -15.8,  -20.7,  -5.5,  2.2,  10.4,  22.3,  10.4,  2.0,  -5.9,  -4.0,  18.1,  40.7,  63.2,  85.5,  104.7,  120.2,  130.9,  134.1,  132.3,  123.3,  109.3,  91.2,  69.8,  46.5,  23.0,  -0.8,  1.4,  -5.6,  -6.6,  -4.2,  -0.2,  -1.4,  -7.1,  -10.3,  -10.2,  -4.9,  10.7,  21.5,  32.3,  43.5,  52.8,  55.1,  57.0,  54.9,  52.4,  11.1,  7.2,  6.6,  11.0,  13.6,  14.0,  9.9,  4.6,  4.3,  7.6,  11.3,  11.7,  82.5,  75.9,  73.0,  75.0,  73.3,  76.4,  82.3,  90.6,  94.3,  95.1,  94.2,  90.4,  82.4,  79.4,  80.2,  79.3,  82.5,  84.0,  84.9,  83.9,  390.2,  398.2,  406.9,  412.0,  410.0,  407.2,  401.7,  395.3,  395.8,  404.3,  417.7,  426.7,  428.7,  424.8,  417.0,  408.3,  402.4,  359.3,  350.2,  345.3,  343.2,  342.3,  347.2,  352.6,  359.3,  367.7,  379.1,  345.6,  343.2,  340.6,  338.4,  355.1,  353.8,  352.9,  355.2,  357.9,  355.9,  354.0,  355.1,  357.3,  355.8,  355.3,  363.1,  362.9,  365.8,  370.8,  367.6,  364.8,  374.8,  362.6,  360.1,  361.0,  362.4,  370.2,  381.8,  374.7,  370.2,  368.3,  367.9,  369.9,  372.7,  363.1,  363.8,  365.6,  378.4,  367.5,  365.7,  365.5,  2.349,  0.341,  -0.147,  0.023,  637.885,  474.654,  -22.469,  9.801,  -10.727,  4.791,  -5.338,  1.945,  3.408,  1.991,  21.786,  -14.199,  -11.186,  -4.211,  -1.756,  2.805,  -2.636,  8.358,  -2.329,  -0.485,  -2.649,  -6.528,  -0.971,  -3.226,  -0.739,  -0.621,  1.546,  0.772,  -0.606,  -0.153,  0.198,  -0.390,  -0.426,  -0.573,  0.321,  0.039, 0.07, 0.00, 0.01, 0.10, 0.00, 0.00, 0.00, 0.05, 0.00, 0.23, 0.00, 0.35, 0.00, 0.00, 1.01, 0.47, 0.12, 0.00, 0.00, 0.00, 1.00, 0.00, 0.00, 0.00, 0.00, 0.00, 0.00, 0.00, 0.00, 0.00, 0.00, 1.00, 0.00, 0.00, 0.00
90,  0,  2.970,  0.98,  1,  0.191163,  0.263861,  -0.945428,  -0.069498,  0.237301,  -0.968947,  0.063,  0.256,  550.4,  554.1,  565.0,  576.7,  582.4,  579.5,  567.8,  556.0,  536.3,  543.7,  553.5,  564.8,  576.3,  585.2,  591.5,  584.8,  575.3,  564.4,  553.5,  543.8,  561.2,  566.9,  572.2,  574.0,  571.3,  565.6,  560.4,  558.5,  693.8,  697.8,  708.0,  718.4,  722.8,  718.8,  708.7,  697.5,  685.3,  692.3,  701.9,  713.7,  724.5,  732.4,  736.7,  731.2,  723.2,  713.3,  702.8,  692.8,  703.6,  708.2,  712.6,  714.4,  712.4,  707.9,  703.4,  701.6,  382.6,  371.1,  365.7,  369.5,  380.4,  392.8,  397.3,  393.5,  385.9,  379.8,  375.5,  373.6,  375.4,  379.9,  386.8,  390.2,  391.4,  391.9,  391.3,  389.5,  387.9,  389.8,  387.2,  381.6,  376.4,  374.5,  377.1,  382.7,  375.5,  364.9,  360.0,  363.7,  373.8,  384.3,  389.2,  386.2,  382.6,  375.1,  369.8,  367.3,  368.3,  371.1,  376.0,  381.7,  385.3,  386.9,  386.6,  385.4,  379.1,  380.7,  378.5,  373.8,  369.4,  367.8,  369.9,  374.6,  -34.5,  -33.2,  -29.1,  -24.5,  -22.3,  -23.3,  -27.8,  -32.3,  -40.3,  -37.3,  -33.3,  -28.9,  -24.6,  -21.2,  -18.8,  -21.3,  -24.8,  -28.9,  -33.2,  -37.2,  -30.4,  -28.2,  -26.2,  -25.6,  -26.7,  -28.8,  -30.9,  -31.5,  20.9,  22.5,  26.4,  30.5,  32.4,  30.9,  26.9,  22.5,  17.7,  20.4,  24.0,  28.6,  33.0,  36.5,  38.6,  36.1,  32.7,  28.6,  24.5,  20.6,  24.9,  26.7,  28.5,  29.1,  28.3,  26.5,  24.7,  24.1,  8.7,  4.3,  2.2,  3.7,  7.9,  12.7,  14.3,  12.9,  10.1,  7.6,  6.0,  5.2,  5.9,  7.7,  10.4,  11.7,  12.0,  12.2,  12.0,  11.4,  10.8,  11.5,  10.5,  8.4,  6.4,  5.6,  6.6,  8.8,  6.0,  1.9,  -0.0,  1.4,  5.4,  9.5,  11.5,  10.2,  8.8,  5.9,  3.8,  2.8,  3.3,  4.4,  6.4,  8.6,  9.9,  10.5,  10.4,  9.9,  7.5,  8.1,  7.3,  5.4,  3.7,  3.0,  3.9,  5.7,  337.3,  338.6,  339.4,  339.3,  338.3,  337.3,  336.2,  336.3,  340.2,  338.7,  337.1,  336.8,  337.5,  338.6,  339.6,  337.6,  335.7,  334.9,  335.7,  337.8,  337.9,  337.9,  338.3,  338.9,  339.4,  339.4,  339.0,  338.4,  340.5,  339.8,  340.0,  340.9,  342.1,  342.8,  342.7,  342.0,  342.4,  340.2,  338.8,  338.9,  341.5,  345.3,  349.1,  346.5,  343.7,  341.9,  341.3,  341.8,  342.2,  342.7,  342.8,  342.4,  341.9,  341.5,  341.4,  341.7,  -0.5,  47.9,  368.6,  0.201,  -0.132,  0.016,  447.9,  450.7,  458.2,  469.1,  491.4,  523.7,  559.7,  601.3,  641.8,  675.9,  705.0,  730.2,  753.3,  769.6,  779.7,  788.3,  792.7,  488.3,  512.6,  546.9,  580.9,  613.0,  673.1,  703.6,  732.3,  760.4,  777.8,  644.6,  647.1,  649.6,  652.1,  612.8,  629.9,  646.7,  663.3,  678.3,  534.3,  553.6,  575.8,  593.8,  575.5,  553.3,  683.4,  701.3,  722.5,  738.6,  723.9,  703.5,  579.9,  605.4,  628.2,  646.2,  665.6,  685.9,  701.5,  686.3,  666.8,  646.1,  626.6,  603.7,  592.2,  627.4,  645.6,  665.2,  691.9,  665.0,  645.4,  626.7,  350.6,  398.7,  446.2,  493.0,  541.2,  583.7,  620.7,  648.2,  654.3,  643.6,  615.0,  580.7,  542.9,  500.7,  454.9,  407.3,  357.0,  361.6,  344.0,  341.0,  347.1,  357.3,  354.4,  340.5,  333.1,  334.0,  347.1,  385.3,  412.8,  440.7,  470.0,  488.3,  494.3,  499.3,  493.3,  486.3,  385.4,  375.9,  374.5,  385.2,  391.8,  392.7,  382.1,  369.5,  368.8,  376.3,  385.5,  386.5,  550.8,  541.8,  535.7,  540.1,  535.2,  539.0,  546.9,  568.9,  579.6,  582.7,  580.9,  571.3,  551.7,  549.8,  551.3,  548.3,  549.0,  556.6,  559.9,  557.9,  -86.2,  -86.6,  -84.9,  -80.8,  -69.9,  -54.2,  -36.9,  -17.5,  0.8,  16.6,  31.0,  43.9,  55.4,  62.8,  66.6,  69.2,  70.3,  -62.5,  -51.1,  -36.8,  -23.2,  -10.6,  13.1,  25.6,  37.9,  50.6,  59.7,  1.8,  2.8,  3.8,  4.7,  -11.1,  -4.1,  2.7,  9.5,  15.7,  -43.1,  -35.0,  -26.1,  -18.9,  -26.3,  -35.3,  18.0,  25.4,  34.5,  41.8,  35.3,  26.5,  -25.7,  -14.3,  -4.9,  2.6,  10.6,  19.4,  26.8,  19.8,  11.3,  2.5,  -5.6,  -15.3,  -20.4,  -5.2,  2.3,  10.5,  22.4,  10.5,  2.2,  -5.5,  -4.2,  17.7,  40.3,  62.9,  85.2,  104.3,  119.8,  130.3,  133.2,  131.0,  121.6,  107.5,  89.5,  68.2,  45.2,  22.1,  -1.4,  0.7,  -6.4,  -7.5,  -5.1,  -1.1,  -2.2,  -7.9,  -11.1,  -11.0,  -5.6,  10.0,  20.7,  31.4,  42.5,  52.1,  54.3,  56.2,  54.1,  51.6,  10.4,  6.5,  5.9,  10.3,  12.9,  13.3,  9.2,  4.0,  3.7,  6.9,  10.7,  11.0,  81.7,  75.3,  72.3,  74.3,  72.5,  75.7,  81.5,  89.3,  92.7,  93.6,  92.7,  89.2,  81.6,  78.7,  79.5,  78.7,  81.7,  82.5,  83.4,  82.5,  392.5,  400.3,  408.8,  413.6,  411.3,  408.1,  402.3,  395.7,  396.0,  404.3,  417.3,  426.1,  428.1,  424.3,  416.7,  408.3,  402.7,  360.6,  351.3,  346.2,  343.9,  343.0,  347.6,  352.9,  359.6,  367.8,  379.1,  346.0,  343.4,  340.5,  338.0,  355.2,  353.8,  352.8,  355.2,  357.8,  356.8,  354.8,  355.7,  357.8,  356.4,  356.1,  363.4,  363.2,  366.1,  371.1,  367.8,  365.0,  374.8,  362.5,  360.0,  360.8,  362.1,  369.9,  381.5,  374.1,  369.6,  367.7,  367.3,  369.4,  372.6,  363.0,  363.6,  365.5,  378.0,  366.9,  365.1,  364.9,  2.348,  0.334,  -0.137,  0.017,  638.424,  472.654,  -19.816,  11.477,  -11.509,  4.660,  -5.179,  1.890,  3.259,  1.120,  20.982,  -13.784,  -10.721,  -3.682,  -1.814,  2.176,  -2.581,  7.739,  -2.845,  -0.073,  -2.017,  -6.623,  -1.322,  -3.730,  -0.900,  -1.039,  1.427,  0.554,  -0.632,  0.001,  0.245,  -0.452,  -0.346,  -0.601,  0.345,  0.026, 0.03, 0.00, 0.00, 0.10, 0.00, 0.00, 0.00, 0.02, 0.00, 0.16, 0.00, 0.38, 0.00, 0.00, 0.82, 0.31, 0.12, 0.00, 0.00, 0.00, 1.00, 0.00, 0.00, 0.00, 0.00, 0.00, 0.00, 0.00, 0.00, 0.00, 0.00, 0.00, 0.00, 0.00, 0.00
91,  0,  3.003,  0.98,  1,  0.183745,  0.258994,  -0.948241,  -0.072060,  0.237501,  -0.968711,  0.058,  0.253,  550.3,  554.1,  564.9,  576.2,  581.6,  578.6,  567.0,  555.6,  536.4,  543.1,  552.7,  564.3,  576.2,  585.2,  591.6,  584.4,  574.7,  563.8,  553.0,  543.6,  560.9,  566.5,  571.8,  573.7,  571.1,  565.5,  560.2,  558.3,  693.7,  697.8,  708.0,  718.4,  723.0,  718.9,  708.7,  697.5,  685.2,  692.4,  702.0,  713.8,  724.6,  732.5,  736.7,  731.3,  723.3,  713.3,  702.9,  692.8,  703.6,  708.2,  712.7,  714.4,  712.4,  707.9,  703.4,  701.6,  380.7,  369.0,  363.6,  367.4,  378.4,  390.8,  395.5,  391.6,  383.8,  377.7,  373.6,  371.5,  373.3,  378.0,  385.1,  388.2,  389.6,  390.3,  389.6,  387.6,  385.7,  387.6,  384.9,  379.2,  373.8,  371.8,  374.5,  380.2,  373.8,  363.1,  358.2,  361.8,  372.0,  382.7,  387.6,  384.6,  380.8,  373.3,  368.0,  365.5,  366.5,  369.2,  374.2,  379.9,  383.6,  385.3,  385.0,  383.8,  377.3,  378.9,  376.8,  372.1,  367.6,  366.0,  368.2,  372.9,  -34.7,  -33.2,  -29.1,  -24.7,  -22.6,  -23.7,  -28.2,  -32.6,  -40.5,  -37.6,  -33.7,  -29.1,  -24.6,  -21.2,  -18.8,  -21.5,  -25.1,  -29.3,  -33.6,  -37.4,  -30.7,  -28.5,  -26.4,  -25.7,  -26.7,  -28.9,  -30.9,  -31.7,  20.8,  22.3,  26.3,  30.4,  32.3,  30.8,  26.8,  22.3,  17.6,  20.3,  23.9,  28.5,  32.9,  36.3,  38.4,  36.0,  32.6,  28.5,  24.4,  20.5,  24.8,  26.6,  28.3,  29.0,  28.2,  26.4,  24.6,  23.9,  8.0,  3.5,  1.4,  2.9,  7.1,  11.9,  13.7,  12.2,  9.3,  6.9,  5.2,  4.4,  5.1,  7.0,  9.8,  10.9,  11.4,  11.6,  11.4,  10.7,  9.9,  10.7,  9.7,  7.4,  5.3,  4.6,  5.6,  7.8,  5.3,  1.2,  -0.7,  0.7,  4.7,  8.8,  10.8,  9.6,  8.1,  5.1,  3.1,  2.1,  2.5,  3.6,  5.6,  7.9,  9.2,  9.8,  9.7,  9.2,  6.7,  7.4,  6.5,  4.7,  3.0,  2.3,  3.2,  5.0,  338.3,  338.5,  338.6,  338.4,  338.1,  338.2,  337.9,  338.0,  342.2,  339.8,  337.5,  336.6,  337.1,  338.4,  339.9,  338.3,  336.9,  336.4,  337.5,  339.7,  338.9,  338.9,  338.9,  339.0,  339.2,  339.2,  339.2,  339.1,  338.8,  338.1,  338.3,  339.3,  340.5,  341.2,  341.0,  340.3,  340.6,  338.5,  337.1,  337.3,  339.8,  343.7,  347.5,  344.8,  342.1,  340.3,  339.6,  340.1,  340.6,  341.0,  341.1,  340.8,  340.3,  339.8,  339.7,  340.1,  -0.3,  47.1,  368.6,  0.198,  -0.127,  0.010,  448.4,  451.5,  459.2,  470.3,  492.8,  525.4,  561.4,  603.0,  643.4,  677.5,  706.5,  731.8,  754.9,  771.0,  781.0,  789.2,  793.4,  488.0,  512.2,  546.5,  580.7,  612.9,  672.4,  703.2,  732.2,  760.5,  778.1,  644.2,  646.8,  649.4,  651.9,  612.9,  630.0,  646.8,  663.4,  678.4,  534.0,  553.2,  575.5,  593.6,  575.3,  552.9,  683.4,  701.2,  722.6,  738.7,  724.0,  703.5,  580.7,  606.0,  628.6,  646.7,  666.1,  686.5,  702.2,  687.1,  667.7,  646.9,  627.3,  604.6,  593.0,  627.9,  646.2,  665.9,  692.5,  665.8,  646.1,  627.3,  350.0,  398.0,  445.2,  491.8,  539.8,  582.0,  618.8,  646.0,  652.0,  641.1,  612.4,  578.2,  540.4,  498.0,  452.2,  404.6,  354.5,  359.6,  342.0,  339.0,  345.1,  355.1,  352.4,  338.5,  331.2,  332.3,  345.5,  383.4,  410.6,  438.2,  467.2,  486.4,  492.2,  497.0,  491.1,  484.2,  383.5,  373.9,  372.5,  383.4,  390.1,  391.0,  380.4,  367.6,  366.9,  374.5,  383.8,  384.9,  549.7,  540.5,  534.2,  538.5,  533.6,  537.5,  545.3,  566.7,  577.3,  580.4,  578.7,  569.5,  550.6,  548.3,  549.8,  546.7,  547.4,  554.5,  557.9,  555.8,  -86.3,  -86.5,  -84.7,  -80.4,  -69.3,  -53.5,  -36.1,  -16.7,  1.5,  17.3,  31.7,  44.6,  56.1,  63.4,  67.1,  69.6,  70.6,  -62.8,  -51.4,  -37.0,  -23.3,  -10.6,  12.9,  25.5,  37.9,  50.7,  59.9,  1.7,  2.7,  3.7,  4.6,  -11.0,  -4.0,  2.7,  9.5,  15.7,  -43.3,  -35.3,  -26.3,  -19.0,  -26.4,  -35.5,  18.0,  25.4,  34.6,  41.9,  35.4,  26.5,  -25.4,  -14.1,  -4.7,  2.8,  10.8,  19.7,  27.1,  20.2,  11.7,  2.9,  -5.3,  -15.0,  -20.0,  -5.0,  2.6,  10.8,  22.7,  10.8,  2.5,  -5.3,  -4.5,  17.4,  39.9,  62.4,  84.6,  103.6,  119.0,  129.4,  132.2,  129.9,  120.3,  106.2,  88.1,  66.9,  43.9,  20.8,  -2.5,  -0.1,  -7.2,  -8.3,  -5.9,  -1.9,  -3.0,  -8.7,  -11.8,  -11.7,  -6.3,  9.3,  19.9,  30.4,  41.4,  51.3,  53.5,  55.3,  53.2,  50.8,  9.6,  5.7,  5.1,  9.6,  12.3,  12.6,  8.5,  3.2,  2.9,  6.2,  10.0,  10.4,  81.3,  74.8,  71.7,  73.6,  71.9,  75.0,  80.8,  88.4,  91.7,  92.6,  91.8,  88.4,  81.2,  78.1,  78.9,  78.0,  81.0,  81.5,  82.5,  81.6,  393.9,  401.5,  409.8,  414.4,  411.6,  408.3,  402.4,  395.8,  396.0,  404.3,  417.0,  425.6,  427.5,  423.8,  416.5,  408.3,  402.8,  361.7,  352.2,  346.8,  344.3,  343.3,  347.8,  353.1,  359.9,  368.2,  379.5,  346.3,  343.5,  340.4,  337.7,  355.3,  353.9,  352.9,  355.2,  357.8,  357.6,  355.5,  356.4,  358.5,  357.1,  356.9,  363.7,  363.5,  366.4,  371.5,  368.1,  365.4,  374.9,  362.6,  360.1,  360.9,  362.2,  369.8,  381.5,  374.0,  369.4,  367.5,  367.2,  369.4,  372.7,  363.1,  363.7,  365.5,  377.9,  366.8,  365.0,  364.8,  2.346,  0.329,  -0.131,  0.011,  638.889,  470.762,  -18.848,  11.852,  -11.897,  5.010,  -4.512,  1.368,  2.578,  0.698,  21.320,  -13.446,  -10.658,  -3.842,  -2.228,  1.933,  -3.038,  7.479,  -3.114,  -0.454,  -1.561,  -7.004,  -1.577,  -3.658,  -1.427,  -1.185,  1.330,  0.499,  -0.763,  0.208,  0.285,  -0.390,  -0.350,  -0.661,  0.351,  0.013, 0.02, 0.00, 0.00, 0.00, 0.00, 0.00, 0.00, 0.00, 0.00, 0.13, 0.00, 0.36, 0.00, 0.00, 0.68, 0.18, 0.00, 0.00, 0.00, 0.00, 1.00, 0.00, 0.00, 0.00, 0.00, 0.00, 0.00, 0.00, 0.00, 0.00, 0.00, 0.00, 0.00, 0.00, 0.00
92,  0,  3.036,  0.98,  1,  0.184242,  0.262248,  -0.947249,  -0.071903,  0.242800,  -0.967408,  0.059,  0.258,  550.5,  554.4,  565.3,  576.8,  582.2,  579.1,  567.3,  555.8,  536.4,  543.5,  553.3,  564.9,  576.5,  585.4,  591.8,  584.9,  575.3,  564.3,  553.4,  543.8,  561.0,  566.7,  572.2,  574.2,  571.6,  565.8,  560.4,  558.4,  693.8,  697.9,  708.2,  718.6,  723.1,  719.0,  708.7,  697.5,  685.4,  692.6,  702.3,  714.1,  724.8,  732.6,  736.9,  731.4,  723.3,  713.3,  702.8,  692.9,  703.7,  708.3,  712.7,  714.5,  712.5,  708.0,  703.6,  701.8,  379.4,  367.9,  362.5,  366.5,  377.5,  389.9,  394.4,  390.4,  382.7,  376.5,  372.2,  370.2,  372.2,  376.9,  384.1,  387.3,  388.5,  389.0,  388.3,  386.4,  384.8,  386.9,  384.2,  378.5,  373.0,  370.9,  373.6,  379.3,  372.7,  362.1,  357.2,  361.0,  371.1,  381.7,  386.6,  383.5,  379.8,  372.3,  366.9,  364.5,  365.6,  368.3,  373.2,  378.8,  382.5,  384.1,  383.8,  382.6,  376.3,  377.9,  375.8,  371.2,  366.8,  365.2,  367.3,  371.9,  -34.5,  -33.0,  -28.9,  -24.4,  -22.3,  -23.5,  -27.9,  -32.4,  -40.3,  -37.3,  -33.4,  -28.9,  -24.4,  -21.1,  -18.7,  -21.3,  -24.8,  -29.0,  -33.3,  -37.2,  -30.5,  -28.3,  -26.2,  -25.4,  -26.5,  -28.7,  -30.8,  -31.5,  20.9,  22.5,  26.4,  30.6,  32.4,  30.9,  26.9,  22.4,  17.7,  20.4,  24.1,  28.6,  33.0,  36.5,  38.6,  36.1,  32.7,  28.6,  24.5,  20.6,  24.9,  26.7,  28.4,  29.1,  28.3,  26.5,  24.8,  24.1,  7.5,  3.0,  1.0,  2.5,  6.8,  11.5,  13.2,  11.7,  8.8,  6.4,  4.7,  3.9,  4.7,  6.5,  9.4,  10.5,  10.9,  11.1,  10.9,  10.2,  9.6,  10.4,  9.4,  7.1,  5.0,  4.2,  5.3,  7.5,  5.0,  0.8,  -1.1,  0.4,  4.3,  8.5,  10.4,  9.2,  7.8,  4.8,  2.7,  1.8,  2.2,  3.3,  5.3,  7.4,  8.8,  9.4,  9.3,  8.8,  6.3,  7.0,  6.2,  4.4,  2.6,  2.0,  2.8,  4.6,  337.1,  337.8,  338.3,  338.1,  337.5,  336.9,  336.3,  336.4,  340.6,  338.6,  336.7,  336.1,  336.7,  337.8,  339.1,  337.3,  335.7,  335.0,  335.9,  338.1,  337.7,  337.6,  337.8,  338.2,  338.5,  338.6,  338.4,  338.0,  340.0,  339.2,  339.3,  340.3,  341.6,  342.3,  342.2,  341.5,  341.9,  339.6,  338.2,  338.4,  340.9,  344.7,  348.5,  345.9,  343.2,  341.4,  340.8,  341.3,  341.7,  342.2,  342.2,  341.9,  341.4,  340.9,  340.9,  341.2,  -0.2,  46.5,  368.0,  0.196,  -0.126,  0.008,  448.9,  451.8,  459.3,  470.2,  492.7,  525.2,  561.5,  603.3,  643.8,  677.9,  707.2,  732.7,  755.8,  771.8,  781.6,  789.7,  793.7,  488.2,  511.9,  546.3,  580.5,  612.8,  672.1,  703.0,  732.1,  760.7,  778.3,  644.1,  646.8,  649.4,  652.0,  613.3,  630.3,  647.0,  663.5,  678.5,  534.4,  553.5,  575.8,  593.9,  575.6,  553.3,  683.4,  701.3,  722.8,  738.9,  724.2,  703.6,  581.3,  606.9,  629.5,  647.3,  666.5,  686.9,  702.7,  687.7,  668.4,  647.9,  628.6,  605.7,  593.5,  628.9,  646.9,  666.3,  693.1,  666.3,  646.9,  628.5,  348.9,  397.0,  444.3,  491.1,  539.2,  581.5,  618.4,  645.8,  651.8,  640.7,  612.0,  577.4,  539.2,  496.3,  449.9,  402.1,  351.7,  358.6,  340.7,  337.5,  343.6,  353.6,  351.1,  337.2,  329.9,  331.2,  344.8,  382.1,  409.1,  436.6,  465.5,  485.4,  491.0,  495.7,  489.7,  482.9,  382.4,  372.8,  371.4,  382.2,  389.0,  389.9,  379.3,  366.6,  365.9,  373.4,  382.8,  383.8,  548.9,  539.8,  533.5,  537.7,  532.8,  536.6,  544.1,  565.9,  576.4,  579.5,  577.9,  568.7,  549.7,  547.7,  549.1,  546.0,  546.3,  553.5,  556.8,  554.8,  -85.9,  -86.2,  -84.5,  -80.3,  -69.2,  -53.5,  -36.1,  -16.6,  1.7,  17.5,  32.0,  45.0,  56.5,  63.8,  67.3,  69.7,  70.6,  -62.7,  -51.5,  -37.1,  -23.4,  -10.7,  12.8,  25.4,  37.8,  50.7,  59.9,  1.6,  2.6,  3.6,  4.6,  -10.8,  -3.9,  2.8,  9.5,  15.7,  -43.1,  -35.1,  -26.1,  -18.9,  -26.2,  -35.3,  18.0,  25.4,  34.6,  41.9,  35.4,  26.5,  -25.1,  -13.7,  -4.3,  3.0,  10.9,  19.8,  27.3,  20.3,  12.0,  3.3,  -4.8,  -14.5,  -19.8,  -4.6,  2.8,  11.0,  22.9,  11.0,  2.9,  -4.8,  -5.0,  17.0,  39.4,  62.0,  84.2,  103.2,  118.7,  129.1,  131.9,  129.5,  120.0,  105.7,  87.5,  65.9,  42.7,  19.6,  -3.8,  -0.6,  -7.8,  -8.9,  -6.5,  -2.5,  -3.6,  -9.2,  -12.4,  -12.1,  -6.6,  8.8,  19.2,  29.7,  40.6,  50.8,  52.9,  54.6,  52.6,  50.2,  9.1,  5.2,  4.6,  9.1,  11.8,  12.2,  8.0,  2.7,  2.5,  5.7,  9.6,  9.9,  80.8,  74.4,  71.2,  73.2,  71.4,  74.5,  80.1,  87.8,  91.1,  91.9,  91.2,  87.9,  80.7,  77.7,  78.4,  77.6,  80.3,  80.9,  81.8,  81.0,  393.3,  401.0,  409.2,  413.7,  411.0,  407.7,  401.7,  395.2,  395.5,  403.8,  416.6,  425.3,  427.2,  423.3,  415.9,  407.4,  401.6,  361.5,  352.0,  346.5,  344.1,  343.2,  347.5,  352.7,  359.4,  367.5,  378.7,  345.9,  342.9,  339.7,  336.8,  354.5,  353.2,  352.3,  354.6,  357.3,  357.3,  355.1,  356.0,  358.1,  356.7,  356.5,  363.2,  362.9,  365.8,  370.9,  367.6,  364.8,  374.3,  361.9,  359.3,  360.2,  361.4,  369.1,  380.8,  373.1,  368.3,  366.5,  366.1,  368.5,  372.1,  362.4,  363.0,  364.8,  377.2,  365.7,  363.9,  363.7,  2.350,  0.327,  -0.130,  0.009,  639.244,  469.684,  -18.401,  11.562,  -12.412,  5.318,  -6.005,  1.390,  2.202,  -0.033,  21.153,  -13.966,  -11.082,  -4.064,  -2.337,  1.088,  -3.472,  7.224,  -3.044,  -0.987,  -1.384,  -6.708,  -1.423,  -4.087,  -1.799,  -1.029,  1.321,  0.533,  -0.724,  0.223,  0.291,  -0.414,  -0.268,  -0.734,  0.376,  0.026, 0.00, 0.00, 0.00, 0.00, 0.00, 0.00, 0.00, 0.00, 0.00, 0.15, 0.00, 0.34, 0.00, 0.00, 0.63, 0.16, 0.00, 0.00, 0.00, 0.00, 1.00, 0.00, 0.00, 0.00, 0.00, 0.00, 0.00, 0.00, 0.00, 0.00, 0.00, 0.00, 0.00, 0.00, 0.00
93,  0,  3.070,  0.98,  1,  0.188864,  0.266423,  -0.945172,  -0.073614,  0.251885,  -0.964953,  0.060,  0.265,  551.1,  554.9,  565.9,  577.5,  583.0,  579.9,  568.2,  556.6,  537.0,  544.0,  553.8,  565.3,  577.1,  586.0,  592.4,  585.4,  575.8,  564.9,  553.9,  544.3,  561.8,  567.5,  573.0,  574.9,  572.2,  566.5,  561.0,  559.1,  694.5,  698.5,  708.8,  719.2,  723.6,  719.6,  709.3,  698.1,  686.1,  693.2,  702.9,  714.8,  725.5,  733.3,  737.5,  732.1,  724.0,  714.0,  703.6,  693.5,  704.4,  708.9,  713.3,  715.0,  713.1,  708.6,  704.2,  702.5,  379.6,  367.9,  362.4,  366.3,  377.3,  389.8,  394.4,  390.5,  382.9,  376.7,  372.3,  370.3,  372.1,  376.9,  384.1,  387.2,  388.4,  389.0,  388.3,  386.5,  384.8,  386.8,  384.1,  378.3,  372.8,  370.9,  373.6,  379.4,  372.8,  362.2,  357.3,  361.0,  371.1,  381.7,  386.6,  383.5,  379.7,  372.3,  367.0,  364.6,  365.6,  368.3,  373.3,  378.9,  382.5,  384.1,  383.8,  382.6,  376.2,  377.8,  375.7,  371.2,  366.8,  365.2,  367.3,  371.9,  -34.2,  -32.8,  -28.6,  -24.1,  -22.0,  -23.1,  -27.6,  -32.0,  -40.0,  -37.1,  -33.1,  -28.6,  -24.2,  -20.8,  -18.4,  -21.0,  -24.6,  -28.7,  -33.0,  -36.9,  -30.1,  -27.9,  -25.8,  -25.1,  -26.2,  -28.4,  -30.5,  -31.2,  21.2,  22.7,  26.7,  30.8,  32.7,  31.1,  27.1,  22.7,  18.0,  20.7,  24.3,  28.9,  33.3,  36.8,  38.9,  36.5,  33.0,  28.9,  24.8,  20.9,  25.2,  26.9,  28.7,  29.3,  28.5,  26.8,  25.0,  24.4,  7.5,  3.1,  0.9,  2.4,  6.7,  11.5,  13.2,  11.7,  8.9,  6.4,  4.7,  3.9,  4.7,  6.5,  9.3,  10.5,  10.9,  11.1,  10.9,  10.2,  9.6,  10.3,  9.3,  7.1,  5.0,  4.2,  5.2,  7.5,  5.0,  0.8,  -1.0,  0.4,  4.3,  8.5,  10.4,  9.2,  7.7,  4.8,  2.7,  1.8,  2.2,  3.3,  5.3,  7.5,  8.8,  9.4,  9.3,  8.8,  6.3,  7.0,  6.2,  4.4,  2.7,  2.0,  2.9,  4.6,  336.4,  337.2,  337.6,  337.5,  336.9,  336.4,  335.7,  335.8,  340.0,  338.1,  336.1,  335.5,  336.1,  337.2,  338.5,  336.8,  335.2,  334.5,  335.4,  337.6,  337.1,  337.0,  337.2,  337.6,  337.9,  338.0,  337.8,  337.4,  340.2,  339.5,  339.6,  340.6,  341.8,  342.6,  342.4,  341.7,  342.1,  339.9,  338.5,  338.7,  341.2,  345.1,  348.9,  346.3,  343.6,  341.7,  341.1,  341.6,  342.0,  342.4,  342.5,  342.1,  341.6,  341.2,  341.1,  341.5,  0.1,  46.5,  366.6,  0.204,  -0.125,  0.004,  449.3,  452.3,  460.0,  471.3,  494.3,  527.0,  562.7,  603.9,  644.1,  678.4,  707.9,  733.6,  756.8,  772.8,  782.5,  790.4,  794.2,  488.6,  512.4,  546.8,  581.2,  613.5,  672.5,  703.4,  732.6,  761.3,  778.9,  644.9,  647.5,  650.2,  652.8,  614.0,  631.0,  647.8,  664.4,  679.4,  534.9,  554.1,  576.4,  594.6,  576.2,  553.8,  684.0,  702.1,  723.5,  739.6,  724.9,  704.2,  582.0,  607.6,  630.5,  648.1,  666.9,  687.3,  703.1,  688.0,  668.6,  648.4,  629.2,  606.1,  594.1,  629.8,  647.6,  666.7,  693.4,  666.6,  647.5,  629.3,  348.7,  397.4,  445.4,  492.7,  541.4,  583.7,  620.6,  647.8,  653.7,  642.1,  612.5,  576.6,  537.5,  493.8,  447.1,  399.3,  348.8,  358.8,  340.8,  337.5,  343.6,  353.7,  351.1,  337.3,  329.8,  331.0,  344.5,  382.0,  408.9,  436.3,  465.3,  485.4,  491.1,  495.8,  489.7,  482.7,  382.4,  372.9,  371.4,  382.1,  388.9,  389.9,  379.1,  366.6,  366.0,  373.4,  382.7,  383.8,  549.3,  540.2,  533.9,  538.2,  533.3,  537.0,  544.5,  567.5,  578.3,  581.4,  579.8,  570.2,  550.2,  548.0,  549.4,  546.4,  546.8,  555.4,  558.7,  556.7,  -85.3,  -85.7,  -83.9,  -79.5,  -68.3,  -52.6,  -35.5,  -16.3,  1.8,  17.7,  32.2,  45.3,  56.7,  63.8,  67.3,  69.6,  70.3,  -62.2,  -51.1,  -36.7,  -23.0,  -10.4,  12.9,  25.4,  37.9,  50.7,  59.8,  1.9,  2.9,  3.9,  4.9,  -10.5,  -3.6,  3.1,  9.8,  16.0,  -42.7,  -34.7,  -25.8,  -18.5,  -25.9,  -35.0,  18.2,  25.6,  34.7,  42.0,  35.5,  26.7,  -24.7,  -13.4,  -3.9,  3.3,  11.1,  19.9,  27.4,  20.4,  12.0,  3.5,  -4.5,  -14.3,  -19.5,  -4.2,  3.1,  11.1,  23.0,  11.1,  3.1,  -4.5,  -5.1,  17.1,  39.8,  62.6,  85.0,  104.1,  119.6,  130.1,  132.8,  130.2,  120.0,  104.9,  86.2,  64.4,  41.1,  18.2,  -5.1,  -0.5,  -7.7,  -8.9,  -6.4,  -2.5,  -3.5,  -9.1,  -12.4,  -12.1,  -6.7,  8.6,  19.1,  29.5,  40.3,  50.5,  52.6,  54.4,  52.3,  49.9,  9.1,  5.2,  4.6,  9.0,  11.7,  12.1,  7.9,  2.7,  2.5,  5.6,  9.5,  9.9,  80.8,  74.3,  71.2,  73.1,  71.3,  74.4,  80.1,  88.3,  91.8,  92.6,  91.8,  88.3,  80.7,  77.6,  78.3,  77.5,  80.3,  81.5,  82.5,  81.6,  391.5,  399.5,  407.9,  412.6,  410.0,  407.0,  401.7,  395.5,  395.8,  403.8,  415.8,  423.8,  425.0,  420.7,  413.1,  404.6,  398.9,  359.8,  350.2,  344.7,  342.4,  341.6,  346.0,  351.3,  357.9,  365.9,  377.0,  344.2,  341.1,  337.8,  334.9,  352.7,  351.3,  350.5,  352.9,  355.6,  355.5,  353.4,  354.2,  356.3,  354.9,  354.7,  361.5,  361.2,  364.1,  369.1,  365.8,  363.1,  373.4,  360.9,  358.1,  359.0,  360.2,  367.9,  379.8,  372.4,  367.8,  365.9,  365.6,  367.8,  371.2,  361.2,  361.8,  363.6,  376.2,  365.0,  363.2,  363.0,  2.359,  0.336,  -0.128,  0.005,  639.905,  469.983,  -20.582,  13.310,  -10.868,  7.341,  -6.219,  0.209,  2.209,  -2.481,  21.187,  -14.889,  -10.465,  -3.507,  -2.410,  0.336,  -3.843,  6.530,  -2.922,  -1.550,  -1.541,  -6.678,  -1.440,  -4.192,  -1.850,  -0.997,  1.430,  0.662,  -0.910,  0.361,  0.136,  -0.468,  -0.375,  -0.727,  0.348,  0.058, 0.00, 0.00, 0.00, 0.03, 0.00, 0.00, 0.00, 0.00, 0.00, 0.15, 0.00, 0.25, 0.00, 0.00, 0.50, 0.29, 0.00, 0.00, 0.00, 0.00, 1.00, 0.00, 0.00, 0.00, 0.00, 0.00, 0.00, 0.00, 0.00, 0.00, 0.00, 0.00, 0.00, 0.00, 0.00
94,  0,  3.103,  0.98,  1,  0.186902,  0.272044,  -0.943960,  -0.067352,  0.257002,  -0.964061,  0.063,  0.270,  552.3,  556.0,  566.9,  578.5,  584.0,  581.1,  569.4,  557.8,  537.8,  545.2,  555.2,  566.9,  578.4,  587.1,  593.2,  586.6,  577.2,  566.4,  555.4,  545.5,  562.8,  568.6,  574.0,  575.9,  573.2,  567.4,  561.9,  560.0,  695.4,  699.5,  709.8,  720.2,  724.7,  720.6,  710.3,  699.1,  686.9,  694.1,  703.8,  715.7,  726.4,  734.3,  738.6,  733.0,  724.8,  714.8,  704.3,  694.4,  705.3,  709.9,  714.4,  716.1,  714.2,  709.6,  705.1,  703.4,  380.2,  368.7,  363.3,  367.2,  378.2,  390.6,  395.1,  391.2,  383.8,  377.4,  373.0,  371.0,  372.9,  377.7,  385.0,  388.2,  389.3,  389.9,  389.2,  387.4,  385.7,  387.7,  385.0,  379.3,  373.8,  371.8,  374.4,  380.2,  373.4,  362.8,  357.9,  361.6,  371.8,  382.4,  387.3,  384.2,  380.6,  373.0,  367.7,  365.2,  366.2,  368.9,  373.8,  379.5,  383.2,  384.8,  384.6,  383.4,  377.0,  378.6,  376.5,  371.8,  367.4,  365.8,  367.9,  372.5,  -33.6,  -32.3,  -28.2,  -23.7,  -21.5,  -22.6,  -27.0,  -31.4,  -39.5,  -36.5,  -32.5,  -28.0,  -23.6,  -20.4,  -18.1,  -20.5,  -24.0,  -28.0,  -32.3,  -36.3,  -29.7,  -27.4,  -25.4,  -24.7,  -25.8,  -28.0,  -30.1,  -30.8,  21.4,  23.0,  27.0,  31.1,  33.0,  31.4,  27.4,  23.0,  18.2,  20.9,  24.6,  29.2,  33.5,  37.0,  39.1,  36.7,  33.2,  29.1,  25.0,  21.1,  25.4,  27.2,  29.0,  29.6,  28.8,  27.0,  25.3,  24.6,  7.8,  3.3,  1.3,  2.8,  7.0,  11.8,  13.4,  11.9,  9.2,  6.7,  5.0,  4.2,  5.0,  6.8,  9.7,  10.8,  11.2,  11.4,  11.2,  10.5,  9.9,  10.6,  9.6,  7.4,  5.3,  4.5,  5.6,  7.8,  5.2,  1.1,  -0.8,  0.6,  4.6,  8.7,  10.6,  9.4,  8.0,  5.0,  2.9,  2.0,  2.4,  3.5,  5.5,  7.7,  9.1,  9.6,  9.5,  9.1,  6.6,  7.2,  6.4,  4.6,  2.9,  2.2,  3.1,  4.9,  335.4,  336.4,  337.3,  337.4,  336.7,  335.8,  334.8,  334.7,  338.3,  336.7,  335.2,  334.9,  335.8,  337.1,  338.4,  336.4,  334.4,  333.5,  334.1,  336.1,  336.2,  336.2,  336.6,  337.2,  337.5,  337.5,  337.1,  336.5,  338.7,  338.0,  338.1,  339.1,  340.4,  341.1,  341.0,  340.3,  340.7,  338.5,  337.0,  337.2,  339.7,  343.6,  347.4,  344.8,  342.1,  340.3,  339.7,  340.1,  340.5,  341.0,  341.0,  340.7,  340.1,  339.7,  339.6,  340.0,  0.5,  46.8,  365.1,  0.216,  -0.126,  0.004,  449.8,  452.6,  460.4,  471.9,  495.4,  528.5,  564.0,  604.7,  644.9,  679.4,  708.8,  734.7,  757.7,  773.7,  783.5,  791.3,  794.8,  489.8,  513.5,  548.0,  582.6,  614.9,  673.9,  704.7,  733.9,  762.4,  779.4,  646.5,  649.2,  651.9,  654.6,  615.2,  632.3,  649.1,  665.7,  680.7,  536.1,  555.4,  577.6,  595.8,  577.4,  554.9,  684.9,  703.1,  724.5,  740.4,  725.7,  705.1,  583.0,  608.6,  631.9,  649.2,  667.7,  688.0,  703.3,  688.3,  668.9,  649.0,  630.2,  606.9,  595.0,  631.2,  648.6,  667.4,  693.7,  667.2,  648.4,  630.5,  349.1,  397.5,  445.5,  492.9,  542.1,  584.8,  622.1,  649.7,  655.4,  643.0,  611.9,  574.8,  535.3,  492.0,  446.0,  399.1,  349.5,  359.5,  341.6,  338.0,  344.1,  354.4,  351.9,  337.9,  330.3,  331.6,  345.2,  383.2,  410.0,  437.3,  466.2,  486.5,  492.2,  496.9,  490.9,  483.8,  383.1,  373.7,  372.2,  383.0,  389.8,  390.8,  379.8,  367.3,  366.7,  374.0,  383.5,  384.5,  550.7,  542.0,  535.6,  539.9,  534.9,  538.5,  545.7,  569.6,  580.7,  583.9,  582.3,  572.3,  551.6,  549.7,  551.1,  548.0,  548.1,  557.7,  561.1,  559.1,  -84.8,  -85.3,  -83.5,  -79.0,  -67.6,  -51.8,  -34.9,  -16.0,  2.2,  18.2,  32.6,  45.7,  56.9,  63.9,  67.4,  69.6,  70.3,  -61.3,  -50.3,  -36.0,  -22.3,  -9.7,  13.3,  25.8,  38.2,  51.0,  59.9,  2.5,  3.5,  4.5,  5.5,  -9.9,  -3.1,  3.6,  10.3,  16.4,  -42.0,  -34.0,  -25.1,  -17.9,  -25.2,  -34.3,  18.5,  25.9,  35.0,  42.2,  35.7,  26.9,  -24.3,  -12.9,  -3.3,  3.7,  11.4,  20.1,  27.4,  20.5,  12.1,  3.8,  -4.1,  -13.9,  -19.0,  -3.6,  3.5,  11.3,  23.0,  11.3,  3.5,  -3.9,  -4.9,  17.1,  39.7,  62.5,  85.1,  104.4,  120.3,  131.1,  133.7,  130.5,  119.4,  103.6,  84.7,  63.1,  40.4,  18.0,  -4.8,  -0.2,  -7.3,  -8.6,  -6.2,  -2.2,  -3.2,  -8.8,  -12.1,  -11.8,  -6.3,  9.1,  19.4,  29.6,  40.3,  50.7,  52.8,  54.5,  52.5,  50.0,  9.3,  5.5,  4.9,  9.3,  12.0,  12.4,  8.1,  3.0,  2.8,  5.9,  9.8,  10.1,  81.1,  74.8,  71.5,  73.5,  71.7,  74.8,  80.4,  89.0,  92.6,  93.4,  92.7,  89.0,  81.1,  78.0,  78.7,  77.9,  80.7,  82.2,  83.2,  82.4,  389.9,  398.2,  406.7,  411.5,  409.0,  406.4,  401.6,  395.9,  396.0,  403.5,  414.8,  422.1,  422.9,  418.4,  411.0,  402.8,  397.4,  357.5,  347.8,  342.2,  339.9,  339.4,  343.9,  349.4,  356.3,  364.6,  375.9,  342.0,  338.8,  335.3,  332.3,  350.7,  349.3,  348.5,  351.0,  353.7,  353.3,  351.1,  352.0,  354.1,  352.8,  352.5,  359.7,  359.4,  362.4,  367.5,  364.1,  361.3,  372.2,  359.5,  356.4,  357.4,  358.6,  366.6,  378.9,  371.6,  367.0,  365.1,  364.8,  366.8,  370.1,  359.8,  360.4,  362.3,  375.4,  364.0,  362.2,  361.9,  2.369,  0.347,  -0.129,  0.005,  640.916,  470.930,  -20.327,  16.081,  -9.572,  9.458,  -5.542,  -1.354,  2.451,  -3.692,  21.284,  -14.060,  -9.988,  -2.458,  -2.621,  -0.507,  -3.525,  6.004,  -3.028,  -1.568,  -1.024,  -6.896,  -1.666,  -4.571,  -1.633,  -1.158,  1.377,  0.609,  -0.588,  0.491,  -0.005,  -0.470,  -0.462,  -0.635,  0.352,  -0.013, 0.00, 0.02, 0.00, 0.03, 0.00, 0.00, 0.00, 0.00, 0.00, 0.10, 0.00, 0.17, 0.00, 0.00, 0.47, 0.43, 0.00, 0.00, 0.00, 0.00, 1.00, 0.00, 0.00, 0.00, 0.00, 0.00, 0.00, 0.00, 0.00, 0.00, 0.00, 0.00, 0.00, 0.00, 0.00
95,  0,  3.136,  0.98,  1,  0.180400,  0.271333,  -0.945428,  -0.071613,  0.256001,  -0.964020,  0.057,  0.269,  553.1,  556.8,  567.8,  579.5,  585.1,  582.1,  570.4,  558.7,  539.0,  546.4,  556.4,  567.9,  579.3,  588.1,  594.3,  587.8,  578.6,  567.7,  556.6,  546.7,  563.7,  569.5,  575.0,  576.9,  574.1,  568.3,  562.8,  560.9,  696.3,  700.4,  710.6,  720.9,  725.4,  721.3,  711.1,  700.0,  688.0,  695.1,  704.8,  716.6,  727.3,  735.1,  739.4,  733.8,  725.7,  715.8,  705.4,  695.5,  706.2,  710.7,  715.1,  716.9,  714.9,  710.4,  706.0,  704.3,  381.0,  369.5,  364.2,  368.1,  379.1,  391.5,  396.0,  392.0,  384.8,  378.5,  374.2,  372.2,  374.0,  378.7,  385.8,  389.0,  390.1,  390.7,  390.1,  388.3,  386.6,  388.6,  386.0,  380.2,  374.7,  372.7,  375.3,  381.1,  374.3,  363.7,  358.9,  362.5,  372.6,  383.1,  388.0,  384.9,  381.3,  373.8,  368.5,  366.1,  367.1,  369.8,  374.7,  380.4,  384.1,  385.7,  385.5,  384.2,  377.7,  379.3,  377.2,  372.6,  368.3,  366.7,  368.8,  373.3,  -33.3,  -32.0,  -27.9,  -23.4,  -21.1,  -22.2,  -26.6,  -31.1,  -39.1,  -36.0,  -32.0,  -27.6,  -23.3,  -20.0,  -17.7,  -20.1,  -23.5,  -27.5,  -31.8,  -35.8,  -29.3,  -27.1,  -25.0,  -24.3,  -25.4,  -27.7,  -29.8,  -30.4,  21.9,  23.5,  27.4,  31.5,  33.4,  31.9,  27.9,  23.5,  18.8,  21.5,  25.1,  29.7,  34.1,  37.6,  39.7,  37.2,  33.7,  29.7,  25.5,  21.7,  25.9,  27.7,  29.4,  30.1,  29.3,  27.5,  25.8,  25.1,  8.1,  3.7,  1.6,  3.1,  7.4,  12.1,  13.8,  12.2,  9.6,  7.1,  5.4,  4.7,  5.4,  7.2,  10.0,  11.2,  11.5,  11.7,  11.5,  10.9,  10.2,  11.0,  10.0,  7.8,  5.7,  4.9,  5.9,  8.1,  5.6,  1.4,  -0.4,  1.0,  4.9,  9.1,  11.0,  9.7,  8.4,  5.4,  3.3,  2.4,  2.8,  3.9,  5.9,  8.1,  9.5,  10.1,  9.9,  9.5,  6.9,  7.6,  6.7,  4.9,  3.2,  2.6,  3.4,  5.2,  335.5,  336.7,  337.7,  337.7,  336.9,  336.0,  334.8,  334.7,  338.3,  336.8,  335.4,  335.3,  336.2,  337.5,  338.7,  336.7,  334.6,  333.6,  334.2,  336.1,  336.3,  336.3,  336.8,  337.4,  337.8,  337.8,  337.3,  336.7,  340.9,  340.0,  340.1,  341.1,  342.4,  343.2,  343.1,  342.4,  342.8,  340.5,  339.0,  339.2,  341.7,  345.6,  349.4,  346.8,  344.2,  342.4,  341.8,  342.2,  342.6,  343.0,  343.1,  342.7,  342.2,  341.7,  341.7,  342.1,  0.8,  47.1,  365.7,  0.218,  -0.126,  0.004,  450.6,  453.3,  460.9,  472.2,  495.7,  528.8,  564.4,  605.1,  645.3,  680.0,  709.7,  735.7,  758.6,  774.4,  784.1,  791.7,  795.2,  490.7,  514.4,  548.9,  583.3,  615.7,  675.1,  705.7,  734.7,  763.1,  780.0,  647.6,  650.2,  652.9,  655.5,  616.1,  633.2,  650.0,  666.6,  681.5,  537.3,  556.6,  578.8,  596.7,  578.5,  556.2,  685.9,  704.1,  725.4,  741.2,  726.6,  706.1,  582.8,  608.9,  632.2,  649.7,  668.6,  688.9,  704.5,  689.2,  669.6,  649.5,  630.4,  607.0,  594.8,  631.4,  649.1,  668.3,  695.0,  668.0,  648.9,  630.8,  349.7,  398.2,  446.2,  493.7,  543.0,  585.7,  622.8,  650.1,  655.7,  643.2,  611.9,  574.8,  535.2,  491.9,  446.1,  399.4,  349.9,  360.4,  342.8,  339.2,  345.4,  355.6,  353.0,  339.0,  331.3,  332.4,  345.7,  384.0,  411.1,  438.6,  467.7,  487.7,  493.4,  498.2,  492.2,  485.1,  384.1,  374.8,  373.3,  383.8,  390.7,  391.7,  380.6,  368.3,  367.6,  375.0,  384.3,  385.3,  550.7,  542.9,  537.0,  541.4,  536.3,  539.5,  545.8,  569.1,  580.1,  583.4,  581.7,  571.8,  551.8,  550.9,  552.4,  549.2,  548.4,  557.4,  560.9,  558.9,  -84.5,  -85.0,  -83.4,  -79.0,  -67.6,  -51.7,  -34.7,  -15.8,  2.4,  18.5,  33.1,  46.2,  57.4,  64.4,  67.8,  69.9,  70.5,  -61.1,  -50.0,  -35.7,  -22.0,  -9.4,  13.8,  26.3,  38.6,  51.3,  60.2,  3.0,  4.0,  4.9,  5.9,  -9.6,  -2.7,  4.0,  10.7,  16.8,  -41.5,  -33.5,  -24.7,  -17.5,  -24.8,  -33.8,  18.9,  26.4,  35.4,  42.5,  36.1,  27.3,  -24.4,  -12.8,  -3.2,  4.0,  11.8,  20.5,  28.0,  20.9,  12.4,  4.0,  -4.0,  -13.8,  -19.2,  -3.5,  3.8,  11.7,  23.6,  11.7,  3.7,  -3.8,  -4.6,  17.4,  40.1,  63.0,  85.7,  104.9,  120.7,  131.3,  133.9,  130.8,  119.6,  103.8,  84.8,  63.2,  40.5,  18.2,  -4.6,  0.2,  -6.9,  -8.1,  -5.7,  -1.7,  -2.8,  -8.4,  -11.7,  -11.5,  -6.2,  9.4,  19.8,  30.2,  41.0,  51.3,  53.4,  55.2,  53.1,  50.7,  9.7,  5.9,  5.3,  9.6,  12.4,  12.8,  8.5,  3.4,  3.2,  6.3,  10.1,  10.5,  81.3,  75.3,  72.3,  74.3,  72.5,  75.4,  80.7,  89.0,  92.5,  93.3,  92.5,  88.9,  81.3,  78.7,  79.5,  78.6,  81.0,  82.3,  83.3,  82.4,  390.3,  398.6,  407.3,  412.2,  409.6,  406.9,  401.9,  396.0,  396.2,  403.9,  415.4,  422.8,  423.5,  419.0,  411.5,  403.2,  397.7,  358.0,  348.3,  342.7,  340.5,  340.0,  344.7,  349.9,  356.7,  364.9,  376.1,  342.6,  339.4,  335.9,  332.9,  351.4,  350.1,  349.2,  351.7,  354.5,  353.6,  351.4,  352.3,  354.5,  353.1,  352.8,  360.2,  359.9,  362.8,  367.9,  364.5,  361.8,  372.9,  360.5,  357.5,  358.5,  359.8,  367.7,  379.8,  372.2,  367.5,  365.5,  365.1,  367.3,  370.7,  360.7,  361.4,  363.4,  376.2,  364.6,  362.7,  362.4,  2.365,  0.350,  -0.130,  0.006,  641.645,  471.611,  -20.552,  16.165,  -10.160,  8.127,  -5.630,  0.511,  1.581,  -4.333,  21.132,  -13.390,  -10.027,  -2.440,  -2.503,  -0.382,  -3.806,  5.989,  -3.269,  -1.351,  -1.342,  -7.153,  -1.588,  -4.841,  -1.742,  -0.992,  1.692,  0.553,  -0.725,  0.482,  0.001,  -0.445,  -0.426,  -0.595,  0.382,  -0.002, 0.00, 0.02, 0.00, 0.03, 0.00, 0.00, 0.00, 0.00, 0.00, 0.06, 0.00, 0.17, 0.00, 0.00, 0.32, 0.47, 0.04, 0.00, 0.00, 0.00, 1.00, 0.00, 0.00, 0.00, 0.00, 0.00, 0.00, 0.00, 0.00, 0.00, 0.00, 0.00, 0.00, 0.00, 0.00
96,  0,  3.170,  0.98,  1,  0.195899,  0.281454,  -0.939365,  -0.055030,  0.258554,  -0.964428,  0.074,  0.276,  554.0,  557.7,  568.6,  580.3,  586.0,  583.2,  571.5,  559.7,  539.7,  547.0,  556.8,  568.2,  579.8,  588.6,  594.8,  588.1,  578.7,  567.8,  556.9,  547.2,  564.6,  570.6,  576.1,  578.0,  575.2,  569.2,  563.7,  561.7,  697.1,  701.2,  711.6,  722.1,  726.6,  722.4,  712.0,  700.7,  688.3,  695.7,  705.5,  717.2,  727.8,  735.6,  739.9,  734.3,  726.1,  716.1,  705.7,  695.8,  706.9,  711.6,  716.2,  718.0,  716.0,  711.4,  706.8,  704.9,  381.2,  369.6,  364.0,  367.8,  378.7,  391.3,  395.9,  392.1,  384.3,  378.1,  373.8,  371.8,  373.6,  378.2,  385.3,  388.6,  389.8,  390.4,  389.7,  387.9,  386.6,  388.6,  385.8,  380.0,  374.4,  372.4,  375.2,  381.1,  373.9,  363.2,  358.3,  362.0,  372.3,  383.0,  387.9,  384.8,  381.0,  373.3,  367.9,  365.6,  366.6,  369.4,  374.4,  380.0,  383.7,  385.3,  385.0,  383.8,  377.6,  379.2,  377.0,  372.3,  367.8,  366.1,  368.3,  373.0,  -33.1,  -31.7,  -27.6,  -23.1,  -20.8,  -21.9,  -26.3,  -30.8,  -38.9,  -35.9,  -32.0,  -27.6,  -23.2,  -19.8,  -17.5,  -20.0,  -23.5,  -27.6,  -31.8,  -35.8,  -29.0,  -26.7,  -24.6,  -23.9,  -25.1,  -27.4,  -29.5,  -30.2,  22.1,  23.7,  27.7,  31.8,  33.7,  32.2,  28.1,  23.6,  18.8,  21.5,  25.2,  29.8,  34.1,  37.5,  39.7,  37.2,  33.7,  29.6,  25.5,  21.7,  26.1,  27.9,  29.7,  30.4,  29.6,  27.7,  25.9,  25.2,  8.1,  3.7,  1.6,  3.0,  7.2,  12.0,  13.8,  12.3,  9.4,  7.0,  5.3,  4.5,  5.2,  7.0,  9.8,  11.0,  11.4,  11.6,  11.4,  10.8,  10.3,  11.0,  10.0,  7.7,  5.6,  4.8,  5.9,  8.1,  5.4,  1.2,  -0.7,  0.8,  4.8,  9.0,  10.9,  9.6,  8.2,  5.2,  3.0,  2.1,  2.6,  3.7,  5.7,  7.9,  9.3,  9.9,  9.7,  9.2,  6.8,  7.5,  6.6,  4.8,  3.0,  2.4,  3.2,  5.1,  336.3,  337.4,  338.2,  338.2,  337.4,  336.5,  335.5,  335.5,  339.4,  337.8,  336.2,  335.9,  336.6,  337.7,  338.8,  336.9,  335.1,  334.3,  335.1,  337.1,  337.0,  337.0,  337.4,  338.0,  338.4,  338.4,  338.0,  337.4,  338.9,  338.1,  338.3,  339.4,  340.7,  341.4,  341.2,  340.4,  340.8,  338.6,  337.2,  337.4,  339.8,  343.7,  347.5,  344.9,  342.2,  340.4,  339.9,  340.3,  340.7,  341.2,  341.3,  340.9,  340.4,  339.9,  339.8,  340.1,  1.1,  46.9,  365.7,  0.215,  -0.124,  0.002,  451.1,  453.9,  461.4,  472.6,  496.1,  529.3,  565.2,  606.3,  646.7,  681.3,  710.8,  736.7,  759.5,  775.3,  784.9,  792.5,  795.9,  491.0,  514.7,  549.0,  583.5,  615.9,  675.2,  705.9,  735.0,  763.6,  780.8,  647.7,  650.4,  653.2,  655.9,  616.5,  633.6,  650.5,  667.0,  682.0,  537.7,  557.0,  579.2,  597.2,  579.0,  556.6,  686.3,  704.5,  725.8,  741.7,  727.1,  706.5,  582.9,  609.4,  632.8,  650.3,  669.2,  689.7,  705.8,  690.1,  670.5,  650.5,  631.4,  607.8,  595.0,  632.1,  649.8,  668.9,  696.2,  668.8,  649.7,  631.6,  349.7,  398.1,  446.0,  493.4,  542.5,  585.2,  622.4,  649.7,  655.2,  642.7,  611.4,  574.4,  534.7,  491.2,  445.1,  398.2,  348.4,  360.1,  342.5,  338.9,  345.0,  355.1,  352.6,  338.6,  330.9,  332.0,  345.4,  383.5,  410.4,  437.9,  466.9,  487.3,  493.0,  497.7,  491.6,  484.5,  383.7,  374.3,  372.8,  383.3,  390.3,  391.4,  380.2,  367.8,  367.2,  374.5,  384.0,  385.0,  550.0,  542.8,  537.1,  541.4,  536.4,  539.3,  545.1,  568.1,  578.9,  582.1,  580.5,  570.8,  551.2,  550.9,  552.4,  549.2,  547.6,  556.3,  559.8,  557.8,  -84.4,  -84.9,  -83.2,  -78.8,  -67.3,  -51.4,  -34.4,  -15.2,  3.0,  19.0,  33.6,  46.7,  57.9,  64.8,  68.2,  70.3,  70.9,  -61.1,  -50.0,  -35.7,  -22.0,  -9.4,  13.9,  26.4,  38.7,  51.6,  60.5,  3.0,  4.1,  5.1,  6.0,  -9.4,  -2.5,  4.2,  10.9,  17.0,  -41.4,  -33.4,  -24.5,  -17.4,  -24.7,  -33.7,  19.1,  26.5,  35.6,  42.8,  36.3,  27.5,  -24.3,  -12.6,  -2.9,  4.2,  12.0,  20.9,  28.5,  21.3,  12.8,  4.4,  -3.6,  -13.5,  -19.1,  -3.3,  4.0,  12.0,  24.2,  12.0,  4.0,  -3.5,  -4.6,  17.4,  40.0,  62.9,  85.4,  104.7,  120.5,  131.0,  133.6,  130.4,  119.3,  103.6,  84.6,  62.9,  40.0,  17.6,  -5.3,  0.1,  -7.0,  -8.3,  -5.8,  -1.9,  -2.9,  -8.6,  -11.9,  -11.7,  -6.3,  9.2,  19.5,  29.9,  40.7,  51.2,  53.2,  55.0,  52.9,  50.5,  9.6,  5.8,  5.2,  9.5,  12.2,  12.7,  8.3,  3.2,  3.0,  6.1,  10.0,  10.3,  81.0,  75.3,  72.4,  74.4,  72.6,  75.4,  80.4,  88.5,  91.8,  92.6,  91.9,  88.4,  81.1,  78.7,  79.5,  78.6,  80.7,  81.7,  82.7,  81.8,  390.9,  399.0,  407.4,  412.2,  409.5,  406.7,  401.7,  395.7,  395.9,  403.7,  415.3,  422.8,  423.6,  419.2,  411.7,  403.3,  397.8,  358.6,  348.8,  343.1,  340.8,  340.3,  344.8,  350.1,  356.9,  365.0,  376.2,  342.7,  339.5,  335.9,  332.8,  351.5,  350.1,  349.3,  351.8,  354.6,  354.1,  351.9,  352.8,  355.0,  353.5,  353.2,  360.4,  360.1,  362.9,  368.0,  364.7,  361.9,  373.1,  360.6,  357.7,  358.7,  360.0,  367.8,  379.9,  371.9,  367.0,  365.0,  364.7,  367.2,  370.9,  360.8,  361.5,  363.5,  376.3,  364.2,  362.3,  362.0,  2.365,  0.346,  -0.128,  0.003,  642.238,  471.096,  -19.634,  15.645,  -10.529,  7.608,  -5.908,  1.326,  0.751,  -4.712,  21.140,  -13.259,  -10.401,  -2.539,  -3.064,  -0.856,  -4.296,  6.151,  -3.244,  -1.231,  -1.139,  -7.307,  -1.771,  -5.117,  -2.061,  -1.070,  1.541,  0.589,  -0.873,  0.458,  -0.058,  -0.467,  -0.459,  -0.671,  0.404,  0.035, 0.00, 0.02, 0.00, 0.00, 0.00, 0.00, 0.00, 0.00, 0.00, 0.07, 0.00, 0.21, 0.00, 0.00, 0.19, 0.34, 0.04, 0.00, 0.00, 0.00, 1.00, 0.00, 0.00, 0.00, 0.00, 0.00, 0.00, 0.00, 0.00, 0.00, 0.00, 0.00, 0.00, 0.00, 0.00
97,  0,  3.203,  0.98,  1,  0.195362,  0.280997,  -0.939614,  -0.060391,  0.263634,  -0.962730,  0.071,  0.279,  554.2,  558.0,  568.9,  580.4,  585.8,  582.9,  571.2,  559.7,  539.9,  547.0,  556.7,  568.2,  579.9,  588.7,  595.1,  588.1,  578.5,  567.5,  556.7,  547.2,  564.7,  570.5,  576.0,  578.0,  575.3,  569.4,  563.9,  562.0,  697.3,  701.4,  711.7,  722.2,  726.7,  722.6,  712.2,  700.9,  688.6,  695.9,  705.7,  717.4,  728.0,  736.0,  740.4,  734.8,  726.5,  716.4,  706.0,  696.1,  707.2,  711.8,  716.3,  718.2,  716.2,  711.6,  707.0,  705.2,  379.9,  368.4,  362.9,  366.7,  377.6,  390.0,  394.6,  390.8,  383.1,  377.0,  372.7,  370.6,  372.5,  377.0,  384.0,  387.3,  388.5,  389.2,  388.5,  386.7,  385.3,  387.3,  384.5,  378.7,  373.1,  371.2,  373.9,  379.7,  372.9,  362.3,  357.4,  361.1,  371.2,  381.9,  386.8,  383.7,  379.5,  372.0,  366.8,  364.5,  365.5,  368.1,  372.9,  378.7,  382.4,  384.0,  383.7,  382.4,  376.5,  378.1,  375.9,  371.3,  366.8,  365.2,  367.3,  372.0,  -33.1,  -31.7,  -27.6,  -23.1,  -20.9,  -22.1,  -26.5,  -30.9,  -39.1,  -36.1,  -32.1,  -27.6,  -23.2,  -19.8,  -17.5,  -20.1,  -23.7,  -27.8,  -32.1,  -35.9,  -29.1,  -26.9,  -24.8,  -24.0,  -25.1,  -27.4,  -29.5,  -30.2,  22.2,  23.8,  27.8,  32.0,  33.8,  32.3,  28.2,  23.8,  19.0,  21.7,  25.4,  29.9,  34.3,  37.8,  39.9,  37.4,  33.9,  29.8,  25.7,  21.8,  26.2,  28.1,  29.8,  30.5,  29.7,  27.9,  26.1,  25.4,  7.7,  3.2,  1.1,  2.6,  6.8,  11.6,  13.3,  11.9,  9.0,  6.6,  4.9,  4.1,  4.8,  6.6,  9.3,  10.5,  11.0,  11.2,  11.0,  10.4,  9.8,  10.5,  9.5,  7.2,  5.1,  4.3,  5.4,  7.6,  5.0,  0.9,  -1.0,  0.4,  4.4,  8.6,  10.5,  9.2,  7.6,  4.7,  2.6,  1.7,  2.1,  3.2,  5.1,  7.4,  8.8,  9.4,  9.2,  8.7,  6.4,  7.1,  6.2,  4.4,  2.7,  2.0,  2.9,  4.7,  337.8,  338.6,  339.1,  339.0,  338.4,  337.8,  337.1,  337.2,  341.5,  339.5,  337.6,  336.9,  337.6,  338.7,  339.9,  338.1,  336.5,  335.9,  336.8,  338.9,  338.5,  338.4,  338.7,  339.1,  339.4,  339.5,  339.2,  338.8,  339.6,  338.8,  338.9,  340.0,  341.3,  342.1,  342.0,  341.2,  341.6,  339.3,  337.9,  338.0,  340.4,  344.3,  348.1,  345.5,  342.9,  341.1,  340.5,  341.0,  341.4,  341.9,  342.0,  341.6,  341.0,  340.6,  340.5,  340.9,  1.2,  46.3,  365.9,  0.209,  -0.123,  0.001,  451.6,  454.4,  461.8,  472.8,  495.5,  528.3,  564.3,  606.3,  647.2,  682.1,  711.8,  737.6,  760.3,  775.9,  785.3,  792.9,  796.4,  491.2,  515.1,  549.5,  584.0,  616.6,  675.0,  705.8,  734.9,  763.6,  781.3,  647.7,  650.5,  653.3,  656.0,  616.6,  633.8,  650.7,  667.3,  682.3,  537.8,  556.9,  579.1,  597.2,  579.0,  556.7,  686.6,  704.9,  726.1,  742.0,  727.4,  706.9,  583.3,  610.1,  633.1,  650.5,  669.3,  689.6,  706.1,  690.4,  671.0,  651.0,  632.1,  608.8,  595.3,  632.4,  650.1,  669.1,  696.7,  669.1,  650.1,  632.1,  349.2,  397.5,  445.1,  492.3,  540.9,  583.4,  620.4,  647.9,  653.5,  641.2,  610.5,  573.9,  534.2,  490.3,  443.8,  396.6,  346.6,  358.7,  341.1,  337.7,  343.8,  353.9,  351.2,  337.3,  329.7,  330.8,  344.0,  382.0,  409.0,  436.6,  465.7,  486.0,  491.8,  496.5,  490.4,  483.3,  382.5,  373.1,  371.6,  382.0,  389.1,  390.2,  379.0,  366.6,  365.9,  373.3,  382.7,  383.7,  548.5,  541.6,  536.1,  540.3,  535.4,  538.1,  543.4,  565.3,  575.5,  578.6,  577.0,  568.1,  549.7,  549.6,  551.0,  547.8,  546.0,  553.7,  557.0,  555.1,  -84.4,  -84.8,  -83.0,  -78.8,  -67.6,  -52.0,  -34.7,  -15.2,  3.3,  19.4,  34.1,  47.2,  58.4,  65.3,  68.6,  70.7,  71.3,  -61.2,  -50.0,  -35.6,  -21.9,  -9.1,  13.8,  26.3,  38.7,  51.6,  60.8,  3.0,  4.1,  5.1,  6.1,  -9.4,  -2.5,  4.3,  11.0,  17.2,  -41.5,  -33.5,  -24.6,  -17.4,  -24.7,  -33.7,  19.2,  26.7,  35.8,  43.0,  36.5,  27.7,  -24.2,  -12.3,  -2.8,  4.3,  12.1,  20.9,  28.7,  21.4,  13.0,  4.6,  -3.3,  -13.1,  -19.0,  -3.1,  4.2,  12.1,  24.4,  12.1,  4.2,  -3.3,  -4.8,  17.1,  39.7,  62.3,  84.7,  103.9,  119.5,  130.0,  132.5,  129.5,  118.9,  103.5,  84.5,  62.6,  39.5,  16.9,  -6.1,  -0.5,  -7.5,  -8.8,  -6.3,  -2.4,  -3.5,  -9.1,  -12.4,  -12.2,  -6.9,  8.6,  19.0,  29.4,  40.2,  50.7,  52.8,  54.6,  52.5,  50.0,  9.1,  5.3,  4.7,  8.9,  11.8,  12.2,  7.8,  2.7,  2.5,  5.6,  9.5,  9.8,  80.4,  74.9,  72.1,  74.0,  72.2,  74.9,  79.7,  87.1,  90.2,  91.0,  90.3,  87.2,  80.4,  78.2,  79.0,  78.0,  80.0,  80.5,  81.5,  80.6,  392.0,  399.7,  407.7,  412.3,  409.6,  406.9,  401.6,  395.2,  395.2,  403.2,  415.3,  423.3,  424.5,  420.3,  413.0,  404.5,  399.0,  359.8,  349.9,  344.2,  341.7,  340.9,  345.1,  350.4,  357.2,  365.3,  376.6,  343.3,  340.0,  336.4,  333.2,  351.9,  350.5,  349.6,  352.1,  354.9,  355.1,  352.9,  353.7,  355.8,  354.4,  354.2,  361.0,  360.7,  363.5,  368.6,  365.2,  362.5,  373.2,  361.0,  358.3,  359.2,  360.4,  368.0,  380.0,  371.4,  366.3,  364.3,  364.0,  366.8,  370.9,  361.0,  361.7,  363.6,  376.3,  363.8,  361.9,  361.7,  2.362,  0.339,  -0.128,  0.003,  642.505,  469.622,  -17.196,  13.901,  -11.634,  6.563,  -6.281,  2.802,  0.322,  -4.888,  20.726,  -12.781,  -10.455,  -2.743,  -3.770,  -0.992,  -4.272,  6.064,  -3.276,  -1.076,  -1.620,  -6.889,  -1.705,  -4.530,  -2.225,  -1.295,  1.250,  0.403,  -1.002,  0.519,  -0.069,  -0.427,  -0.412,  -0.687,  0.453,  0.025, 0.00, 0.04, 0.00, 0.00, 0.00, 0.00, 0.00, 0.00, 0.00, 0.05, 0.00, 0.24, 0.00, 0.00, 0.05, 0.23, 0.05, 0.00, 0.00, 0.00, 1.00, 0.00, 0.00, 0.00, 0.00, 0.00, 0.00, 0.00, 0.00, 0.00, 0.00, 0.00, 0.00, 0.00, 0.00
98,  0,  3.237,  0.98,  1,  0.186638,  0.276062,  -0.942845,  -0.058009,  0.256812,  -0.964719,  0.067,  0.272,  554.4,  558.1,  568.8,  580.0,  585.3,  582.4,  571.0,  559.7,  540.4,  546.9,  556.4,  568.0,  579.9,  588.8,  595.3,  588.1,  578.4,  567.4,  556.7,  547.4,  564.7,  570.5,  575.9,  577.8,  575.1,  569.4,  564.0,  562.1,  697.5,  701.7,  712.1,  722.5,  727.0,  722.8,  712.5,  701.2,  688.8,  696.1,  705.8,  717.6,  728.1,  736.0,  740.4,  734.9,  726.7,  716.6,  706.2,  696.2,  707.4,  712.0,  716.6,  718.4,  716.4,  711.8,  707.3,  705.5,  378.2,  366.7,  361.3,  365.1,  375.8,  388.1,  392.8,  389.0,  381.5,  375.3,  371.1,  368.9,  370.8,  375.4,  382.4,  385.5,  386.8,  387.5,  387.0,  385.1,  383.3,  385.2,  382.5,  376.7,  371.2,  369.2,  371.9,  377.8,  371.1,  360.4,  355.5,  359.3,  369.5,  380.2,  385.1,  382.0,  378.0,  370.4,  365.1,  362.7,  363.8,  366.5,  371.5,  377.1,  380.8,  382.4,  382.1,  380.8,  374.7,  376.4,  374.3,  369.6,  365.1,  363.4,  365.6,  370.3,  -33.2,  -31.8,  -27.7,  -23.3,  -21.2,  -22.3,  -26.7,  -31.1,  -39.2,  -36.3,  -32.4,  -27.8,  -23.2,  -19.9,  -17.4,  -20.1,  -23.8,  -28.0,  -32.3,  -36.1,  -29.3,  -27.0,  -24.9,  -24.2,  -25.2,  -27.5,  -29.6,  -30.3,  22.4,  23.9,  27.9,  32.1,  34.0,  32.4,  28.3,  23.9,  19.1,  21.8,  25.5,  30.0,  34.3,  37.8,  40.0,  37.5,  34.0,  29.9,  25.8,  21.9,  26.3,  28.2,  29.9,  30.6,  29.8,  28.0,  26.2,  25.5,  7.1,  2.6,  0.5,  2.0,  6.1,  10.9,  12.7,  11.2,  8.4,  6.0,  4.3,  3.4,  4.2,  6.0,  8.7,  9.9,  10.4,  10.6,  10.5,  9.8,  9.1,  9.8,  8.7,  6.5,  4.3,  3.6,  4.6,  6.9,  4.3,  0.2,  -1.7,  -0.3,  3.7,  7.9,  9.8,  8.6,  7.0,  4.0,  2.0,  1.1,  1.5,  2.6,  4.6,  6.8,  8.2,  8.7,  8.6,  8.1,  5.8,  6.4,  5.6,  3.7,  2.0,  1.3,  2.2,  4.0,  339.6,  339.8,  339.8,  339.6,  339.3,  339.3,  339.0,  339.2,  343.9,  341.4,  339.0,  337.9,  338.5,  339.7,  341.1,  339.6,  338.2,  337.8,  338.9,  341.2,  340.2,  340.1,  340.1,  340.2,  340.4,  340.5,  340.5,  340.3,  339.9,  339.1,  339.3,  340.4,  341.6,  342.3,  342.1,  341.4,  341.8,  339.6,  338.3,  338.4,  340.8,  344.7,  348.4,  345.8,  343.1,  341.3,  340.8,  341.2,  341.7,  342.1,  342.2,  341.9,  341.3,  340.9,  340.8,  341.1,  1.3,  45.6,  366.1,  0.204,  -0.119,  -0.001,  452.2,  455.1,  462.6,  473.5,  496.4,  529.1,  565.1,  606.9,  647.8,  682.7,  712.4,  738.3,  761.1,  776.6,  785.9,  793.5,  797.0,  491.2,  514.9,  549.3,  583.9,  616.5,  675.1,  706.1,  735.4,  764.1,  781.8,  647.6,  650.3,  653.1,  655.8,  616.7,  633.8,  650.6,  667.2,  682.2,  537.9,  557.0,  579.1,  597.2,  579.0,  556.7,  686.8,  705.0,  726.3,  742.2,  727.6,  707.1,  583.6,  610.4,  633.3,  650.7,  669.5,  689.8,  706.4,  690.6,  671.2,  651.3,  632.5,  609.1,  595.6,  632.7,  650.2,  669.3,  697.0,  669.2,  650.4,  632.4,  348.6,  396.7,  444.1,  491.1,  539.7,  582.2,  619.3,  646.8,  652.3,  639.9,  609.2,  572.7,  533.1,  489.3,  442.8,  395.7,  345.8,  357.1,  339.4,  335.9,  341.9,  351.8,  349.2,  335.3,  327.9,  329.3,  342.7,  380.2,  407.0,  434.4,  463.3,  484.3,  489.9,  494.6,  488.5,  481.5,  380.9,  371.4,  369.9,  380.3,  387.4,  388.6,  377.3,  364.9,  364.3,  371.7,  381.1,  382.1,  547.2,  540.3,  534.8,  538.9,  534.0,  536.7,  541.9,  563.5,  573.6,  576.8,  575.3,  566.4,  548.3,  548.2,  549.6,  546.3,  544.4,  551.9,  555.3,  553.4,  -84.3,  -84.6,  -82.8,  -78.5,  -67.3,  -51.5,  -34.4,  -14.9,  3.5,  19.7,  34.4,  47.5,  58.7,  65.6,  68.9,  71.0,  71.7,  -61.4,  -50.1,  -35.7,  -22.0,  -9.2,  13.9,  26.5,  39.0,  51.9,  61.1,  3.0,  4.0,  5.0,  6.0,  -9.4,  -2.5,  4.3,  11.0,  17.1,  -41.5,  -33.6,  -24.7,  -17.5,  -24.7,  -33.8,  19.3,  26.8,  35.9,  43.1,  36.6,  27.8,  -24.1,  -12.2,  -2.8,  4.4,  12.1,  21.0,  28.9,  21.5,  13.1,  4.7,  -3.1,  -12.9,  -18.8,  -3.0,  4.2,  12.2,  24.5,  12.2,  4.3,  -3.1,  -5.1,  16.8,  39.3,  61.9,  84.1,  103.3,  119.0,  129.5,  132.0,  128.9,  118.2,  102.8,  83.9,  62.1,  39.1,  16.5,  -6.5,  -1.2,  -8.2,  -9.5,  -7.1,  -3.2,  -4.3,  -9.9,  -13.1,  -12.8,  -7.4,  7.9,  18.3,  28.6,  39.3,  50.0,  52.1,  53.8,  51.8,  49.3,  8.5,  4.6,  4.0,  8.3,  11.1,  11.6,  7.1,  2.0,  1.8,  4.9,  8.8,  9.2,  79.9,  74.4,  71.6,  73.5,  71.7,  74.3,  79.0,  86.4,  89.5,  90.3,  89.6,  86.6,  79.9,  77.7,  78.4,  77.5,  79.3,  79.8,  80.8,  80.0,  393.0,  400.6,  408.4,  412.7,  409.7,  406.8,  401.5,  395.1,  395.1,  403.0,  415.0,  422.8,  424.1,  420.0,  412.9,  404.8,  399.5,  360.8,  350.8,  344.9,  342.3,  341.4,  345.6,  351.0,  357.9,  366.1,  377.4,  343.8,  340.3,  336.6,  333.3,  352.2,  350.8,  349.9,  352.4,  355.2,  355.9,  353.7,  354.5,  356.6,  355.1,  355.0,  361.5,  361.3,  364.1,  369.2,  365.8,  363.1,  373.5,  361.2,  358.5,  359.5,  360.7,  368.2,  380.2,  371.6,  366.5,  364.5,  364.2,  367.0,  371.2,  361.3,  362.0,  363.8,  376.4,  364.0,  362.1,  361.9,  2.360,  0.332,  -0.124,  0.001,  642.779,  468.091,  -17.534,  14.036,  -11.660,  6.671,  -5.493,  2.553,  -0.239,  -5.108,  21.275,  -12.453,  -10.747,  -2.778,  -4.174,  -1.273,  -4.099,  5.964,  -3.680,  -0.981,  -1.305,  -7.060,  -1.710,  -4.669,  -2.326,  -1.299,  1.217,  0.391,  -0.914,  0.438,  -0.087,  -0.420,  -0.433,  -0.707,  0.455,  0.007, 0.00, 0.04, 0.00, 0.00, 0.00, 0.00, 0.00, 0.00, 0.00, 0.11, 0.00, 0.24, 0.00, 0.00, 0.03, 0.10, 0.01, 0.00, 0.00, 0.00, 1.00, 0.00, 0.00, 0.00, 0.00, 0.00, 0.00, 0.00, 0.00, 0.00, 0.00, 0.00, 0.00, 0.00, 0.00
99,  0,  3.270,  0.98,  1,  0.168727,  0.270612,  -0.947787,  -0.053632,  0.257289,  -0.964845,  0.060,  0.269,  554.4,  558.1,  568.6,  579.8,  585.1,  582.3,  570.9,  559.7,  540.6,  547.2,  556.7,  568.4,  580.3,  589.1,  595.4,  588.4,  578.8,  568.0,  557.2,  547.9,  564.6,  570.3,  575.8,  577.7,  575.0,  569.3,  563.8,  561.9,  698.0,  702.2,  712.5,  722.9,  727.4,  723.2,  712.9,  701.7,  689.0,  696.3,  706.0,  717.8,  728.5,  736.4,  740.8,  735.1,  726.8,  716.7,  706.3,  696.5,  707.9,  712.5,  717.0,  718.8,  716.9,  712.3,  707.7,  705.9,  376.5,  365.1,  359.6,  363.4,  374.1,  386.3,  390.9,  387.2,  379.8,  373.6,  369.3,  367.1,  368.9,  373.6,  380.7,  383.8,  385.2,  386.0,  385.4,  383.5,  381.5,  383.5,  380.7,  374.9,  369.3,  367.4,  370.1,  376.0,  369.8,  359.2,  354.3,  358.0,  368.1,  378.7,  383.6,  380.5,  376.6,  369.0,  363.6,  361.3,  362.4,  365.1,  369.9,  375.6,  379.3,  380.9,  380.6,  379.3,  373.3,  374.9,  372.7,  368.1,  363.6,  362.0,  364.2,  368.9,  -33.4,  -31.9,  -27.8,  -23.5,  -21.4,  -22.5,  -26.9,  -31.3,  -39.2,  -36.3,  -32.4,  -27.7,  -23.2,  -19.9,  -17.5,  -20.1,  -23.8,  -27.9,  -32.2,  -36.1,  -29.4,  -27.2,  -25.1,  -24.3,  -25.4,  -27.6,  -29.7,  -30.5,  22.6,  24.1,  28.1,  32.3,  34.1,  32.6,  28.6,  24.1,  19.2,  21.9,  25.5,  30.1,  34.5,  38.0,  40.2,  37.6,  34.1,  29.9,  25.8,  22.0,  26.5,  28.4,  30.2,  30.8,  30.0,  28.2,  26.4,  25.7,  6.4,  2.0,  -0.1,  1.3,  5.5,  10.2,  12.0,  10.6,  7.8,  5.3,  3.6,  2.8,  3.5,  5.3,  8.1,  9.3,  9.8,  10.1,  9.9,  9.2,  8.4,  9.2,  8.1,  5.8,  3.6,  2.9,  4.0,  6.2,  3.8,  -0.3,  -2.2,  -0.8,  3.1,  7.3,  9.2,  8.0,  6.5,  3.5,  1.4,  0.5,  0.9,  2.0,  4.0,  6.2,  7.6,  8.2,  8.0,  7.5,  5.2,  5.8,  5.0,  3.2,  1.4,  0.8,  1.6,  3.5,  340.9,  341.0,  341.0,  340.9,  340.7,  340.9,  340.6,  340.7,  345.1,  342.6,  340.2,  339.2,  339.9,  341.2,  342.8,  341.2,  339.8,  339.4,  340.3,  342.5,  341.6,  341.5,  341.5,  341.6,  341.7,  341.8,  341.8,  341.7,  340.2,  339.3,  339.4,  340.5,  341.8,  342.7,  342.6,  341.9,  342.2,  339.9,  338.4,  338.4,  340.9,  344.8,  348.6,  346.0,  343.4,  341.6,  341.1,  341.6,  342.0,  342.5,  342.5,  342.1,  341.5,  341.1,  341.0,  341.4,  1.5,  45.1,  366.0,  0.199,  -0.115,  -0.002,  453.0,  455.9,  463.3,  474.3,  496.9,  529.5,  565.6,  607.6,  648.6,  683.6,  713.4,  739.2,  761.9,  777.4,  786.6,  794.1,  797.7,  491.7,  515.2,  549.5,  584.0,  616.5,  675.1,  706.1,  735.4,  764.2,  782.0,  647.5,  650.2,  653.0,  655.6,  617.0,  634.0,  650.7,  667.3,  682.2,  538.3,  557.3,  579.4,  597.5,  579.4,  557.1,  687.0,  705.2,  726.5,  742.4,  727.8,  707.3,  584.3,  611.0,  633.7,  651.0,  669.6,  690.1,  706.9,  691.0,  671.6,  651.9,  633.2,  609.9,  596.2,  633.2,  650.6,  669.5,  697.4,  669.5,  650.8,  633.0,  347.6,  395.6,  443.0,  490.0,  538.4,  581.0,  618.3,  645.9,  651.5,  639.2,  608.9,  572.7,  533.1,  489.3,  442.6,  395.3,  345.2,  355.4,  337.6,  334.0,  340.0,  350.0,  347.5,  333.6,  326.3,  327.8,  341.4,  378.4,  405.2,  432.5,  461.4,  482.7,  488.3,  492.9,  486.9,  479.9,  379.3,  369.7,  368.2,  378.6,  385.8,  387.0,  375.8,  363.4,  362.8,  370.3,  379.7,  380.7,  545.8,  539.0,  533.5,  537.6,  532.7,  535.4,  540.5,  562.2,  572.2,  575.4,  573.9,  565.2,  547.0,  546.8,  548.2,  544.9,  543.1,  550.7,  554.1,  552.2,  -84.1,  -84.4,  -82.5,  -78.2,  -67.0,  -51.3,  -34.1,  -14.6,  3.9,  20.0,  34.8,  47.9,  59.1,  65.9,  69.2,  71.3,  72.0,  -61.2,  -50.1,  -35.7,  -21.9,  -9.2,  13.9,  26.5,  39.0,  51.9,  61.2,  2.9,  4.0,  5.0,  5.9,  -9.2,  -2.4,  4.3,  11.0,  17.1,  -41.4,  -33.5,  -24.6,  -17.4,  -24.6,  -33.7,  19.4,  26.9,  36.0,  43.2,  36.7,  27.9,  -23.8,  -12.0,  -2.6,  4.5,  12.2,  21.1,  29.0,  21.6,  13.2,  4.9,  -2.8,  -12.6,  -18.6,  -2.8,  4.4,  12.3,  24.7,  12.3,  4.5,  -2.9,  -5.6,  16.3,  38.8,  61.3,  83.5,  102.7,  118.4,  128.9,  131.4,  128.4,  117.9,  102.7,  83.8,  62.0,  39.0,  16.3,  -6.8,  -1.9,  -9.0,  -10.3,  -7.8,  -3.9,  -4.9,  -10.6,  -13.8,  -13.5,  -8.0,  7.2,  17.6,  27.9,  38.6,  49.4,  51.4,  53.1,  51.1,  48.7,  7.9,  3.9,  3.3,  7.6,  10.5,  10.9,  6.5,  1.4,  1.1,  4.3,  8.2,  8.6,  79.3,  73.9,  71.1,  72.9,  71.2,  73.7,  78.4,  85.8,  88.8,  89.6,  89.0,  86.0,  79.3,  77.1,  77.8,  76.8,  78.7,  79.3,  80.3,  79.5,  393.6,  401.0,  408.5,  412.7,  409.6,  406.5,  401.0,  394.5,  394.5,  402.5,  414.6,  422.5,  423.9,  419.9,  412.9,  404.7,  399.4,  361.3,  351.3,  345.4,  342.7,  341.7,  345.7,  351.0,  357.8,  365.8,  377.0,  343.9,  340.4,  336.5,  333.2,  352.1,  350.7,  349.8,  352.2,  355.0,  356.4,  354.2,  354.9,  357.0,  355.5,  355.4,  361.6,  361.3,  364.1,  369.1,  365.8,  363.1,  373.3,  361.1,  358.5,  359.4,  360.5,  368.0,  379.8,  371.1,  366.1,  364.1,  363.9,  366.7,  371.1,  361.1,  361.8,  363.6,  376.1,  363.7,  361.9,  361.7,  2.360,  0.326,  -0.121,  -0.000,  643.167,  466.782,  -17.631,  13.466,  -11.881,  6.798,  -5.704,  2.877,  0.160,  -4.551,  21.365,  -12.330,  -11.013,  -3.136,  -4.498,  -1.711,  -4.213,  5.783,  -3.643,  -0.815,  -1.443,  -6.816,  -1.558,  -4.643,  -2.537,  -1.279,  1.209,  0.396,  -0.863,  0.414,  -0.035,  -0.384,  -0.446,  -0.700,  0.509,  -0.004, 0.00, 0.13, 0.00, 0.00, 0.00, 0.00, 0.00, 0.00, 0.00, 0.07, 0.00, 0.25, 0.00, 0.00, 0.00, 0.03, 0.02, 0.00, 0.00, 0.00, 1.00, 0.00, 0.00, 0.00, 0.00, 0.00, 0.00, 0.00, 0.00, 0.00, 0.00, 0.00, 0.00, 0.00, 0.00
100,  0,  3.303,  0.98,  1,  0.163961,  0.269212,  -0.949021,  -0.054851,  0.256199,  -0.965066,  0.057,  0.268,  555.0,  558.8,  569.3,  580.5,  585.8,  582.9,  571.5,  560.3,  541.7,  548.0,  557.3,  569.0,  580.9,  589.9,  596.5,  589.2,  579.4,  568.5,  557.8,  548.7,  565.3,  571.1,  576.5,  578.5,  575.8,  570.0,  564.6,  562.6,  698.7,  702.7,  713.0,  723.5,  728.0,  723.9,  713.7,  702.4,  689.7,  697.0,  706.6,  718.3,  729.0,  737.1,  741.6,  735.9,  727.6,  717.4,  707.0,  697.1,  708.6,  713.2,  717.7,  719.5,  717.5,  712.9,  708.4,  706.6,  375.8,  364.4,  359.0,  362.7,  373.5,  385.7,  390.3,  386.6,  379.0,  372.8,  368.5,  366.3,  368.2,  372.9,  379.9,  383.1,  384.4,  385.2,  384.6,  382.7,  380.9,  382.9,  380.1,  374.2,  368.7,  366.7,  369.5,  375.4,  369.3,  358.6,  353.7,  357.3,  367.5,  378.1,  383.1,  380.0,  375.8,  368.2,  362.9,  360.6,  361.7,  364.5,  369.4,  375.0,  378.7,  380.2,  379.9,  378.6,  372.8,  374.4,  372.2,  367.5,  363.1,  361.5,  363.6,  368.3,  -33.0,  -31.6,  -27.5,  -23.1,  -21.0,  -22.1,  -26.6,  -30.9,  -38.7,  -35.9,  -32.1,  -27.4,  -22.9,  -19.5,  -17.0,  -19.7,  -23.4,  -27.6,  -31.9,  -35.7,  -29.1,  -26.8,  -24.7,  -23.9,  -25.0,  -27.2,  -29.4,  -30.1,  22.9,  24.4,  28.4,  32.6,  34.5,  33.0,  28.9,  24.5,  19.5,  22.2,  25.9,  30.4,  34.8,  38.4,  40.6,  38.0,  34.5,  30.3,  26.2,  22.4,  26.9,  28.7,  30.5,  31.2,  30.4,  28.5,  26.7,  26.1,  6.2,  1.7,  -0.4,  1.1,  5.2,  10.0,  11.8,  10.3,  7.5,  5.0,  3.3,  2.4,  3.2,  5.0,  7.8,  9.0,  9.5,  9.7,  9.6,  8.9,  8.1,  8.9,  7.8,  5.5,  3.4,  2.6,  3.7,  6.0,  3.6,  -0.5,  -2.5,  -1.0,  2.9,  7.1,  9.1,  7.8,  6.2,  3.2,  1.1,  0.2,  0.7,  1.8,  3.7,  6.0,  7.3,  7.9,  7.8,  7.3,  5.0,  5.7,  4.8,  3.0,  1.2,  0.6,  1.4,  3.3,  340.0,  340.0,  339.8,  339.5,  339.2,  339.4,  339.4,  339.7,  344.5,  341.9,  339.3,  338.1,  338.5,  339.7,  341.2,  339.7,  338.4,  338.2,  339.4,  341.7,  340.5,  340.3,  340.2,  340.3,  340.4,  340.6,  340.7,  340.7,  341.4,  340.6,  340.7,  341.7,  343.0,  343.8,  343.6,  343.0,  343.4,  341.1,  339.7,  339.7,  342.1,  345.9,  349.6,  347.1,  344.4,  342.7,  342.2,  342.8,  343.2,  343.6,  343.7,  343.3,  342.7,  342.3,  342.3,  342.6,  1.9,  44.7,  365.8,  0.188,  -0.114,  -0.003,  453.9,  456.8,  464.2,  475.0,  497.5,  530.2,  566.5,  608.9,  650.1,  685.0,  714.7,  740.4,  763.1,  778.4,  787.5,  794.9,  798.4,  492.3,  515.8,  550.1,  584.5,  617.0,  676.0,  707.0,  736.2,  764.9,  782.8,  648.1,  650.9,  653.7,  656.4,  617.8,  634.9,  651.7,  668.2,  683.2,  539.1,  558.0,  580.2,  598.2,  580.1,  557.8,  687.7,  705.8,  727.1,  743.1,  728.5,  708.1,  585.4,  612.3,  634.9,  652.2,  670.8,  691.1,  708.0,  692.2,  673.1,  653.4,  634.8,  611.5,  597.3,  634.5,  651.9,  670.8,  698.6,  670.9,  652.1,  634.4,  347.0,  395.2,  442.9,  490.1,  538.6,  581.3,  618.3,  645.9,  651.4,  639.3,  609.4,  573.5,  533.9,  489.8,  442.7,  395.0,  344.6,  354.7,  336.7,  333.1,  339.1,  348.9,  346.5,  332.8,  325.6,  327.2,  340.9,  377.4,  404.1,  431.4,  460.3,  481.9,  487.5,  492.1,  486.0,  479.0,  378.6,  368.9,  367.4,  377.9,  385.1,  386.2,  375.1,  362.6,  362.0,  369.6,  379.0,  380.0,  545.2,  538.4,  532.9,  536.9,  532.0,  534.6,  539.5,  560.5,  570.3,  573.4,  572.1,  563.8,  546.3,  546.0,  547.3,  544.0,  542.1,  549.1,  552.5,  550.7,  -83.8,  -84.0,  -82.1,  -77.8,  -66.7,  -51.0,  -33.7,  -14.0,  4.5,  20.7,  35.3,  48.5,  59.6,  66.5,  69.7,  71.7,  72.4,  -61.1,  -50.0,  -35.6,  -21.8,  -9.0,  14.2,  26.9,  39.4,  52.3,  61.6,  3.2,  4.3,  5.3,  6.3,  -8.9,  -2.0,  4.7,  11.4,  17.5,  -41.2,  -33.2,  -24.3,  -17.1,  -24.4,  -33.4,  19.7,  27.2,  36.3,  43.5,  37.0,  28.3,  -23.3,  -11.4,  -2.1,  5.0,  12.7,  21.5,  29.5,  22.1,  13.8,  5.5,  -2.2,  -11.9,  -18.1,  -2.3,  4.9,  12.8,  25.2,  12.8,  5.0,  -2.3,  -5.9,  16.1,  38.7,  61.4,  83.6,  102.7,  118.2,  128.6,  131.1,  128.2,  118.0,  103.0,  84.3,  62.3,  39.0,  16.2,  -7.0,  -2.2,  -9.4,  -10.6,  -8.2,  -4.3,  -5.3,  -10.9,  -14.1,  -13.7,  -8.2,  6.9,  17.2,  27.5,  38.2,  49.0,  51.1,  52.8,  50.7,  48.3,  7.6,  3.6,  3.0,  7.3,  10.2,  10.7,  6.2,  1.1,  0.8,  4.1,  7.9,  8.3,  78.9,  73.5,  70.8,  72.6,  70.8,  73.4,  77.9,  84.9,  87.7,  88.6,  88.0,  85.2,  78.9,  76.7,  77.4,  76.4,  78.2,  78.5,  79.4,  78.7,  394.2,  401.4,  408.7,  412.7,  409.4,  406.2,  400.5,  393.7,  393.6,  401.7,  414.1,  422.3,  424.0,  420.2,  413.2,  405.1,  399.9,  362.0,  351.9,  346.0,  343.2,  342.1,  346.0,  351.4,  358.3,  366.3,  377.6,  344.3,  340.6,  336.6,  333.1,  352.0,  350.5,  349.5,  352.0,  354.9,  356.8,  354.6,  355.3,  357.4,  355.9,  355.8,  362.0,  361.8,  364.6,  369.6,  366.1,  363.4,  372.9,  360.7,  358.3,  359.2,  360.3,  367.7,  379.5,  370.4,  365.1,  363.1,  362.9,  365.8,  370.6,  360.7,  361.3,  363.2,  375.7,  363.0,  361.1,  361.0,  2.361,  0.315,  -0.121,  -0.001,  644.134,  466.090,  -16.199,  13.253,  -12.214,  6.443,  -6.337,  3.826,  -0.130,  -4.371,  21.223,  -12.778,  -11.484,  -2.949,  -4.815,  -1.848,  -3.961,  5.822,  -3.957,  -0.908,  -1.622,  -6.635,  -1.531,  -4.463,  -2.889,  -1.354,  1.184,  0.266,  -0.927,  0.461,  -0.006,  -0.351,  -0.344,  -0.761,  0.481,  0.016, 0.00, 0.09, 0.00, 0.00, 0.00, 0.00, 0.00, 0.00, 0.00, 0.07, 0.00, 0.28, 0.00, 0.04, 0.00, 0.00, 0.00, 0.00, 0.00, 0.00, 1.00, 0.00, 0.00, 0.00, 0.00, 0.00, 0.00, 0.00, 0.00, 0.00, 0.00, 0.00, 0.00, 0.00, 0.00
101,  0,  3.337,  0.98,  1,  0.167753,  0.268469,  -0.948569,  -0.057582,  0.253264,  -0.965682,  0.057,  0.266,  556.4,  560.0,  570.5,  581.6,  586.9,  584.2,  572.8,  561.7,  543.0,  549.0,  558.1,  569.6,  581.7,  590.9,  597.8,  590.3,  580.4,  569.5,  558.8,  549.9,  566.6,  572.4,  577.9,  579.8,  577.1,  571.3,  565.8,  563.9,  699.6,  703.6,  713.9,  724.3,  728.9,  724.9,  714.7,  703.4,  690.9,  698.0,  707.5,  719.1,  729.7,  737.9,  742.7,  736.9,  728.6,  718.4,  708.0,  698.2,  709.6,  714.2,  718.7,  720.4,  718.4,  713.8,  709.3,  707.6,  375.9,  364.5,  359.1,  362.8,  373.5,  385.7,  390.4,  386.6,  379.0,  373.0,  368.7,  366.4,  368.2,  372.9,  379.9,  383.0,  384.4,  385.2,  384.8,  382.8,  381.0,  383.0,  380.2,  374.2,  368.6,  366.6,  369.4,  375.3,  369.2,  358.5,  353.6,  357.3,  367.5,  378.2,  383.1,  380.0,  375.8,  368.3,  363.0,  360.7,  361.8,  364.5,  369.4,  374.9,  378.5,  380.1,  379.8,  378.6,  372.8,  374.5,  372.3,  367.6,  363.2,  361.5,  363.7,  368.4,  -32.3,  -30.9,  -26.8,  -22.5,  -20.5,  -21.5,  -25.9,  -30.3,  -38.0,  -35.4,  -31.6,  -27.0,  -22.4,  -18.9,  -16.3,  -19.2,  -22.9,  -27.1,  -31.4,  -35.1,  -28.4,  -26.2,  -24.0,  -23.3,  -24.3,  -26.6,  -28.7,  -29.5,  23.4,  25.0,  29.0,  33.2,  35.1,  33.6,  29.5,  25.0,  20.1,  22.8,  26.4,  31.0,  35.3,  39.0,  41.3,  38.7,  35.1,  30.9,  26.8,  23.0,  27.5,  29.4,  31.1,  31.8,  31.0,  29.1,  27.3,  26.7,  6.2,  1.7,  -0.4,  1.1,  5.2,  9.9,  11.7,  10.3,  7.5,  5.0,  3.3,  2.5,  3.2,  5.0,  7.7,  8.9,  9.4,  9.7,  9.6,  8.9,  8.1,  8.9,  7.8,  5.5,  3.3,  2.5,  3.6,  5.9,  3.6,  -0.6,  -2.5,  -1.0,  3.0,  7.2,  9.2,  7.9,  6.3,  3.3,  1.2,  0.3,  0.7,  1.8,  3.8,  6.0,  7.3,  7.9,  7.8,  7.3,  5.1,  5.7,  4.9,  3.0,  1.2,  0.6,  1.5,  3.3,  338.4,  338.2,  337.8,  337.4,  337.2,  337.6,  337.8,  338.2,  343.4,  340.5,  337.7,  336.2,  336.4,  337.5,  339.0,  337.7,  336.6,  336.6,  337.9,  340.4,  338.8,  338.6,  338.4,  338.3,  338.4,  338.6,  338.9,  338.9,  344.2,  343.5,  343.6,  344.5,  345.6,  346.3,  346.2,  345.6,  346.1,  343.9,  342.5,  342.5,  344.8,  348.4,  352.0,  349.5,  346.8,  345.2,  344.8,  345.4,  345.9,  346.2,  346.3,  346.0,  345.5,  345.1,  345.1,  345.4,  2.2,  44.7,  366.0,  0.183,  -0.113,  -0.001,  455.3,  458.0,  465.0,  475.3,  497.1,  529.5,  566.2,  609.7,  651.3,  686.1,  715.5,  741.0,  763.7,  779.2,  788.4,  795.9,  799.7,  493.6,  517.2,  551.5,  585.9,  618.4,  676.7,  707.7,  737.0,  765.8,  784.1,  648.9,  651.9,  654.8,  657.6,  619.0,  636.1,  652.8,  669.2,  684.1,  540.2,  559.0,  581.1,  599.2,  581.1,  559.0,  688.7,  706.8,  728.0,  744.0,  729.5,  709.1,  586.1,  613.5,  635.9,  653.0,  671.5,  691.8,  709.1,  693.1,  674.0,  654.5,  636.1,  612.9,  598.1,  635.5,  652.7,  671.4,  699.7,  671.5,  653.1,  635.5,  347.1,  394.8,  441.9,  488.8,  537.3,  580.4,  618.1,  646.3,  652.0,  640.1,  610.8,  575.4,  536.0,  491.7,  443.9,  395.8,  344.9,  354.6,  336.5,  333.1,  339.1,  348.9,  346.4,  332.7,  325.7,  327.4,  341.1,  377.3,  403.9,  431.3,  460.3,  481.8,  487.5,  492.1,  486.0,  479.0,  378.7,  369.0,  367.5,  377.8,  385.1,  386.3,  375.1,  362.6,  362.1,  369.6,  379.0,  380.0,  544.9,  538.5,  533.2,  537.1,  532.3,  534.7,  539.3,  560.0,  569.2,  572.2,  570.9,  563.1,  546.1,  546.0,  547.3,  544.0,  541.9,  548.3,  551.6,  549.8,  -83.2,  -83.5,  -81.7,  -77.6,  -66.8,  -51.3,  -33.7,  -13.6,  5.1,  21.1,  35.7,  48.8,  60.1,  67.0,  70.3,  72.3,  73.1,  -60.6,  -49.5,  -35.0,  -21.3,  -8.5,  14.5,  27.2,  39.7,  52.7,  62.2,  3.5,  4.6,  5.7,  6.7,  -8.4,  -1.6,  5.1,  11.7,  17.9,  -40.8,  -32.9,  -24.0,  -16.7,  -24.0,  -33.0,  20.2,  27.7,  36.7,  44.0,  37.5,  28.7,  -23.0,  -11.0,  -1.7,  5.4,  13.0,  21.8,  30.0,  22.5,  14.2,  6.0,  -1.6,  -11.3,  -17.8,  -1.9,  5.3,  13.0,  25.6,  13.1,  5.4,  -1.9,  -5.8,  16.0,  38.2,  60.7,  82.9,  102.2,  118.0,  128.6,  131.2,  128.5,  118.7,  104.1,  85.4,  63.4,  39.8,  16.6,  -6.9,  -2.2,  -9.4,  -10.7,  -8.2,  -4.4,  -5.4,  -11.0,  -14.1,  -13.7,  -8.2,  6.8,  17.1,  27.5,  38.2,  49.1,  51.1,  52.8,  50.7,  48.3,  7.6,  3.6,  3.0,  7.3,  10.2,  10.7,  6.3,  1.1,  0.9,  4.1,  7.9,  8.3,  78.8,  73.6,  71.0,  72.8,  71.0,  73.5,  77.8,  84.6,  87.2,  88.0,  87.4,  84.9,  78.8,  76.7,  77.4,  76.4,  78.1,  78.1,  79.0,  78.3,  394.3,  401.2,  408.3,  412.2,  409.0,  405.7,  399.9,  393.0,  393.1,  401.4,  414.2,  422.7,  424.8,  421.3,  414.4,  405.8,  400.2,  362.5,  352.5,  346.6,  343.8,  342.7,  346.2,  351.5,  358.3,  366.4,  377.6,  344.7,  341.0,  337.0,  333.5,  352.4,  351.0,  349.9,  352.4,  355.3,  357.4,  355.3,  356.0,  358.0,  356.5,  356.5,  362.3,  362.1,  364.9,  369.8,  366.5,  363.8,  373.0,  361.0,  358.7,  359.6,  360.7,  368.0,  379.7,  370.1,  364.7,  362.7,  362.5,  365.6,  370.7,  360.9,  361.6,  363.4,  375.7,  362.8,  360.9,  360.8,  2.359,  0.311,  -0.123,  0.002,  645.055,  466.075,  -15.585,  11.209,  -13.152,  5.607,  -7.316,  5.178,  -0.092,  -3.681,  21.272,  -12.797,  -12.225,  -3.630,  -5.737,  -2.229,  -4.086,  6.084,  -4.167,  -0.369,  -1.894,  -6.150,  -1.813,  -4.419,  -2.876,  -1.310,  0.575,  0.183,  -0.719,  0.476,  0.022,  -0.322,  -0.251,  -0.783,  0.512,  -0.045, 0.00, 0.09, 0.00, 0.00, 0.00, 0.00, 0.00, 0.00, 0.00, 0.00, 0.00, 0.40, 0.00, 0.14, 0.00, 0.00, 0.00, 0.00, 0.00, 0.00, 1.00, 0.00, 0.00, 0.00, 0.00, 0.00, 0.00, 0.00, 0.00, 0.00, 0.00, 0.00, 0.00, 0.00, 0.00
102,  0,  3.370,  0.98,  1,  0.153294,  0.249231,  -0.956235,  -0.056253,  0.245443,  -0.967777,  0.050,  0.252,  557.3,  560.9,  571.3,  582.3,  587.6,  584.8,  573.6,  562.6,  543.9,  550.0,  559.4,  571.2,  583.3,  592.2,  598.8,  591.6,  581.8,  570.9,  560.1,  550.9,  567.7,  573.2,  578.3,  580.1,  577.5,  572.1,  566.9,  565.1,  700.8,  704.8,  715.0,  725.6,  730.3,  726.3,  716.0,  704.7,  692.0,  699.4,  709.1,  720.5,  730.9,  739.0,  743.9,  738.1,  729.7,  719.5,  709.1,  699.3,  710.8,  715.5,  720.0,  721.7,  719.7,  715.0,  710.5,  708.8,  376.1,  364.7,  359.4,  363.1,  373.7,  385.7,  390.4,  386.7,  379.4,  373.5,  369.3,  367.1,  368.9,  373.5,  380.5,  383.5,  384.9,  385.7,  385.2,  383.2,  380.7,  382.6,  379.9,  374.3,  369.0,  367.2,  369.8,  375.4,  370.0,  359.1,  354.1,  357.8,  368.1,  378.9,  384.0,  380.9,  376.6,  369.1,  363.6,  361.3,  362.4,  365.3,  370.1,  375.6,  379.2,  380.6,  380.4,  379.3,  373.6,  375.3,  373.1,  368.3,  363.8,  362.2,  364.4,  369.1,  -32.2,  -30.8,  -26.7,  -22.4,  -20.4,  -21.5,  -25.9,  -30.2,  -38.0,  -35.3,  -31.3,  -26.6,  -22.0,  -18.6,  -16.1,  -18.9,  -22.6,  -26.8,  -31.1,  -34.9,  -28.2,  -26.1,  -24.1,  -23.4,  -24.4,  -26.5,  -28.5,  -29.3,  23.9,  25.4,  29.4,  33.7,  35.6,  34.1,  30.0,  25.5,  20.5,  23.3,  27.0,  31.5,  35.8,  39.4,  41.7,  39.1,  35.5,  31.3,  27.2,  23.4,  27.9,  29.8,  31.6,  32.3,  31.4,  29.5,  27.8,  27.1,  6.3,  1.8,  -0.3,  1.2,  5.3,  10.0,  11.8,  10.4,  7.7,  5.3,  3.6,  2.8,  3.5,  5.3,  8.0,  9.1,  9.7,  10.0,  9.8,  9.1,  8.1,  8.8,  7.8,  5.6,  3.5,  2.8,  3.8,  6.0,  3.9,  -0.3,  -2.3,  -0.8,  3.2,  7.5,  9.5,  8.2,  6.6,  3.6,  1.4,  0.5,  1.0,  2.1,  4.1,  6.2,  7.6,  8.1,  8.0,  7.6,  5.4,  6.0,  5.2,  3.3,  1.5,  0.9,  1.7,  3.6,  341.1,  340.8,  340.5,  340.3,  340.3,  340.8,  340.8,  341.1,  345.7,  342.9,  340.2,  338.8,  339.3,  340.7,  342.4,  341.0,  339.7,  339.5,  340.7,  343.0,  341.7,  341.6,  341.4,  341.3,  341.3,  341.4,  341.6,  341.7,  343.5,  342.9,  343.1,  344.0,  345.0,  345.6,  345.4,  344.8,  345.4,  343.2,  341.9,  342.0,  344.2,  347.9,  351.5,  348.8,  346.1,  344.4,  344.0,  344.6,  345.2,  345.6,  345.7,  345.4,  345.0,  344.6,  344.5,  344.7,  2.8,  44.9,  366.4,  0.174,  -0.115,  0.001,  456.3,  459.1,  466.2,  476.4,  498.2,  530.5,  567.1,  610.6,  652.2,  687.0,  716.3,  741.6,  764.3,  779.9,  789.0,  796.7,  800.6,  494.8,  518.6,  553.0,  587.3,  619.7,  678.1,  709.1,  738.3,  767.0,  785.3,  650.1,  653.1,  656.0,  658.8,  619.9,  637.2,  654.1,  670.6,  685.6,  541.4,  560.2,  582.3,  600.5,  582.4,  560.2,  689.9,  708.0,  729.2,  745.3,  730.7,  710.4,  586.7,  614.5,  636.9,  654.4,  673.4,  693.8,  711.2,  695.3,  676.3,  656.2,  637.5,  614.1,  598.7,  636.5,  654.1,  673.4,  701.9,  673.7,  654.7,  636.7,  347.3,  395.1,  442.2,  489.1,  537.2,  580.2,  617.9,  646.1,  652.0,  640.6,  612.1,  577.4,  538.3,  494.2,  446.3,  397.9,  346.7,  355.1,  337.0,  333.8,  339.9,  349.7,  347.3,  333.5,  326.5,  328.3,  342.1,  377.8,  404.7,  432.3,  461.3,  482.4,  488.2,  492.9,  486.7,  479.6,  379.2,  369.5,  368.1,  378.4,  385.6,  386.8,  375.9,  363.3,  362.8,  370.3,  379.6,  380.6,  544.6,  538.5,  533.4,  537.3,  532.4,  534.5,  538.8,  558.7,  567.9,  571.0,  569.7,  562.2,  545.8,  545.9,  547.3,  543.8,  541.4,  547.5,  550.9,  549.1,  -83.0,  -83.1,  -81.2,  -77.1,  -66.3,  -50.8,  -33.3,  -13.2,  5.5,  21.5,  36.1,  49.2,  60.5,  67.6,  70.8,  73.0,  73.8,  -60.3,  -49.0,  -34.5,  -20.7,  -8.0,  15.1,  27.8,  40.4,  53.3,  62.9,  4.0,  5.1,  6.2,  7.2,  -8.1,  -1.1,  5.7,  12.4,  18.6,  -40.3,  -32.5,  -23.5,  -16.2,  -23.5,  -32.6,  20.7,  28.2,  37.3,  44.6,  38.1,  29.3,  -22.7,  -10.5,  -1.3,  5.9,  13.8,  22.7,  31.0,  23.4,  15.1,  6.7,  -1.0,  -10.8,  -17.5,  -1.4,  5.8,  13.9,  26.6,  14.0,  6.1,  -1.4,  -5.7,  16.1,  38.4,  60.8,  82.9,  102.1,  117.7,  128.3,  130.9,  128.6,  119.4,  105.3,  86.8,  64.8,  41.0,  17.6,  -6.1,  -2.0,  -9.3,  -10.4,  -7.9,  -4.0,  -5.0,  -10.7,  -13.8,  -13.3,  -7.7,  7.0,  17.5,  27.9,  38.7,  49.4,  51.5,  53.2,  51.1,  48.7,  7.9,  3.9,  3.3,  7.5,  10.5,  10.9,  6.6,  1.4,  1.2,  4.4,  8.2,  8.6,  78.7,  73.7,  71.1,  72.9,  71.1,  73.5,  77.7,  84.0,  86.5,  87.3,  86.8,  84.4,  78.8,  76.7,  77.4,  76.4,  78.0,  77.7,  78.7,  77.9,  395.4,  401.9,  408.7,  412.4,  409.0,  405.6,  399.5,  392.2,  392.4,  401.0,  414.5,  423.6,  426.1,  422.8,  416.0,  407.7,  402.4,  363.3,  353.2,  347.4,  344.5,  343.2,  346.6,  352.1,  359.1,  367.3,  378.8,  345.4,  341.6,  337.5,  334.0,  352.9,  351.3,  350.2,  352.8,  355.8,  358.2,  356.1,  356.9,  358.9,  357.3,  357.2,  363.1,  363.1,  365.9,  370.8,  367.4,  364.7,  373.2,  361.1,  359.0,  359.9,  361.1,  368.5,  380.3,  370.1,  364.2,  362.1,  361.9,  365.3,  370.9,  361.0,  361.7,  363.6,  376.2,  362.7,  360.7,  360.6,  2.356,  0.302,  -0.127,  0.004,  646.313,  466.475,  -13.044,  10.038,  -12.560,  4.484,  -7.294,  7.004,  -0.402,  -2.245,  20.822,  -12.693,  -12.932,  -3.782,  -6.291,  -1.709,  -4.023,  6.243,  -4.204,  -0.326,  -1.898,  -6.461,  -1.578,  -3.908,  -2.904,  -1.564,  0.912,  0.128,  -0.593,  0.345,  0.089,  -0.287,  -0.123,  -0.808,  0.456,  -0.054, 0.00, 0.00, 0.00, 0.00, 0.00, 0.00, 0.00, 0.00, 0.00, 0.00, 0.00, 0.57, 0.00, 0.28, 0.00, 0.00, 0.00, 0.00, 0.00, 0.00, 1.00, 0.00, 0.00, 0.00, 0.00, 0.00, 0.00, 0.00, 1.00, 0.00, 0.00, 0.00, 0.00, 0.00, 0.00
103,  0,  3.403,  0.98,  1,  0.172613,  0.249522,  -0.952861,  -0.069275,  0.233946,  -0.969779,  0.054,  0.246,  558.6,  562.3,  573.0,  584.4,  589.8,  587.0,  575.5,  564.1,  544.6,  551.7,  561.4,  572.7,  584.2,  593.0,  599.4,  592.7,  583.3,  572.6,  561.7,  552.1,  569.0,  574.8,  580.2,  582.1,  579.3,  573.6,  568.2,  566.3,  701.6,  705.6,  715.8,  726.3,  731.0,  727.1,  716.8,  705.5,  693.1,  700.3,  710.0,  721.6,  732.1,  740.1,  744.7,  739.1,  731.0,  720.9,  710.5,  700.6,  711.7,  716.2,  720.7,  722.4,  720.3,  715.8,  711.4,  709.7,  376.7,  365.3,  360.0,  363.7,  374.4,  386.6,  391.1,  387.4,  380.5,  374.3,  369.9,  367.7,  369.5,  374.1,  381.0,  384.2,  385.5,  386.2,  385.7,  384.0,  382.0,  383.9,  381.2,  375.5,  370.1,  368.1,  370.8,  376.6,  370.2,  359.3,  354.3,  358.0,  368.3,  379.1,  384.2,  381.1,  377.0,  369.6,  364.3,  362.0,  363.1,  365.9,  370.7,  376.1,  379.6,  381.1,  380.8,  379.7,  373.8,  375.4,  373.2,  368.5,  364.1,  362.5,  364.6,  369.3,  -31.7,  -30.4,  -26.2,  -21.8,  -19.6,  -20.7,  -25.1,  -29.5,  -37.6,  -34.6,  -30.6,  -26.2,  -21.8,  -18.4,  -16.0,  -18.5,  -22.0,  -26.1,  -30.4,  -34.4,  -27.7,  -25.5,  -23.4,  -22.7,  -23.8,  -26.0,  -28.1,  -28.8,  24.1,  25.6,  29.7,  33.9,  35.8,  34.3,  30.3,  25.8,  20.9,  23.6,  27.3,  31.8,  36.2,  39.7,  42.0,  39.5,  35.9,  31.8,  27.7,  23.8,  28.2,  30.0,  31.8,  32.4,  31.6,  29.8,  28.0,  27.4,  6.5,  2.1,  -0.0,  1.5,  5.6,  10.4,  12.1,  10.6,  8.1,  5.6,  3.8,  3.0,  3.7,  5.5,  8.2,  9.5,  9.9,  10.1,  10.0,  9.4,  8.6,  9.3,  8.3,  6.1,  3.9,  3.2,  4.2,  6.5,  4.0,  -0.3,  -2.2,  -0.8,  3.3,  7.5,  9.5,  8.3,  6.7,  3.7,  1.7,  0.8,  1.2,  2.3,  4.3,  6.4,  7.7,  8.3,  8.2,  7.7,  5.4,  6.1,  5.2,  3.4,  1.6,  1.0,  1.8,  3.7,  341.2,  342.2,  342.7,  342.6,  341.9,  341.2,  340.4,  340.5,  344.7,  342.9,  341.1,  340.5,  341.3,  342.4,  343.7,  341.8,  340.1,  339.3,  340.2,  342.3,  341.9,  341.8,  342.1,  342.6,  342.9,  343.0,  342.7,  342.3,  342.8,  342.2,  342.5,  343.4,  344.4,  345.0,  344.7,  344.1,  344.5,  342.5,  341.2,  341.4,  343.8,  347.4,  351.0,  348.4,  345.6,  343.8,  343.3,  343.8,  344.5,  344.9,  345.0,  344.8,  344.3,  343.9,  343.8,  344.0,  3.2,  45.1,  367.4,  0.172,  -0.115,  0.001,  457.4,  460.3,  467.5,  477.5,  498.9,  530.8,  567.3,  611.2,  653.2,  688.2,  717.8,  743.0,  765.7,  780.9,  789.8,  797.5,  801.5,  495.8,  519.9,  554.3,  588.5,  621.1,  679.1,  710.1,  739.3,  768.0,  786.6,  651.2,  654.2,  657.1,  659.8,  621.0,  638.3,  655.3,  671.8,  686.9,  542.7,  561.5,  583.5,  601.6,  583.6,  561.5,  691.0,  709.1,  730.2,  746.4,  731.8,  711.5,  587.2,  615.5,  638.0,  655.5,  674.5,  695.0,  712.9,  696.7,  677.6,  657.6,  638.9,  615.2,  599.2,  637.7,  655.3,  674.6,  703.6,  675.0,  656.0,  638.0,  347.2,  395.2,  442.6,  489.5,  537.5,  580.2,  617.5,  645.7,  651.6,  640.6,  612.5,  578.2,  539.1,  494.8,  446.9,  398.3,  346.9,  355.4,  337.6,  334.5,  340.6,  350.4,  347.8,  334.0,  327.1,  328.6,  342.1,  378.1,  405.0,  432.7,  461.8,  482.6,  488.5,  493.3,  487.0,  479.8,  380.0,  370.3,  368.8,  378.8,  386.2,  387.4,  376.3,  363.9,  363.3,  370.8,  380.0,  380.9,  544.3,  538.4,  533.5,  537.3,  532.5,  534.4,  538.4,  558.3,  567.4,  570.5,  569.3,  561.9,  545.7,  545.9,  547.2,  543.7,  541.1,  547.2,  550.5,  548.8,  -82.7,  -82.6,  -80.7,  -76.7,  -66.0,  -50.7,  -33.2,  -12.9,  5.9,  22.1,  36.9,  50.0,  61.4,  68.3,  71.4,  73.5,  74.4,  -60.0,  -48.6,  -34.2,  -20.3,  -7.4,  15.5,  28.3,  40.9,  53.9,  63.6,  4.4,  5.6,  6.6,  7.6,  -7.7,  -0.7,  6.1,  12.9,  19.1,  -39.9,  -32.1,  -23.1,  -15.8,  -23.1,  -32.1,  21.2,  28.8,  37.9,  45.2,  38.6,  29.9,  -22.6,  -10.1,  -0.8,  6.4,  14.3,  23.2,  31.8,  24.0,  15.7,  7.3,  -0.4,  -10.4,  -17.3,  -0.9,  6.4,  14.4,  27.4,  14.5,  6.6,  -0.8,  -5.8,  16.2,  38.6,  61.1,  83.1,  102.2,  117.7,  128.1,  130.8,  128.7,  119.9,  106.0,  87.5,  65.3,  41.4,  17.9,  -6.0,  -1.9,  -9.1,  -10.1,  -7.7,  -3.8,  -4.9,  -10.5,  -13.5,  -13.2,  -7.8,  7.2,  17.7,  28.2,  39.1,  49.6,  51.8,  53.5,  51.4,  48.9,  8.2,  4.2,  3.6,  7.7,  10.7,  11.2,  6.8,  1.6,  1.4,  4.6,  8.4,  8.8,  78.9,  73.9,  71.5,  73.2,  71.5,  73.7,  77.8,  84.1,  86.5,  87.3,  86.7,  84.5,  78.9,  76.9,  77.7,  76.6,  78.1,  77.8,  78.7,  78.0,  396.1,  402.5,  409.1,  412.8,  409.5,  406.1,  399.8,  392.3,  392.5,  401.3,  415.4,  424.9,  427.4,  424.0,  417.0,  408.5,  403.2,  364.3,  354.3,  348.5,  345.6,  344.1,  347.6,  353.1,  360.1,  368.3,  379.7,  346.5,  342.9,  339.0,  335.6,  354.1,  352.5,  351.4,  354.0,  357.1,  359.1,  357.2,  357.9,  360.0,  358.3,  358.1,  364.2,  364.2,  367.0,  371.8,  368.5,  365.8,  374.3,  362.4,  360.4,  361.3,  362.5,  369.8,  381.5,  370.9,  364.8,  362.7,  362.6,  366.1,  372.1,  362.1,  362.9,  364.7,  377.4,  363.5,  361.5,  361.4,  2.350,  0.300,  -0.130,  0.004,  647.431,  466.685,  -13.634,  9.205,  -13.119,  2.904,  -7.758,  8.090,  -1.254,  -1.966,  20.887,  -12.549,  -13.504,  -4.062,  -6.803,  -1.413,  -4.301,  6.740,  -3.754,  -0.496,  -2.429,  -6.174,  -1.038,  -3.664,  -2.882,  -1.372,  0.759,  0.448,  -0.683,  0.353,  0.130,  -0.392,  -0.015,  -0.784,  0.381,  -0.053, 0.00, 0.00, 0.00, 0.00, 0.00, 0.00, 0.00, 0.00, 0.00, 0.00, 0.00, 0.74, 0.00, 0.36, 0.00, 0.00, 0.00, 0.00, 0.00, 0.00, 1.00, 0.00, 0.00, 0.00, 0.00, 0.00, 0.00, 0.00, 1.00, 0.00, 0.00, 0.00, 0.00, 0.00, 0.00
104,  0,  3.437,  0.98,  1,  0.171388,  0.253480,  -0.952037,  -0.068931,  0.238205,  -0.968766,  0.053,  0.251,  559.2,  562.7,  573.3,  584.9,  590.7,  588.0,  576.6,  565.0,  544.9,  552.4,  562.3,  573.7,  585.0,  593.6,  599.8,  593.5,  584.3,  573.6,  562.6,  552.7,  569.7,  575.5,  580.9,  582.6,  579.8,  574.0,  568.6,  566.9,  702.4,  706.3,  716.5,  727.0,  731.7,  727.8,  717.6,  706.2,  693.9,  701.2,  710.8,  722.2,  732.6,  740.6,  745.4,  739.8,  731.6,  721.5,  711.2,  701.3,  712.4,  717.0,  721.4,  723.1,  721.0,  716.5,  712.1,  710.4,  376.9,  365.6,  360.3,  364.0,  374.6,  386.8,  391.2,  387.5,  380.7,  374.4,  369.9,  367.8,  369.6,  374.1,  381.0,  384.3,  385.5,  386.1,  385.6,  384.1,  382.3,  384.2,  381.5,  375.9,  370.6,  368.7,  371.3,  377.0,  370.2,  359.4,  354.4,  358.1,  368.4,  379.3,  384.2,  381.2,  376.9,  369.6,  364.2,  361.9,  363.0,  365.9,  370.7,  376.1,  379.6,  381.1,  380.8,  379.7,  373.9,  375.5,  373.3,  368.7,  364.2,  362.6,  364.8,  369.4,  -31.3,  -30.1,  -26.0,  -21.5,  -19.2,  -20.1,  -24.5,  -29.0,  -37.1,  -34.1,  -30.1,  -25.7,  -21.4,  -18.1,  -15.7,  -18.1,  -21.5,  -25.5,  -29.8,  -33.8,  -27.3,  -25.0,  -23.0,  -22.4,  -23.5,  -25.8,  -27.8,  -28.4,  24.6,  26.1,  30.1,  34.3,  36.3,  34.8,  30.7,  26.2,  21.3,  24.1,  27.8,  32.3,  36.6,  40.2,  42.5,  40.0,  36.4,  32.2,  28.1,  24.2,  28.7,  30.5,  32.3,  32.9,  32.1,  30.2,  28.5,  27.8,  6.5,  2.2,  0.1,  1.6,  5.7,  10.4,  12.0,  10.6,  8.1,  5.6,  3.8,  3.0,  3.7,  5.5,  8.2,  9.5,  9.8,  10.0,  9.9,  9.3,  8.6,  9.4,  8.4,  6.2,  4.1,  3.4,  4.4,  6.6,  4.0,  -0.2,  -2.2,  -0.7,  3.3,  7.6,  9.6,  8.4,  6.7,  3.8,  1.7,  0.8,  1.2,  2.4,  4.3,  6.5,  7.8,  8.3,  8.2,  7.8,  5.5,  6.1,  5.3,  3.4,  1.7,  1.0,  1.9,  3.7,  338.9,  340.3,  341.4,  341.4,  340.5,  339.2,  337.9,  337.9,  341.6,  340.2,  338.9,  338.8,  339.8,  340.9,  342.1,  339.9,  337.8,  336.7,  337.3,  339.2,  339.6,  339.6,  340.1,  340.9,  341.4,  341.4,  340.8,  340.1,  344.8,  344.3,  344.6,  345.4,  346.3,  346.8,  346.5,  346.0,  346.5,  344.5,  343.2,  343.4,  345.6,  349.3,  352.9,  350.1,  347.4,  345.6,  345.2,  345.8,  346.4,  346.8,  346.9,  346.7,  346.3,  345.9,  345.8,  346.0,  3.5,  45.1,  367.4,  0.171,  -0.115,  0.002,  458.2,  460.9,  467.9,  477.8,  499.1,  531.0,  567.7,  611.7,  653.6,  688.6,  718.2,  743.5,  766.3,  781.7,  790.6,  798.3,  802.4,  496.6,  520.5,  554.8,  589.0,  621.4,  679.8,  710.7,  739.7,  768.4,  787.1,  651.7,  654.8,  657.7,  660.5,  621.9,  639.1,  655.9,  672.3,  687.2,  543.5,  562.2,  584.2,  602.3,  584.3,  562.3,  691.8,  709.8,  730.9,  747.0,  732.4,  712.2,  588.2,  616.3,  638.7,  656.3,  675.3,  695.8,  713.5,  697.4,  678.3,  658.2,  639.5,  615.9,  600.3,  638.3,  656.0,  675.3,  704.2,  675.7,  656.6,  638.5,  347.6,  395.1,  442.1,  488.8,  536.9,  580.0,  617.7,  646.2,  652.2,  641.1,  612.9,  578.6,  539.6,  495.3,  447.3,  398.7,  347.4,  355.6,  337.7,  334.6,  340.7,  350.4,  347.7,  334.0,  327.2,  328.7,  342.1,  378.1,  405.0,  432.5,  461.6,  482.6,  488.3,  493.0,  486.8,  479.9,  380.1,  370.4,  368.9,  378.8,  386.2,  387.4,  376.2,  363.9,  363.4,  370.8,  379.9,  380.9,  544.3,  538.2,  533.2,  537.0,  532.1,  534.2,  538.5,  558.5,  567.6,  570.7,  569.5,  562.0,  545.6,  545.8,  547.1,  543.5,  541.1,  547.1,  550.4,  548.7,  -82.2,  -82.3,  -80.4,  -76.5,  -65.9,  -50.6,  -33.0,  -12.7,  6.1,  22.3,  37.1,  50.3,  61.7,  68.7,  71.8,  74.0,  74.8,  -59.7,  -48.4,  -33.9,  -20.2,  -7.3,  15.8,  28.5,  41.0,  54.0,  63.7,  4.7,  5.8,  6.9,  7.9,  -7.3,  -0.4,  6.4,  13.1,  19.3,  -39.6,  -31.8,  -22.8,  -15.5,  -22.8,  -31.8,  21.5,  29.1,  38.1,  45.5,  38.9,  30.2,  -22.1,  -9.8,  -0.5,  6.7,  14.6,  23.6,  32.0,  24.3,  16.0,  7.6,  -0.2,  -10.1,  -16.9,  -0.7,  6.6,  14.7,  27.6,  14.8,  6.9,  -0.6,  -5.6,  16.2,  38.4,  60.8,  82.8,  102.0,  117.7,  128.3,  131.1,  129.0,  120.1,  106.2,  87.7,  65.6,  41.6,  18.1,  -5.8,  -1.8,  -9.0,  -10.1,  -7.6,  -3.8,  -4.9,  -10.5,  -13.5,  -13.2,  -7.8,  7.2,  17.6,  28.1,  39.0,  49.6,  51.7,  53.5,  51.3,  48.9,  8.2,  4.2,  3.6,  7.7,  10.7,  11.2,  6.8,  1.6,  1.4,  4.6,  8.4,  8.7,  78.8,  73.7,  71.3,  73.0,  71.3,  73.6,  77.7,  84.1,  86.6,  87.4,  86.8,  84.5,  78.8,  76.9,  77.6,  76.5,  78.1,  77.7,  78.7,  77.9,  395.8,  402.3,  409.0,  412.7,  409.4,  405.9,  399.6,  392.2,  392.6,  401.6,  415.5,  424.9,  427.6,  424.3,  417.3,  408.7,  403.2,  364.2,  354.3,  348.6,  345.8,  344.4,  348.0,  353.3,  360.1,  368.1,  379.3,  346.6,  343.1,  339.1,  335.8,  354.2,  352.7,  351.6,  354.2,  357.2,  359.1,  357.2,  358.0,  360.0,  358.4,  358.2,  364.3,  364.2,  367.0,  371.8,  368.5,  365.8,  374.0,  362.2,  360.2,  361.1,  362.4,  369.5,  381.1,  370.8,  365.0,  362.9,  362.7,  366.0,  371.8,  362.1,  362.9,  364.7,  377.1,  363.5,  361.5,  361.4,  2.350,  0.300,  -0.130,  0.005,  648.063,  466.703,  -13.838,  8.611,  -13.425,  2.654,  -8.511,  7.605,  -0.615,  -1.579,  20.946,  -12.855,  -13.486,  -4.281,  -6.372,  -1.271,  -4.155,  6.236,  -4.081,  -0.156,  -2.342,  -6.279,  -1.214,  -3.930,  -2.851,  -1.256,  0.734,  0.334,  -0.459,  0.275,  0.106,  -0.421,  0.003,  -0.762,  0.398,  -0.070, 0.00, 0.00, 0.00, 0.00, 0.00, 0.00, 0.00, 0.00, 0.00, 0.00, 0.00, 0.79, 0.00, 0.39, 0.00, 0.00, 0.00, 0.00, 0.00, 0.00, 1.00, 0.00, 0.00, 0.00, 0.00, 0.00, 0.00, 0.00, 1.00, 0.00, 0.00, 0.00, 0.00, 0.00, 0.00
105,  0,  3.470,  0.98,  1,  0.172465,  0.254438,  -0.951587,  -0.067264,  0.241217,  -0.968137,  0.055,  0.253,  559.6,  563.2,  573.9,  585.4,  591.0,  588.2,  576.7,  565.2,  545.6,  552.8,  562.6,  573.8,  585.1,  593.8,  600.1,  593.6,  584.5,  573.9,  563.0,  553.3,  570.0,  575.8,  581.2,  583.0,  580.2,  574.4,  569.1,  567.2,  702.4,  706.3,  716.5,  727.0,  731.7,  727.9,  717.7,  706.4,  694.0,  701.1,  710.7,  722.2,  732.6,  740.7,  745.5,  739.9,  731.7,  721.6,  711.2,  701.3,  712.5,  717.1,  721.5,  723.1,  721.1,  716.5,  712.1,  710.5,  377.0,  365.6,  360.3,  364.0,  374.7,  387.0,  391.4,  387.7,  380.7,  374.5,  370.0,  367.9,  369.6,  374.0,  381.0,  384.3,  385.5,  386.2,  385.7,  384.1,  382.3,  384.3,  381.6,  375.9,  370.6,  368.6,  371.3,  377.0,  370.2,  359.4,  354.3,  358.0,  368.2,  379.0,  384.0,  381.1,  377.0,  369.5,  364.1,  361.6,  362.6,  365.4,  370.2,  375.6,  379.1,  380.6,  380.5,  379.5,  373.7,  375.3,  373.1,  368.5,  364.0,  362.5,  364.6,  369.3,  -31.4,  -30.1,  -26.0,  -21.4,  -19.2,  -20.2,  -24.6,  -29.1,  -37.1,  -34.1,  -30.2,  -25.8,  -21.5,  -18.1,  -15.7,  -18.1,  -21.6,  -25.6,  -29.9,  -33.9,  -27.4,  -25.1,  -23.0,  -22.4,  -23.5,  -25.7,  -27.8,  -28.5,  24.6,  26.1,  30.1,  34.3,  36.3,  34.8,  30.8,  26.3,  21.4,  24.1,  27.8,  32.3,  36.6,  40.2,  42.5,  40.0,  36.4,  32.2,  28.1,  24.3,  28.7,  30.5,  32.3,  32.9,  32.1,  30.3,  28.5,  27.9,  6.6,  2.2,  0.1,  1.6,  5.8,  10.5,  12.2,  10.8,  8.2,  5.7,  3.9,  3.1,  3.7,  5.5,  8.3,  9.5,  9.9,  10.2,  10.0,  9.4,  8.7,  9.5,  8.5,  6.2,  4.1,  3.4,  4.4,  6.6,  4.0,  -0.2,  -2.2,  -0.8,  3.2,  7.5,  9.5,  8.3,  6.7,  3.7,  1.6,  0.6,  1.0,  2.2,  4.1,  6.3,  7.6,  8.2,  8.1,  7.7,  5.4,  6.1,  5.2,  3.3,  1.6,  1.0,  1.8,  3.7,  341.4,  342.6,  343.5,  343.5,  342.7,  341.7,  340.5,  340.5,  344.2,  342.7,  341.3,  341.1,  342.0,  343.1,  344.2,  342.2,  340.2,  339.3,  340.0,  341.9,  342.1,  342.1,  342.5,  343.2,  343.6,  343.6,  343.2,  342.5,  344.8,  344.3,  344.5,  345.4,  346.4,  346.9,  346.7,  346.1,  346.6,  344.6,  343.3,  343.4,  345.7,  349.4,  352.9,  350.2,  347.5,  345.7,  345.3,  345.9,  346.5,  346.9,  347.0,  346.7,  346.3,  345.9,  345.8,  346.1,  3.7,  45.1,  367.5,  0.168,  -0.115,  -0.001,  458.5,  461.4,  468.6,  478.6,  499.9,  531.7,  568.5,  612.6,  654.5,  689.4,  718.8,  744.1,  766.8,  782.1,  791.0,  798.7,  802.7,  496.8,  520.7,  555.0,  589.2,  621.7,  679.8,  710.7,  739.9,  768.6,  787.3,  652.0,  655.1,  658.1,  660.9,  622.4,  639.6,  656.4,  672.8,  687.7,  543.8,  562.5,  584.5,  602.6,  584.6,  562.6,  691.8,  709.8,  730.9,  747.0,  732.4,  712.3,  589.3,  616.9,  639.2,  656.8,  675.7,  696.1,  713.6,  697.7,  678.7,  658.7,  640.0,  616.6,  601.4,  638.8,  656.5,  675.7,  704.3,  676.0,  657.1,  639.0,  348.6,  396.3,  443.4,  490.0,  537.8,  580.5,  618.0,  646.3,  652.2,  641.2,  613.3,  579.1,  539.9,  495.5,  447.3,  398.3,  346.7,  356.0,  337.9,  334.7,  340.7,  350.3,  347.6,  333.7,  326.8,  328.3,  341.9,  378.0,  404.9,  432.5,  461.6,  482.4,  488.2,  492.9,  486.7,  479.7,  380.2,  370.4,  368.9,  378.8,  386.2,  387.4,  376.0,  363.7,  363.0,  370.5,  379.6,  380.6,  544.8,  538.2,  533.0,  536.9,  532.0,  534.3,  539.0,  559.1,  568.1,  571.2,  569.9,  562.4,  546.0,  545.6,  547.0,  543.5,  541.6,  547.5,  550.8,  549.0,  -82.1,  -82.1,  -80.1,  -76.1,  -65.6,  -50.2,  -32.6,  -12.3,  6.5,  22.6,  37.4,  50.5,  62.0,  68.9,  72.0,  74.1,  74.9,  -59.6,  -48.3,  -33.9,  -20.1,  -7.2,  15.8,  28.6,  41.1,  54.1,  63.9,  4.7,  5.9,  7.0,  8.0,  -7.1,  -0.2,  6.6,  13.3,  19.5,  -39.5,  -31.6,  -22.7,  -15.4,  -22.7,  -31.7,  21.6,  29.1,  38.1,  45.5,  38.9,  30.2,  -21.7,  -9.5,  -0.3,  6.9,  14.8,  23.7,  32.0,  24.5,  16.2,  7.8,  -0.0,  -9.8,  -16.4,  -0.5,  6.8,  14.9,  27.7,  15.0,  7.1,  -0.4,  -5.2,  16.7,  39.0,  61.3,  83.2,  102.3,  117.8,  128.3,  131.0,  128.9,  120.2,  106.3,  87.9,  65.7,  41.6,  17.9,  -6.1,  -1.7,  -9.0,  -10.1,  -7.6,  -3.8,  -4.9,  -10.6,  -13.7,  -13.4,  -7.9,  7.1,  17.6,  28.1,  39.0,  49.6,  51.7,  53.4,  51.3,  48.9,  8.3,  4.3,  3.6,  7.7,  10.7,  11.2,  6.7,  1.5,  1.3,  4.5,  8.3,  8.6,  79.0,  73.8,  71.2,  73.0,  71.2,  73.6,  77.9,  84.3,  86.8,  87.6,  87.1,  84.7,  79.0,  76.8,  77.5,  76.4,  78.2,  77.9,  78.9,  78.1,  395.8,  402.2,  409.0,  412.7,  409.4,  405.9,  399.5,  392.0,  392.3,  401.2,  415.3,  424.8,  427.6,  424.4,  417.4,  408.8,  403.2,  364.3,  354.4,  348.8,  346.0,  344.5,  348.0,  353.4,  360.2,  368.3,  379.6,  346.8,  343.2,  339.4,  336.1,  354.3,  352.8,  351.7,  354.3,  357.2,  359.2,  357.3,  358.1,  360.1,  358.5,  358.3,  364.3,  364.2,  367.0,  371.8,  368.5,  365.8,  373.9,  362.1,  360.2,  361.0,  362.2,  369.4,  380.8,  370.8,  365.1,  363.1,  362.9,  366.2,  371.7,  362.0,  362.7,  364.5,  376.8,  363.6,  361.7,  361.6,  2.350,  0.297,  -0.131,  0.003,  648.463,  466.825,  -14.359,  8.238,  -13.625,  3.092,  -8.310,  7.296,  -0.092,  -1.775,  21.090,  -12.844,  -13.175,  -4.608,  -6.035,  -1.062,  -3.876,  6.666,  -3.676,  -0.466,  -2.594,  -6.178,  -1.411,  -3.820,  -2.796,  -1.242,  0.639,  0.524,  -0.550,  0.240,  0.090,  -0.408,  -0.061,  -0.767,  0.418,  -0.078, 0.00, 0.00, 0.00, 0.00, 0.00, 0.00, 0.00, 0.00, 0.00, 0.03, 0.00, 0.73, 0.00, 0.35, 0.00, 0.00, 0.00, 0.00, 0.00, 0.00, 1.00, 0.00, 0.00, 0.00, 0.00, 0.00, 0.00, 0.00, 1.00, 0.00, 0.00, 0.00, 0.00, 0.00, 0.00
106,  0,  3.504,  0.98,  1,  0.160171,  0.254693,  -0.953665,  -0.061844,  0.244000,  -0.967801,  0.051,  0.254,  559.7,  563.2,  573.6,  584.8,  590.2,  587.5,  576.3,  565.1,  546.3,  552.7,  562.1,  573.4,  585.1,  594.0,  600.7,  593.7,  584.2,  573.6,  562.8,  553.5,  570.0,  575.7,  580.9,  582.8,  580.1,  574.4,  569.1,  567.3,  702.6,  706.5,  716.6,  727.2,  732.0,  728.1,  717.9,  706.6,  694.0,  701.3,  711.0,  722.4,  732.8,  740.7,  745.4,  739.9,  731.8,  721.8,  711.4,  701.5,  712.7,  717.2,  721.6,  723.3,  721.2,  716.7,  712.3,  710.6,  377.5,  366.1,  360.6,  364.1,  374.7,  386.9,  391.6,  388.1,  380.9,  374.8,  370.4,  368.1,  369.7,  374.3,  381.1,  384.3,  385.7,  386.5,  386.2,  384.4,  382.3,  384.2,  381.4,  375.6,  370.3,  368.4,  371.2,  377.0,  370.0,  359.1,  353.9,  357.5,  367.8,  378.7,  383.8,  380.9,  376.7,  369.1,  363.6,  361.2,  362.2,  365.0,  369.8,  375.2,  378.7,  380.3,  380.2,  379.2,  373.5,  375.1,  372.8,  368.1,  363.7,  362.1,  364.4,  369.1,  -31.6,  -30.3,  -26.2,  -21.7,  -19.6,  -20.6,  -25.1,  -29.5,  -37.3,  -34.5,  -30.6,  -26.1,  -21.6,  -18.1,  -15.6,  -18.2,  -21.9,  -26.0,  -30.3,  -34.2,  -27.6,  -25.4,  -23.3,  -22.6,  -23.7,  -25.9,  -28.0,  -28.7,  24.6,  26.0,  30.1,  34.3,  36.3,  34.8,  30.8,  26.2,  21.3,  24.0,  27.7,  32.2,  36.5,  40.1,  42.4,  39.9,  36.3,  32.2,  28.1,  24.2,  28.7,  30.5,  32.2,  32.9,  32.0,  30.2,  28.4,  27.8,  6.9,  2.4,  0.2,  1.6,  5.8,  10.6,  12.4,  11.0,  8.3,  5.9,  4.1,  3.2,  3.8,  5.6,  8.4,  9.6,  10.1,  10.4,  10.3,  9.7,  8.8,  9.5,  8.4,  6.2,  4.1,  3.3,  4.4,  6.7,  3.9,  -0.4,  -2.4,  -1.0,  3.1,  7.4,  9.4,  8.2,  6.6,  3.6,  1.4,  0.5,  0.9,  2.0,  4.0,  6.1,  7.4,  8.0,  7.9,  7.6,  5.3,  6.0,  5.1,  3.2,  1.5,  0.8,  1.7,  3.6,  344.5,  344.8,  344.8,  344.6,  344.2,  344.2,  343.9,  344.2,  348.7,  346.3,  343.9,  342.9,  343.5,  344.7,  346.2,  344.6,  343.1,  342.7,  343.7,  346.0,  345.1,  345.0,  345.0,  345.1,  345.3,  345.4,  345.4,  345.3,  343.3,  342.8,  343.1,  344.1,  345.1,  345.6,  345.3,  344.6,  345.0,  343.0,  341.8,  342.0,  344.4,  348.1,  351.7,  349.0,  346.2,  344.3,  343.8,  344.3,  345.1,  345.5,  345.6,  345.4,  345.0,  344.5,  344.4,  344.6,  3.8,  45.2,  367.1,  0.167,  -0.115,  -0.004,  458.6,  461.5,  468.7,  478.8,  500.2,  532.2,  569.2,  613.6,  655.5,  690.2,  719.4,  744.4,  767.0,  782.3,  791.2,  798.9,  802.8,  496.8,  520.4,  554.6,  588.9,  621.4,  679.7,  710.6,  739.7,  768.6,  787.3,  651.8,  655.1,  658.2,  661.1,  622.8,  639.9,  656.7,  673.0,  687.9,  543.8,  562.5,  584.5,  602.7,  584.7,  562.7,  691.9,  709.9,  731.0,  747.1,  732.6,  712.4,  590.3,  617.8,  640.0,  657.4,  676.1,  696.4,  713.9,  698.2,  679.3,  659.5,  641.0,  617.6,  602.4,  639.7,  657.2,  676.1,  704.6,  676.4,  657.7,  639.9,  349.5,  397.1,  444.0,  490.5,  538.4,  581.3,  619.1,  647.6,  653.5,  642.2,  614.1,  579.6,  540.2,  495.6,  447.1,  397.9,  346.1,  356.8,  338.4,  335.0,  340.8,  350.3,  347.3,  333.4,  326.3,  327.8,  341.4,  378.0,  404.9,  432.5,  461.6,  482.6,  488.4,  493.0,  486.6,  479.5,  380.5,  370.7,  369.0,  378.9,  386.4,  387.7,  375.7,  363.3,  362.6,  370.0,  379.2,  380.3,  545.6,  538.7,  533.2,  537.0,  532.0,  534.4,  539.4,  559.9,  569.1,  572.2,  571.0,  563.6,  546.7,  546.0,  547.2,  543.7,  541.9,  548.2,  551.5,  549.8,  -81.8,  -81.8,  -79.9,  -75.9,  -65.3,  -50.0,  -32.3,  -11.8,  7.0,  23.0,  37.6,  50.6,  62.0,  69.0,  72.0,  74.1,  74.8,  -59.5,  -48.4,  -34.0,  -20.2,  -7.3,  15.8,  28.5,  41.0,  54.0,  63.8,  4.7,  5.9,  7.0,  8.1,  -6.9,  -0.0,  6.7,  13.4,  19.5,  -39.4,  -31.6,  -22.7,  -15.3,  -22.6,  -31.6,  21.6,  29.0,  38.1,  45.4,  39.0,  30.2,  -21.2,  -9.2,  0.0,  7.2,  14.9,  23.8,  32.1,  24.6,  16.4,  8.1,  0.4,  -9.4,  -15.9,  -0.1,  7.1,  15.0,  27.8,  15.1,  7.3,  -0.1,  -4.7,  17.0,  39.2,  61.4,  83.3,  102.6,  118.2,  128.8,  131.6,  129.4,  120.5,  106.5,  88.0,  65.7,  41.5,  17.7,  -6.4,  -1.3,  -8.7,  -10.0,  -7.6,  -3.8,  -5.0,  -10.8,  -13.8,  -13.6,  -8.0,  7.1,  17.6,  28.1,  39.0,  49.6,  51.7,  53.4,  51.2,  48.8,  8.4,  4.3,  3.7,  7.8,  10.8,  11.3,  6.5,  1.4,  1.1,  4.3,  8.1,  8.5,  79.2,  73.8,  71.2,  72.9,  71.1,  73.5,  77.9,  84.6,  87.2,  88.0,  87.5,  85.1,  79.2,  76.9,  77.5,  76.4,  78.2,  78.1,  79.1,  78.4,  394.6,  401.2,  408.1,  411.9,  408.8,  405.4,  399.3,  392.0,  392.3,  401.1,  414.9,  424.3,  427.1,  423.9,  416.8,  408.0,  402.2,  363.8,  354.0,  348.4,  345.7,  344.4,  347.8,  353.1,  359.8,  367.7,  378.9,  346.4,  342.9,  339.0,  335.7,  353.8,  352.4,  351.3,  353.9,  356.9,  358.7,  356.9,  357.7,  359.7,  358.1,  357.9,  363.8,  363.7,  366.5,  371.2,  368.0,  365.3,  373.4,  361.6,  359.6,  360.5,  361.6,  368.7,  380.2,  370.3,  364.8,  362.8,  362.6,  365.8,  371.2,  361.6,  362.3,  364.0,  376.2,  363.3,  361.4,  361.3,  2.353,  0.297,  -0.132,  -0.000,  648.772,  467.116,  -15.523,  7.733,  -13.823,  3.905,  -9.024,  6.548,  0.154,  -1.810,  21.240,  -13.573,  -13.213,  -4.621,  -5.834,  -1.302,  -3.709,  6.586,  -3.822,  -0.155,  -2.258,  -5.794,  -1.490,  -4.094,  -2.794,  -1.223,  0.500,  0.683,  -0.591,  0.260,  0.165,  -0.351,  -0.135,  -0.778,  0.474,  -0.109, 0.00, 0.00, 0.00, 0.00, 0.00, 0.00, 0.00, 0.00, 0.00, 0.05, 0.00, 0.65, 0.00, 0.32, 0.00, 0.00, 0.00, 0.00, 0.00, 0.00, 1.00, 0.00, 0.00, 0.00, 0.00, 0.00, 0.00, 0.00, 1.00, 0.00, 0.00, 0.00, 0.00, 0.00, 0.00
107,  0,  3.537,  0.98,  1,  0.161489,  0.258874,  -0.952316,  -0.065980,  0.247855,  -0.966548,  0.050,  0.258,  559.4,  562.9,  573.2,  584.4,  589.8,  587.3,  576.0,  564.9,  546.1,  552.3,  561.5,  572.9,  584.8,  593.9,  600.7,  593.6,  583.9,  573.1,  562.3,  553.2,  569.9,  575.5,  580.7,  582.4,  579.7,  574.1,  568.9,  567.2,  702.4,  706.2,  716.3,  726.8,  731.6,  727.8,  717.7,  706.4,  694.0,  701.0,  710.5,  722.1,  732.8,  740.7,  745.3,  739.8,  731.8,  721.9,  711.5,  701.5,  712.3,  717.0,  721.4,  723.1,  721.0,  716.4,  711.9,  710.2,  378.1,  366.7,  361.1,  364.6,  375.2,  387.4,  392.2,  388.7,  381.5,  375.4,  371.0,  368.6,  370.2,  374.6,  381.5,  384.6,  386.1,  387.0,  386.7,  385.1,  382.8,  384.6,  381.8,  376.1,  370.8,  369.0,  371.7,  377.5,  369.5,  358.8,  353.6,  357.1,  367.2,  378.0,  383.1,  380.2,  376.2,  368.5,  363.1,  360.6,  361.6,  364.3,  369.3,  374.7,  378.2,  379.8,  379.7,  378.7,  373.0,  374.5,  372.3,  367.5,  363.0,  361.5,  363.8,  368.5,  -31.6,  -30.2,  -26.1,  -21.7,  -19.6,  -20.6,  -25.0,  -29.4,  -37.2,  -34.5,  -30.7,  -26.1,  -21.5,  -18.0,  -15.4,  -18.2,  -21.9,  -26.1,  -30.4,  -34.2,  -27.5,  -25.3,  -23.3,  -22.6,  -23.6,  -25.8,  -27.9,  -28.6,  24.5,  25.9,  29.9,  34.1,  36.1,  34.7,  30.7,  26.2,  21.3,  23.9,  27.5,  32.1,  36.5,  40.1,  42.3,  39.8,  36.4,  32.3,  28.1,  24.2,  28.5,  30.4,  32.2,  32.8,  31.9,  30.1,  28.3,  27.7,  7.1,  2.6,  0.4,  1.8,  5.9,  10.7,  12.6,  11.2,  8.5,  6.1,  4.3,  3.3,  4.0,  5.7,  8.4,  9.6,  10.2,  10.5,  10.5,  9.9,  8.9,  9.6,  8.5,  6.3,  4.2,  3.5,  4.6,  6.9,  3.7,  -0.5,  -2.5,  -1.1,  2.8,  7.1,  9.1,  8.0,  6.4,  3.3,  1.2,  0.2,  0.6,  1.7,  3.7,  5.9,  7.2,  7.8,  7.8,  7.4,  5.1,  5.7,  4.8,  3.0,  1.2,  0.6,  1.5,  3.4,  342.6,  342.6,  342.4,  342.1,  341.8,  342.1,  342.0,  342.4,  347.1,  344.5,  341.9,  340.6,  341.0,  342.2,  343.8,  342.3,  341.0,  340.8,  342.0,  344.4,  343.1,  343.0,  342.9,  342.9,  343.0,  343.2,  343.3,  343.3,  343.5,  342.9,  343.1,  344.0,  345.1,  345.8,  345.6,  344.9,  345.3,  343.2,  341.9,  342.1,  344.5,  348.2,  351.9,  349.2,  346.5,  344.7,  344.1,  344.7,  345.2,  345.7,  345.8,  345.5,  345.0,  344.6,  344.5,  344.8,  4.0,  45.3,  366.3,  0.170,  -0.118,  -0.010,  458.6,  461.7,  469.2,  479.7,  501.3,  533.3,  570.1,  614.8,  656.9,  691.7,  720.7,  745.5,  767.8,  782.9,  791.5,  798.9,  802.5,  496.8,  520.3,  554.6,  588.9,  621.3,  679.4,  710.3,  739.4,  768.3,  787.1,  651.8,  655.3,  658.6,  661.8,  623.5,  640.7,  657.5,  673.8,  688.6,  543.5,  562.1,  584.2,  602.5,  584.5,  562.4,  691.8,  709.7,  730.9,  747.1,  732.6,  712.4,  591.4,  618.8,  641.2,  658.4,  676.8,  697.3,  714.8,  699.3,  680.3,  660.7,  642.3,  618.7,  603.6,  640.9,  658.2,  676.9,  705.5,  677.2,  658.8,  641.1,  350.9,  398.4,  445.3,  491.7,  539.6,  582.6,  620.4,  649.1,  654.9,  643.3,  614.6,  579.2,  539.2,  494.2,  445.6,  396.4,  344.6,  357.5,  339.1,  335.6,  341.1,  350.3,  347.0,  332.7,  325.4,  326.6,  340.1,  378.0,  404.8,  432.3,  461.4,  482.9,  488.6,  493.1,  486.5,  479.3,  381.2,  371.2,  369.4,  379.2,  386.8,  388.3,  375.3,  362.8,  362.0,  369.3,  378.7,  379.9,  546.7,  539.3,  533.6,  537.2,  532.2,  534.5,  539.6,  561.1,  570.6,  573.8,  572.8,  565.2,  547.6,  546.5,  547.6,  544.1,  542.2,  549.5,  552.9,  551.3,  -81.5,  -81.5,  -79.4,  -75.2,  -64.6,  -49.4,  -31.9,  -11.3,  7.6,  23.7,  38.2,  51.0,  62.2,  69.0,  71.9,  73.8,  74.4,  -59.3,  -48.2,  -33.9,  -20.1,  -7.3,  15.6,  28.3,  40.8,  53.8,  63.5,  4.7,  6.0,  7.2,  8.3,  -6.6,  0.3,  7.0,  13.6,  19.8,  -39.4,  -31.7,  -22.8,  -15.4,  -22.7,  -31.7,  21.5,  28.9,  38.0,  45.3,  38.9,  30.1,  -20.7,  -8.7,  0.5,  7.6,  15.2,  24.1,  32.4,  25.1,  16.8,  8.6,  0.9,  -8.9,  -15.4,  0.4,  7.5,  15.3,  28.1,  15.4,  7.8,  0.4,  -4.1,  17.6,  39.6,  61.8,  83.7,  103.0,  118.8,  129.6,  132.3,  129.8,  120.5,  106.0,  87.2,  64.8,  40.6,  16.9,  -7.1,  -1.1,  -8.4,  -9.7,  -7.4,  -3.8,  -5.1,  -11.0,  -14.2,  -14.0,  -8.6,  7.1,  17.5,  27.9,  38.8,  49.6,  51.6,  53.3,  51.1,  48.5,  8.7,  4.6,  3.8,  7.9,  11.0,  11.6,  6.4,  1.2,  0.8,  3.9,  7.8,  8.3,  79.5,  73.9,  71.2,  72.8,  71.0,  73.4,  77.9,  85.0,  87.7,  88.6,  88.1,  85.7,  79.5,  76.9,  77.5,  76.4,  78.2,  78.6,  79.6,  78.9,  393.1,  399.8,  406.7,  410.6,  407.7,  404.8,  399.2,  392.1,  392.4,  401.0,  414.4,  423.4,  425.9,  422.4,  415.3,  406.5,  400.6,  362.4,  352.7,  347.1,  344.5,  343.3,  346.7,  352.1,  358.8,  366.8,  378.1,  345.3,  341.8,  338.0,  334.8,  352.9,  351.4,  350.5,  353.1,  356.0,  357.7,  355.9,  356.6,  358.6,  357.1,  356.9,  362.8,  362.8,  365.6,  370.3,  367.1,  364.4,  372.9,  360.8,  358.7,  359.6,  360.7,  367.9,  379.5,  369.9,  364.5,  362.6,  362.4,  365.4,  370.6,  360.8,  361.5,  363.2,  375.5,  362.8,  361.0,  360.9,  2.358,  0.301,  -0.135,  -0.006,  649.274,  467.424,  -17.372,  8.033,  -13.187,  5.368,  -9.257,  5.225,  0.119,  -2.238,  21.410,  -13.867,  -12.909,  -4.395,  -6.396,  -1.607,  -3.506,  6.369,  -3.784,  -0.251,  -2.139,  -5.712,  -1.580,  -3.954,  -2.645,  -1.130,  0.292,  0.665,  -0.741,  0.250,  0.058,  -0.401,  -0.245,  -0.784,  0.497,  -0.056, 0.00, 0.00, 0.00, 0.00, 0.00, 0.00, 0.00, 0.00, 0.00, 0.05, 0.00, 0.65, 0.00, 0.22, 0.00, 0.00, 0.06, 0.00, 0.00, 0.00, 1.00, 0.00, 0.00, 0.00, 0.00, 0.00, 0.00, 0.00, 1.00, 0.00, 0.00, 0.00, 0.00, 0.00, 0.00
108,  0,  3.570,  0.98,  1,  0.178879,  0.262525,  -0.948200,  -0.057030,  0.253105,  -0.965756,  0.064,  0.263,  559.5,  563.0,  573.6,  585.3,  591.1,  588.4,  577.0,  565.3,  545.5,  552.6,  562.3,  573.6,  585.0,  593.9,  600.4,  593.9,  584.6,  573.8,  562.8,  553.0,  570.3,  576.0,  581.2,  582.9,  580.1,  574.4,  569.2,  567.4,  702.5,  706.2,  716.3,  726.8,  731.6,  727.9,  717.9,  706.6,  694.1,  701.0,  710.5,  722.0,  732.5,  740.4,  745.0,  739.7,  731.7,  721.9,  711.5,  701.5,  712.5,  717.1,  721.5,  723.1,  721.0,  716.4,  712.0,  710.4,  378.4,  366.9,  361.3,  364.9,  375.5,  387.9,  392.6,  389.1,  382.1,  375.8,  371.3,  369.0,  370.6,  374.8,  381.5,  385.0,  386.4,  387.2,  386.9,  385.5,  383.5,  385.2,  382.5,  376.9,  371.6,  369.9,  372.6,  378.2,  369.1,  358.3,  353.1,  356.5,  366.5,  377.3,  382.5,  379.8,  375.6,  368.0,  362.5,  360.0,  360.9,  363.6,  368.5,  373.9,  377.4,  379.1,  379.1,  378.2,  372.4,  373.9,  371.6,  366.9,  362.5,  361.0,  363.3,  368.1,  -31.3,  -30.0,  -25.9,  -21.4,  -19.1,  -20.1,  -24.4,  -29.0,  -37.1,  -34.1,  -30.2,  -25.8,  -21.4,  -18.0,  -15.5,  -17.9,  -21.5,  -25.6,  -29.9,  -33.9,  -27.2,  -24.9,  -22.9,  -22.3,  -23.4,  -25.7,  -27.7,  -28.3,  24.7,  26.1,  30.1,  34.3,  36.3,  34.9,  30.9,  26.4,  21.4,  24.0,  27.7,  32.2,  36.6,  40.2,  42.4,  40.0,  36.5,  32.4,  28.2,  24.3,  28.7,  30.6,  32.4,  33.0,  32.1,  30.2,  28.5,  27.9,  7.2,  2.7,  0.5,  1.9,  6.1,  10.8,  12.6,  11.3,  8.7,  6.2,  4.4,  3.5,  4.1,  5.8,  8.4,  9.7,  10.2,  10.5,  10.4,  9.9,  9.1,  9.8,  8.8,  6.6,  4.6,  3.9,  4.9,  7.1,  3.6,  -0.7,  -2.7,  -1.4,  2.6,  6.9,  8.9,  7.8,  6.2,  3.2,  1.0,  -0.0,  0.4,  1.4,  3.5,  5.6,  6.9,  7.6,  7.5,  7.2,  4.9,  5.5,  4.6,  2.7,  1.0,  0.4,  1.3,  3.2,  340.2,  341.4,  342.1,  342.1,  341.2,  340.3,  339.3,  339.4,  343.4,  341.8,  340.2,  339.8,  340.6,  341.7,  342.9,  340.9,  339.0,  338.1,  338.9,  341.0,  340.9,  340.9,  341.2,  341.8,  342.2,  342.3,  341.9,  341.3,  345.1,  344.5,  344.7,  345.7,  346.8,  347.4,  347.2,  346.5,  346.9,  344.8,  343.5,  343.7,  346.1,  349.9,  353.5,  350.9,  348.1,  346.3,  345.7,  346.2,  346.8,  347.3,  347.4,  347.1,  346.6,  346.2,  346.1,  346.4,  4.3,  45.3,  365.6,  0.172,  -0.117,  -0.018,  458.4,  461.8,  469.7,  480.8,  503.3,  535.9,  572.7,  616.9,  658.6,  693.2,  722.1,  746.8,  768.9,  783.8,  792.2,  799.2,  802.3,  496.7,  520.0,  554.2,  588.5,  620.9,  679.2,  710.0,  739.0,  768.0,  786.7,  652.1,  655.6,  659.0,  662.4,  624.2,  641.3,  658.2,  674.6,  689.4,  543.7,  562.3,  584.3,  602.7,  584.7,  562.6,  691.8,  709.6,  730.7,  746.9,  732.5,  712.3,  592.7,  619.9,  642.5,  659.5,  677.5,  697.9,  715.2,  699.8,  680.9,  661.7,  643.5,  619.8,  604.9,  642.3,  659.3,  677.6,  705.9,  677.9,  659.8,  642.4,  351.6,  399.6,  447.0,  493.9,  542.2,  585.1,  622.7,  650.6,  656.0,  643.7,  614.1,  577.9,  537.5,  492.4,  443.9,  394.8,  343.2,  358.4,  339.7,  335.8,  341.1,  350.3,  346.7,  332.3,  324.7,  325.6,  339.1,  377.8,  404.6,  432.2,  461.3,  483.1,  488.6,  493.0,  486.4,  478.9,  381.6,  371.6,  369.7,  379.3,  387.0,  388.6,  374.8,  362.4,  361.4,  368.5,  378.0,  379.3,  547.4,  539.6,  533.6,  537.2,  532.0,  534.5,  539.6,  562.0,  571.9,  575.1,  574.2,  566.4,  548.3,  546.8,  547.8,  544.2,  542.3,  550.2,  553.7,  552.2,  -81.4,  -81.3,  -79.1,  -74.7,  -63.7,  -48.1,  -30.7,  -10.4,  8.4,  24.4,  38.8,  51.6,  62.6,  69.2,  72.0,  73.7,  74.0,  -59.2,  -48.3,  -33.9,  -20.2,  -7.5,  15.5,  28.1,  40.5,  53.6,  63.3,  4.7,  6.1,  7.3,  8.5,  -6.4,  0.5,  7.3,  13.9,  20.0,  -39.2,  -31.5,  -22.6,  -15.2,  -22.5,  -31.5,  21.4,  28.8,  37.8,  45.1,  38.7,  30.0,  -20.1,  -8.3,  1.0,  8.0,  15.4,  24.3,  32.6,  25.3,  17.0,  9.0,  1.4,  -8.4,  -14.8,  0.9,  8.0,  15.6,  28.2,  15.7,  8.2,  1.0,  -3.8,  18.1,  40.4,  62.9,  84.9,  104.1,  119.8,  130.3,  132.7,  130.0,  120.1,  105.2,  86.1,  63.7,  39.7,  16.1,  -7.7,  -0.7,  -8.1,  -9.6,  -7.4,  -3.8,  -5.3,  -11.1,  -14.5,  -14.4,  -9.0,  7.0,  17.4,  27.8,  38.7,  49.5,  51.5,  53.1,  50.9,  48.3,  8.8,  4.7,  3.9,  7.9,  11.0,  11.6,  6.1,  1.0,  0.6,  3.6,  7.5,  8.0,  79.7,  73.9,  71.0,  72.6,  70.7,  73.2,  77.8,  85.3,  88.2,  89.1,  88.6,  86.1,  79.6,  76.9,  77.4,  76.3,  78.1,  78.7,  79.8,  79.1,  392.3,  399.3,  406.6,  410.7,  407.7,  404.8,  399.2,  392.3,  392.5,  400.8,  413.6,  422.4,  424.6,  420.9,  413.7,  404.9,  399.0,  361.4,  351.8,  346.2,  343.7,  342.7,  346.2,  351.5,  358.2,  366.2,  377.3,  344.5,  340.9,  337.1,  333.8,  351.9,  350.4,  349.5,  352.1,  355.1,  356.6,  354.8,  355.6,  357.4,  355.9,  355.8,  361.9,  361.8,  364.6,  369.3,  366.0,  363.4,  372.3,  360.1,  357.8,  358.7,  359.8,  367.0,  378.8,  369.3,  364.1,  362.2,  362.0,  365.0,  370.1,  360.1,  360.7,  362.4,  374.9,  362.3,  360.4,  360.3,  2.363,  0.304,  -0.133,  -0.014,  649.882,  467.603,  -18.461,  10.074,  -12.586,  6.699,  -9.354,  4.546,  0.618,  -3.234,  21.174,  -14.534,  -12.344,  -3.627,  -5.691,  -1.857,  -3.352,  6.305,  -3.711,  -0.639,  -1.969,  -5.636,  -1.572,  -4.534,  -2.348,  -1.126,  0.335,  0.898,  -0.656,  0.252,  0.014,  -0.547,  -0.266,  -0.754,  0.499,  -0.055, 0.00, 0.00, 0.00, 0.00, 0.00, 0.00, 0.00, 0.00, 0.00, 0.02, 0.00, 0.69, 0.00, 0.12, 0.01, 0.10, 0.07, 0.00, 0.00, 0.00, 1.00, 0.00, 0.00, 0.00, 0.00, 0.00, 0.00, 0.00, 1.00, 0.00, 0.00, 0.00, 0.00, 0.00, 0.00
109,  0,  3.604,  0.98,  1,  0.175350,  0.264728,  -0.948246,  -0.053490,  0.252556,  -0.966103,  0.064,  0.264,  559.6,  562.9,  573.4,  585.1,  591.1,  588.7,  577.3,  565.6,  545.6,  552.9,  562.6,  573.8,  585.1,  593.9,  600.3,  594.1,  585.0,  574.3,  563.4,  553.4,  570.3,  576.1,  581.3,  582.9,  580.0,  574.2,  569.0,  567.4,  702.8,  706.5,  716.6,  727.1,  731.9,  728.1,  718.1,  706.8,  694.1,  701.2,  710.7,  722.2,  732.7,  740.8,  745.5,  740.0,  731.8,  721.8,  711.4,  701.6,  712.7,  717.3,  721.7,  723.4,  721.3,  716.7,  712.3,  710.6,  378.5,  367.2,  361.6,  365.2,  375.7,  387.9,  392.5,  389.0,  382.4,  376.0,  371.4,  369.1,  370.6,  374.7,  381.4,  385.0,  386.4,  387.2,  387.0,  385.7,  383.7,  385.4,  382.7,  377.2,  372.0,  370.2,  372.9,  378.5,  368.5,  357.7,  352.6,  356.0,  366.0,  376.8,  382.0,  379.2,  375.2,  367.6,  362.1,  359.5,  360.4,  363.0,  367.7,  373.2,  376.9,  378.6,  378.5,  377.7,  371.9,  373.4,  371.1,  366.4,  362.0,  360.5,  362.7,  367.5,  -31.2,  -30.1,  -26.0,  -21.5,  -19.1,  -20.0,  -24.3,  -28.8,  -37.0,  -34.0,  -30.1,  -25.7,  -21.4,  -18.0,  -15.6,  -17.9,  -21.3,  -25.3,  -29.6,  -33.7,  -27.1,  -24.9,  -22.9,  -22.3,  -23.5,  -25.7,  -27.7,  -28.3,  24.7,  26.1,  30.1,  34.3,  36.3,  34.9,  30.9,  26.4,  21.4,  24.1,  27.7,  32.2,  36.6,  40.2,  42.5,  40.0,  36.4,  32.3,  28.2,  24.3,  28.8,  30.6,  32.4,  33.0,  32.1,  30.3,  28.5,  27.9,  7.2,  2.8,  0.6,  2.0,  6.1,  10.9,  12.6,  11.2,  8.8,  6.2,  4.4,  3.5,  4.1,  5.8,  8.4,  9.7,  10.2,  10.5,  10.4,  10.0,  9.2,  9.9,  8.9,  6.7,  4.7,  4.0,  5.0,  7.2,  3.4,  -0.9,  -2.9,  -1.6,  2.4,  6.7,  8.7,  7.6,  6.0,  3.0,  0.8,  -0.2,  0.1,  1.2,  3.1,  5.3,  6.7,  7.3,  7.3,  7.0,  4.7,  5.3,  4.4,  2.5,  0.8,  0.2,  1.1,  2.9,  339.8,  341.3,  342.4,  342.4,  341.4,  340.1,  338.8,  338.7,  342.4,  341.1,  339.8,  339.8,  340.7,  341.9,  343.0,  340.8,  338.6,  337.5,  338.2,  340.1,  340.5,  340.5,  341.0,  341.8,  342.3,  342.3,  341.7,  341.0,  344.4,  343.7,  343.9,  344.9,  346.0,  346.7,  346.5,  345.8,  346.2,  344.1,  342.7,  342.8,  345.2,  349.0,  352.7,  350.0,  347.2,  345.4,  344.9,  345.5,  346.1,  346.6,  346.6,  346.3,  345.8,  345.4,  345.3,  345.6,  4.5,  45.1,  365.0,  0.170,  -0.118,  -0.022,  458.5,  462.0,  470.0,  481.3,  504.0,  536.8,  573.6,  617.6,  659.6,  694.4,  723.4,  748.2,  770.1,  784.8,  793.0,  799.6,  802.4,  497.2,  520.5,  554.6,  588.9,  621.1,  679.6,  710.3,  739.3,  768.1,  786.6,  652.4,  656.1,  659.6,  663.1,  624.9,  642.1,  659.0,  675.3,  690.1,  543.9,  562.5,  584.5,  603.0,  585.0,  562.9,  691.9,  709.9,  730.9,  747.1,  732.7,  712.5,  593.7,  620.9,  643.6,  660.6,  678.6,  699.1,  716.4,  701.1,  682.1,  662.9,  644.7,  620.8,  605.9,  643.4,  660.4,  678.8,  707.0,  679.1,  660.9,  643.5,  352.3,  400.0,  447.4,  494.2,  542.4,  585.2,  622.7,  650.8,  656.1,  643.6,  613.5,  576.8,  536.2,  491.1,  442.8,  394.1,  342.9,  358.5,  340.0,  335.8,  341.1,  350.2,  346.3,  331.7,  324.0,  324.9,  338.4,  377.6,  404.3,  431.6,  460.6,  482.8,  488.2,  492.5,  485.8,  478.3,  381.8,  371.8,  369.8,  379.2,  386.9,  388.6,  374.3,  361.9,  360.9,  367.9,  377.3,  378.7,  547.1,  539.2,  533.1,  536.6,  531.4,  533.6,  538.7,  561.3,  571.5,  575.0,  574.1,  566.2,  547.9,  546.4,  547.3,  543.7,  541.4,  549.8,  553.4,  552.0,  -81.3,  -81.2,  -78.9,  -74.4,  -63.3,  -47.7,  -30.3,  -10.0,  8.8,  24.9,  39.4,  52.2,  63.1,  69.6,  72.3,  73.9,  74.1,  -58.9,  -48.0,  -33.7,  -20.1,  -7.4,  15.7,  28.2,  40.6,  53.6,  63.2,  4.9,  6.2,  7.5,  8.8,  -6.1,  0.8,  7.6,  14.2,  20.3,  -39.1,  -31.4,  -22.5,  -15.1,  -22.4,  -31.3,  21.5,  28.9,  37.8,  45.2,  38.7,  30.1,  -19.7,  -7.9,  1.5,  8.4,  15.8,  24.7,  33.0,  25.7,  17.5,  9.4,  1.9,  -8.0,  -14.4,  1.4,  8.4,  16.0,  28.7,  16.1,  8.6,  1.4,  -3.5,  18.2,  40.6,  62.9,  84.9,  104.1,  119.8,  130.3,  132.8,  129.8,  119.7,  104.5,  85.4,  63.0,  39.1,  15.8,  -7.8,  -0.6,  -8.0,  -9.5,  -7.4,  -3.8,  -5.4,  -11.3,  -14.7,  -14.7,  -9.3,  6.9,  17.2,  27.5,  38.3,  49.3,  51.2,  52.8,  50.5,  47.9,  8.9,  4.8,  4.0,  7.8,  10.9,  11.6,  5.9,  0.8,  0.4,  3.3,  7.2,  7.8,  79.5,  73.6,  70.6,  72.2,  70.3,  72.7,  77.2,  84.8,  87.9,  88.8,  88.4,  85.9,  79.3,  76.5,  77.0,  75.9,  77.6,  78.4,  79.5,  78.9,  392.1,  399.1,  406.2,  410.3,  407.4,  404.5,  399.0,  392.2,  392.3,  400.5,  413.2,  421.9,  424.1,  420.5,  413.5,  404.9,  399.3,  360.9,  351.3,  345.7,  343.2,  342.2,  345.6,  351.1,  358.0,  366.2,  377.3,  343.9,  340.3,  336.3,  332.9,  351.1,  349.7,  348.7,  351.4,  354.4,  356.3,  354.4,  355.1,  357.0,  355.5,  355.4,  361.5,  361.5,  364.3,  369.0,  365.7,  363.0,  371.7,  359.3,  356.8,  357.7,  358.8,  366.2,  378.2,  368.8,  363.4,  361.6,  361.3,  364.3,  369.4,  359.3,  359.9,  361.6,  374.4,  361.5,  359.7,  359.6,  2.366,  0.302,  -0.136,  -0.018,  650.560,  467.252,  -16.989,  10.413,  -11.626,  7.077,  -9.618,  3.690,  0.675,  -3.353,  20.860,  -14.362,  -12.027,  -3.216,  -5.891,  -2.131,  -2.891,  5.972,  -3.985,  -0.635,  -1.725,  -5.949,  -1.429,  -4.447,  -2.131,  -1.046,  0.533,  0.754,  -0.552,  0.205,  -0.056,  -0.611,  -0.321,  -0.717,  0.505,  -0.024, 0.00, 0.00, 0.00, 0.00, 0.00, 0.00, 0.00, 0.00, 0.00, 0.00, 0.00, 0.64, 0.00, 0.04, 0.04, 0.22, 0.07, 0.00, 0.00, 0.00, 1.00, 0.00, 0.00, 0.00, 0.00, 0.00, 0.00, 0.00, 1.00, 0.00, 0.00, 0.00, 0.00, 0.00, 0.00
110,  0,  3.637,  0.98,  1,  0.189144,  0.265784,  -0.945296,  -0.054859,  0.253376,  -0.965811,  0.070,  0.265,  560.2,  563.6,  574.4,  586.3,  592.4,  589.9,  578.2,  566.3,  546.1,  553.4,  563.1,  574.2,  585.6,  594.6,  601.2,  594.7,  585.3,  574.5,  563.6,  553.7,  571.3,  577.0,  582.3,  583.9,  581.0,  575.2,  570.0,  568.3,  703.3,  707.0,  717.1,  727.7,  732.6,  728.8,  718.7,  707.4,  694.9,  702.0,  711.5,  723.0,  733.4,  741.3,  746.0,  740.6,  732.5,  722.5,  712.2,  702.4,  713.3,  718.0,  722.4,  724.1,  721.9,  717.3,  712.8,  711.1,  378.2,  366.8,  361.3,  364.9,  375.4,  387.7,  392.3,  388.7,  382.1,  375.5,  370.8,  368.6,  370.0,  374.3,  381.2,  384.8,  386.1,  386.9,  386.6,  385.4,  383.4,  385.1,  382.5,  377.0,  371.9,  370.2,  372.8,  378.3,  368.0,  357.2,  352.0,  355.4,  365.5,  376.4,  381.6,  378.8,  374.9,  367.1,  361.4,  358.9,  359.8,  362.6,  367.5,  372.9,  376.5,  378.2,  378.1,  377.3,  371.5,  373.0,  370.7,  365.9,  361.4,  359.9,  362.2,  367.0,  -30.7,  -29.5,  -25.4,  -20.8,  -18.4,  -19.3,  -23.6,  -28.2,  -36.3,  -33.4,  -29.6,  -25.3,  -20.9,  -17.5,  -15.0,  -17.4,  -20.9,  -24.9,  -29.2,  -33.2,  -26.5,  -24.2,  -22.2,  -21.7,  -22.8,  -25.1,  -27.1,  -27.6,  24.9,  26.3,  30.3,  34.6,  36.6,  35.2,  31.2,  26.6,  21.7,  24.4,  28.0,  32.5,  36.9,  40.4,  42.7,  40.2,  36.7,  32.6,  28.5,  24.6,  29.0,  30.9,  32.7,  33.3,  32.4,  30.5,  28.7,  28.1,  7.0,  2.6,  0.5,  1.9,  6.0,  10.6,  12.3,  11.0,  8.5,  6.0,  4.2,  3.3,  3.9,  5.5,  8.2,  9.5,  10.0,  10.2,  10.2,  9.8,  9.0,  9.7,  8.7,  6.6,  4.6,  3.9,  5.0,  7.0,  3.2,  -1.1,  -3.2,  -1.8,  2.2,  6.5,  8.5,  7.4,  5.9,  2.8,  0.6,  -0.4,  -0.1,  1.0,  3.0,  5.2,  6.6,  7.2,  7.2,  6.8,  4.5,  5.2,  4.2,  2.3,  0.6,  -0.0,  0.9,  2.8,  336.2,  337.9,  339.1,  339.0,  337.6,  336.1,  334.7,  334.8,  338.7,  337.5,  336.3,  336.1,  337.0,  337.9,  338.7,  336.5,  334.4,  333.5,  334.3,  336.3,  336.7,  336.6,  337.2,  338.1,  338.7,  338.8,  338.2,  337.3,  344.5,  343.9,  344.1,  345.1,  346.1,  346.7,  346.5,  345.8,  346.3,  344.2,  342.9,  343.1,  345.4,  349.2,  352.8,  350.1,  347.4,  345.6,  345.1,  345.6,  346.2,  346.6,  346.7,  346.5,  346.0,  345.6,  345.5,  345.7,  4.8,  44.9,  364.8,  0.173,  -0.119,  -0.023,  459.2,  462.5,  470.3,  481.5,  504.4,  537.5,  574.6,  618.6,  660.4,  695.0,  724.0,  748.8,  770.8,  785.5,  793.7,  800.2,  802.8,  497.9,  521.0,  555.1,  589.3,  621.5,  680.1,  710.7,  739.7,  768.4,  786.8,  653.1,  656.7,  660.3,  663.8,  625.6,  642.8,  659.6,  675.9,  690.7,  544.4,  563.0,  585.1,  603.5,  585.5,  563.4,  692.6,  710.5,  731.6,  747.7,  733.4,  713.2,  594.5,  621.4,  644.3,  661.3,  679.4,  699.8,  716.8,  701.7,  682.7,  663.4,  645.1,  621.2,  606.7,  644.1,  661.2,  679.5,  707.4,  679.7,  661.5,  644.0,  351.9,  399.7,  447.3,  494.4,  543.1,  586.1,  623.7,  651.5,  656.6,  643.7,  613.1,  576.0,  535.4,  490.2,  441.9,  393.2,  342.1,  358.4,  339.6,  335.3,  340.4,  349.4,  345.6,  331.1,  323.4,  324.3,  337.8,  377.1,  403.7,  430.9,  459.7,  482.3,  487.7,  491.9,  485.3,  477.8,  381.4,  371.4,  369.3,  378.9,  386.6,  388.3,  373.9,  361.4,  360.3,  367.4,  376.9,  378.3,  547.3,  538.8,  532.4,  536.0,  530.7,  533.2,  538.9,  561.8,  572.3,  575.8,  575.0,  567.0,  548.0,  546.1,  546.9,  543.3,  541.5,  550.1,  553.8,  552.5,  -80.8,  -80.8,  -78.7,  -74.3,  -63.1,  -47.4,  -29.9,  -9.6,  9.1,  25.2,  39.6,  52.4,  63.3,  69.7,  72.4,  73.9,  74.0,  -58.5,  -47.7,  -33.5,  -19.9,  -7.2,  15.9,  28.4,  40.7,  53.7,  63.2,  5.1,  6.5,  7.8,  9.0,  -5.8,  1.1,  7.8,  14.4,  20.5,  -38.8,  -31.1,  -22.2,  -14.9,  -22.1,  -31.1,  21.7,  29.1,  38.1,  45.4,  39.0,  30.3,  -19.3,  -7.6,  1.8,  8.7,  16.1,  25.0,  33.2,  26.0,  17.7,  9.7,  2.1,  -7.8,  -14.0,  1.7,  8.7,  16.3,  28.8,  16.4,  8.9,  1.7,  -3.6,  18.1,  40.5,  63.0,  85.2,  104.5,  120.3,  130.8,  133.1,  129.9,  119.4,  104.0,  84.8,  62.4,  38.6,  15.3,  -8.1,  -0.7,  -8.2,  -9.8,  -7.7,  -4.1,  -5.7,  -11.6,  -15.0,  -14.9,  -9.6,  6.7,  17.0,  27.2,  37.9,  49.1,  51.0,  52.6,  50.3,  47.7,  8.7,  4.6,  3.8,  7.7,  10.8,  11.5,  5.7,  0.6,  0.1,  3.1,  7.0,  7.6,  79.5,  73.3,  70.2,  71.9,  69.9,  72.4,  77.2,  85.1,  88.3,  89.2,  88.8,  86.2,  79.3,  76.4,  76.8,  75.7,  77.6,  78.6,  79.7,  79.1,  391.0,  398.3,  405.8,  410.1,  407.3,  404.4,  399.2,  392.6,  392.6,  400.8,  412.9,  421.3,  423.3,  419.6,  412.5,  403.8,  398.0,  360.1,  350.6,  345.2,  342.9,  342.2,  345.9,  351.1,  357.7,  365.7,  376.6,  343.8,  340.1,  336.3,  332.9,  350.9,  349.5,  348.6,  351.3,  354.3,  355.6,  353.7,  354.5,  356.4,  354.9,  354.8,  361.2,  361.0,  363.9,  368.6,  365.3,  362.6,  371.3,  358.9,  356.4,  357.4,  358.5,  365.9,  377.8,  368.9,  363.8,  361.9,  361.6,  364.3,  369.1,  359.0,  359.7,  361.4,  374.0,  361.7,  359.9,  359.7,  2.368,  0.305,  -0.136,  -0.019,  651.154,  467.016,  -19.372,  11.392,  -11.700,  7.445,  -10.258,  2.434,  1.015,  -3.777,  20.829,  -14.921,  -11.610,  -2.806,  -5.149,  -1.871,  -2.974,  5.891,  -4.363,  -0.704,  -1.462,  -5.677,  -1.659,  -4.716,  -2.326,  -1.007,  0.592,  0.590,  -0.576,  0.274,  -0.113,  -0.660,  -0.363,  -0.690,  0.468,  0.029, 0.00, 0.00, 0.00, 0.00, 0.00, 0.00, 0.00, 0.00, 0.00, 0.00, 0.00, 0.53, 0.00, 0.01, 0.09, 0.40, 0.01, 0.00, 0.00, 0.00, 1.00, 0.00, 0.00, 0.00, 0.00, 0.00, 0.00, 0.00, 1.00, 0.00, 0.00, 0.00, 0.00, 0.00, 0.00
111,  0,  3.670,  0.98,  1,  0.180115,  0.258759,  -0.949001,  -0.063159,  0.253922,  -0.965160,  0.061,  0.262,  560.9,  564.3,  575.0,  586.9,  592.9,  590.4,  578.8,  567.0,  546.9,  554.2,  564.0,  575.2,  586.5,  595.4,  601.8,  595.5,  586.4,  575.7,  564.7,  554.7,  571.7,  577.6,  583.0,  584.6,  581.7,  575.8,  570.4,  568.7,  704.0,  707.8,  717.8,  728.4,  733.2,  729.4,  719.4,  708.1,  695.7,  702.9,  712.5,  723.9,  734.3,  742.4,  747.1,  741.5,  733.2,  723.1,  712.8,  703.1,  714.1,  718.7,  723.0,  724.7,  722.6,  718.0,  713.6,  712.0,  377.4,  366.0,  360.5,  364.1,  374.7,  387.1,  391.7,  388.1,  381.4,  375.0,  370.4,  368.2,  369.6,  373.9,  380.7,  384.2,  385.6,  386.4,  386.1,  384.7,  382.8,  384.6,  381.9,  376.2,  370.9,  369.0,  371.8,  377.4,  367.7,  357.0,  351.9,  355.3,  365.3,  376.0,  381.2,  378.4,  374.5,  366.8,  361.2,  358.7,  359.6,  362.3,  367.1,  372.7,  376.3,  378.0,  377.8,  376.9,  371.0,  372.5,  370.3,  365.6,  361.3,  359.8,  362.0,  366.7,  -30.5,  -29.3,  -25.2,  -20.6,  -18.2,  -19.1,  -23.5,  -28.0,  -36.1,  -33.2,  -29.3,  -25.0,  -20.7,  -17.3,  -14.9,  -17.2,  -20.6,  -24.6,  -28.9,  -32.9,  -26.4,  -24.1,  -22.1,  -21.4,  -22.6,  -24.9,  -27.0,  -27.5,  25.3,  26.7,  30.7,  34.9,  36.9,  35.5,  31.5,  27.0,  22.1,  24.8,  28.5,  32.9,  37.3,  40.9,  43.3,  40.7,  37.1,  32.9,  28.8,  25.0,  29.4,  31.2,  33.0,  33.6,  32.7,  30.9,  29.1,  28.5,  6.7,  2.3,  0.2,  1.6,  5.7,  10.5,  12.2,  10.8,  8.3,  5.8,  4.0,  3.1,  3.7,  5.4,  8.0,  9.4,  9.8,  10.1,  10.0,  9.5,  8.8,  9.5,  8.5,  6.3,  4.2,  3.5,  4.6,  6.7,  3.1,  -1.2,  -3.2,  -1.8,  2.1,  6.4,  8.4,  7.3,  5.7,  2.7,  0.5,  -0.5,  -0.2,  0.9,  2.9,  5.1,  6.5,  7.1,  7.1,  6.7,  4.4,  5.0,  4.1,  2.2,  0.5,  -0.1,  0.8,  2.6,  337.0,  338.5,  339.7,  339.7,  338.7,  337.4,  336.0,  335.9,  339.5,  338.3,  337.1,  337.0,  338.0,  339.1,  340.2,  338.0,  335.9,  334.8,  335.4,  337.3,  337.7,  337.7,  338.3,  339.1,  339.6,  339.6,  339.0,  338.2,  345.2,  344.5,  344.6,  345.5,  346.6,  347.3,  347.2,  346.7,  347.2,  344.9,  343.5,  343.6,  345.9,  349.7,  353.3,  350.7,  348.0,  346.3,  345.9,  346.5,  346.9,  347.3,  347.3,  347.0,  346.5,  346.1,  346.1,  346.4,  5.1,  44.8,  364.1,  0.169,  -0.119,  -0.022,  460.0,  463.2,  471.1,  482.5,  505.4,  538.3,  575.0,  618.6,  660.3,  695.1,  724.2,  749.1,  771.1,  785.9,  794.2,  800.9,  803.6,  498.7,  521.9,  556.0,  590.2,  622.3,  681.5,  712.0,  740.9,  769.5,  787.7,  654.1,  657.7,  661.2,  664.6,  626.3,  643.5,  660.4,  676.7,  691.5,  545.2,  564.0,  586.0,  604.4,  586.4,  564.2,  693.5,  711.5,  732.5,  748.6,  734.3,  714.0,  595.7,  622.4,  645.2,  662.1,  680.0,  700.2,  716.9,  702.0,  683.2,  664.0,  645.8,  622.1,  607.9,  644.9,  661.9,  680.0,  707.5,  680.3,  662.2,  644.9,  351.2,  399.5,  447.4,  494.8,  543.6,  586.6,  624.0,  651.8,  657.1,  644.4,  613.8,  576.6,  535.8,  490.5,  442.2,  393.3,  342.1,  357.6,  338.8,  334.6,  339.9,  349.0,  345.2,  330.8,  323.0,  323.9,  337.5,  376.6,  403.2,  430.3,  459.1,  481.8,  487.2,  491.5,  484.8,  477.3,  380.9,  370.9,  368.9,  378.4,  386.1,  387.8,  373.5,  361.1,  360.2,  367.2,  376.6,  378.0,  547.5,  538.7,  532.1,  535.8,  530.5,  533.2,  539.2,  562.2,  572.6,  576.1,  575.2,  567.2,  548.1,  545.8,  546.7,  543.2,  541.8,  550.5,  554.1,  552.8,  -80.4,  -80.4,  -78.2,  -73.7,  -62.5,  -46.9,  -29.6,  -9.6,  9.1,  25.2,  39.6,  52.4,  63.3,  69.8,  72.6,  74.2,  74.4,  -58.1,  -47.3,  -33.1,  -19.5,  -6.9,  16.4,  28.9,  41.2,  54.1,  63.6,  5.5,  6.9,  8.1,  9.3,  -5.5,  1.4,  8.1,  14.7,  20.8,  -38.5,  -30.7,  -21.8,  -14.5,  -21.7,  -30.7,  22.1,  29.5,  38.4,  45.7,  39.3,  30.6,  -18.8,  -7.2,  2.1,  9.0,  16.3,  25.1,  33.1,  26.1,  17.9,  9.9,  2.4,  -7.4,  -13.5,  2.0,  9.0,  16.5,  28.8,  16.6,  9.1,  2.0,  -3.9,  17.9,  40.5,  63.1,  85.3,  104.6,  120.3,  130.8,  133.1,  130.0,  119.6,  104.1,  84.9,  62.5,  38.7,  15.4,  -8.1,  -1.0,  -8.5,  -10.0,  -7.9,  -4.3,  -5.8,  -11.7,  -15.1,  -15.1,  -9.7,  6.5,  16.7,  26.9,  37.6,  48.7,  50.7,  52.2,  50.0,  47.4,  8.5,  4.4,  3.6,  7.5,  10.6,  11.2,  5.6,  0.5,  0.1,  3.0,  6.9,  7.4,  79.4,  73.1,  69.9,  71.6,  69.7,  72.3,  77.2,  85.1,  88.2,  89.2,  88.8,  86.1,  79.2,  76.1,  76.5,  75.5,  77.6,  78.6,  79.7,  79.1,  390.6,  397.8,  405.2,  409.4,  406.7,  403.8,  398.7,  392.1,  392.0,  400.0,  412.2,  420.6,  422.6,  418.8,  411.9,  403.4,  397.9,  359.6,  350.1,  344.6,  342.3,  341.6,  345.3,  350.8,  357.5,  365.6,  376.7,  343.2,  339.5,  335.5,  332.0,  350.1,  348.6,  347.7,  350.4,  353.5,  355.1,  353.2,  354.0,  355.9,  354.4,  354.2,  360.7,  360.7,  363.6,  368.3,  364.9,  362.2,  370.5,  358.0,  355.5,  356.5,  357.6,  365.0,  377.1,  368.1,  363.0,  361.2,  360.9,  363.5,  368.3,  358.1,  358.7,  360.6,  373.3,  361.0,  359.2,  359.0,  2.372,  0.301,  -0.137,  -0.017,  651.898,  466.905,  -18.997,  11.795,  -11.338,  8.533,  -9.997,  1.876,  1.217,  -4.034,  20.845,  -15.287,  -11.377,  -2.425,  -5.258,  -2.070,  -2.598,  5.817,  -4.203,  -0.930,  -1.744,  -5.783,  -1.433,  -4.618,  -2.204,  -1.201,  0.792,  0.623,  -0.515,  0.194,  -0.117,  -0.622,  -0.389,  -0.686,  0.506,  0.043, 0.00, 0.00, 0.00, 0.00, 0.00, 0.00, 0.00, 0.00, 0.00, 0.00, 0.00, 0.44, 0.00, 0.00, 0.16, 0.44, 0.00, 0.00, 0.00, 0.00, 1.00, 0.00, 0.00, 0.00, 0.00, 0.00, 0.00, 0.00, 1.00, 0.00, 0.00, 0.00, 0.00, 0.00, 0.00
112,  0,  3.704,  0.98,  1,  0.189079,  0.258200,  -0.947408,  -0.062935,  0.248943,  -0.966471,  0.066,  0.259,  562.1,  565.7,  576.6,  588.6,  594.6,  591.9,  580.1,  568.1,  548.2,  555.4,  565.1,  576.3,  587.7,  596.7,  603.2,  596.6,  587.3,  576.4,  565.5,  555.7,  573.1,  579.0,  584.4,  586.2,  583.3,  577.4,  571.9,  570.2,  705.1,  708.9,  719.1,  729.6,  734.3,  730.5,  720.4,  709.1,  697.0,  704.1,  713.6,  725.1,  735.4,  743.3,  747.8,  742.4,  734.3,  724.4,  714.1,  704.3,  715.1,  719.7,  724.1,  725.8,  723.7,  719.1,  714.7,  713.0,  377.1,  365.6,  360.1,  363.8,  374.5,  387.0,  391.5,  387.8,  381.0,  374.7,  370.1,  368.0,  369.4,  373.6,  380.5,  384.1,  385.5,  386.2,  385.9,  384.5,  382.5,  384.3,  381.7,  376.0,  370.7,  368.8,  371.5,  377.2,  367.6,  356.8,  351.7,  355.1,  365.2,  376.0,  381.1,  378.3,  374.4,  366.7,  361.2,  358.8,  359.7,  362.3,  367.1,  372.6,  376.3,  378.0,  377.9,  376.9,  371.0,  372.5,  370.2,  365.5,  361.1,  359.6,  361.8,  366.5,  -29.8,  -28.6,  -24.5,  -19.9,  -17.5,  -18.4,  -22.9,  -27.5,  -35.5,  -32.5,  -28.7,  -24.4,  -20.1,  -16.7,  -14.2,  -16.6,  -20.1,  -24.2,  -28.4,  -32.3,  -25.7,  -23.4,  -21.4,  -20.7,  -21.9,  -24.2,  -26.2,  -26.9,  25.7,  27.1,  31.1,  35.4,  37.4,  35.9,  31.9,  27.4,  22.6,  25.2,  28.9,  33.4,  37.7,  41.3,  43.5,  41.0,  37.5,  33.4,  29.3,  25.5,  29.8,  31.6,  33.4,  34.0,  33.2,  31.3,  29.5,  28.9,  6.5,  2.2,  0.0,  1.5,  5.6,  10.3,  12.0,  10.6,  8.1,  5.6,  3.9,  3.1,  3.6,  5.3,  7.9,  9.2,  9.7,  10.0,  9.9,  9.4,  8.6,  9.3,  8.3,  6.2,  4.1,  3.4,  4.4,  6.6,  3.0,  -1.3,  -3.3,  -1.9,  2.1,  6.4,  8.4,  7.2,  5.7,  2.6,  0.5,  -0.5,  -0.1,  0.9,  2.9,  5.1,  6.5,  7.1,  7.1,  6.7,  4.3,  5.0,  4.1,  2.2,  0.4,  -0.2,  0.7,  2.6,  335.4,  337.0,  338.0,  338.0,  336.8,  335.4,  334.1,  334.2,  338.0,  336.7,  335.3,  335.2,  336.0,  337.0,  338.0,  335.9,  333.9,  332.9,  333.7,  335.7,  336.0,  335.9,  336.5,  337.2,  337.8,  337.9,  337.3,  336.6,  345.1,  344.4,  344.6,  345.6,  346.8,  347.5,  347.3,  346.6,  346.9,  344.8,  343.5,  343.6,  346.0,  349.8,  353.4,  350.8,  348.1,  346.3,  345.8,  346.3,  346.9,  347.3,  347.4,  347.1,  346.6,  346.2,  346.1,  346.4,  5.4,  44.8,  364.4,  0.172,  -0.116,  -0.021,  460.2,  463.6,  471.8,  483.6,  507.3,  540.8,  577.1,  620.1,  661.3,  695.8,  724.8,  749.7,  771.6,  786.5,  794.9,  801.6,  804.2,  499.7,  523.0,  557.3,  591.5,  623.6,  682.4,  712.9,  741.8,  770.6,  788.8,  655.4,  658.7,  662.0,  665.3,  626.7,  644.0,  661.1,  677.7,  692.6,  546.4,  565.2,  587.2,  605.4,  587.4,  565.3,  694.6,  712.6,  733.6,  749.6,  735.3,  715.1,  595.5,  622.6,  645.7,  662.5,  680.4,  700.7,  717.6,  702.4,  683.4,  664.3,  646.1,  622.2,  607.6,  645.4,  662.3,  680.5,  708.2,  680.7,  662.7,  645.3,  349.3,  398.5,  447.4,  495.8,  545.2,  588.4,  625.5,  652.4,  657.2,  644.4,  613.7,  576.4,  535.6,  490.5,  442.2,  393.3,  342.0,  357.7,  338.6,  334.3,  339.6,  348.8,  345.2,  330.9,  323.1,  323.9,  337.8,  376.3,  402.8,  429.9,  458.8,  481.5,  487.0,  491.4,  484.7,  477.0,  380.6,  370.6,  368.6,  378.3,  385.9,  387.5,  373.5,  361.1,  360.2,  367.3,  376.7,  378.0,  547.2,  538.5,  532.2,  535.8,  530.5,  533.1,  538.9,  561.8,  572.1,  575.6,  574.7,  566.7,  547.9,  545.8,  546.6,  543.1,  541.6,  550.2,  553.9,  552.6,  -80.4,  -80.4,  -78.1,  -73.4,  -61.8,  -45.9,  -28.7,  -8.9,  9.5,  25.5,  40.0,  52.7,  63.5,  70.0,  72.7,  74.4,  74.6,  -57.7,  -46.8,  -32.6,  -19.0,  -6.4,  16.8,  29.3,  41.6,  54.6,  64.1,  6.0,  7.3,  8.5,  9.6,  -5.3,  1.6,  8.4,  15.1,  21.3,  -38.0,  -30.2,  -21.4,  -14.1,  -21.3,  -30.3,  22.5,  29.9,  38.9,  46.2,  39.8,  31.1,  -18.9,  -7.1,  2.3,  9.2,  16.5,  25.4,  33.5,  26.3,  18.0,  10.0,  2.5,  -7.4,  -13.7,  2.2,  9.2,  16.7,  29.2,  16.8,  9.3,  2.2,  -4.8,  17.5,  40.6,  63.7,  86.2,  105.6,  121.1,  131.3,  133.3,  130.1,  119.5,  104.0,  84.7,  62.3,  38.6,  15.3,  -8.2,  -0.9,  -8.6,  -10.1,  -8.0,  -4.4,  -5.8,  -11.7,  -15.1,  -15.1,  -9.6,  6.4,  16.6,  26.8,  37.5,  48.7,  50.7,  52.2,  50.0,  47.3,  8.4,  4.3,  3.5,  7.4,  10.5,  11.2,  5.6,  0.5,  0.1,  3.1,  7.0,  7.4,  79.4,  73.2,  70.1,  71.8,  69.9,  72.4,  77.3,  85.1,  88.1,  89.1,  88.7,  86.0,  79.3,  76.2,  76.7,  75.6,  77.7,  78.6,  79.7,  79.1,  391.4,  398.8,  406.3,  410.3,  407.3,  404.4,  399.3,  392.8,  392.6,  400.4,  412.2,  420.4,  422.0,  417.9,  410.9,  402.6,  397.3,  359.7,  350.3,  344.8,  342.7,  342.1,  345.9,  351.4,  357.9,  366.0,  376.9,  343.6,  339.9,  335.9,  332.4,  350.4,  348.9,  348.0,  350.7,  353.9,  355.1,  353.3,  354.2,  356.0,  354.5,  354.2,  361.0,  361.0,  363.8,  368.6,  365.2,  362.4,  371.4,  358.9,  356.3,  357.3,  358.5,  366.0,  378.2,  368.8,  363.5,  361.5,  361.3,  364.2,  369.2,  358.7,  359.4,  361.3,  374.3,  361.6,  359.7,  359.5,  2.370,  0.303,  -0.132,  -0.017,  652.702,  466.829,  -21.045,  14.268,  -10.742,  8.169,  -9.257,  2.960,  0.928,  -5.076,  20.715,  -15.857,  -11.689,  -1.484,  -5.779,  -2.044,  -3.305,  6.198,  -4.263,  -1.004,  -1.496,  -5.630,  -1.432,  -4.874,  -2.167,  -1.542,  1.054,  0.498,  -0.592,  0.160,  -0.125,  -0.607,  -0.331,  -0.691,  0.476,  0.089, 0.00, 0.00, 0.00, 0.00, 0.00, 0.00, 0.00, 0.00, 0.00, 0.00, 0.00, 0.46, 0.00, 0.03, 0.15, 0.40, 0.00, 0.00, 0.00, 0.00, 1.00, 0.00, 0.00, 0.00, 0.00, 0.00, 0.00, 0.00, 1.00, 0.00, 0.00, 0.00, 0.00, 0.00, 0.00
113,  0,  3.737,  0.98,  1,  0.183671,  0.259986,  -0.947983,  -0.061941,  0.249477,  -0.966398,  0.064,  0.260,  562.8,  566.3,  577.2,  589.3,  595.3,  592.6,  580.9,  568.9,  549.0,  556.3,  566.1,  577.2,  588.6,  597.5,  603.9,  597.5,  588.3,  577.5,  566.5,  556.6,  573.8,  579.7,  585.1,  586.9,  583.9,  578.0,  572.5,  570.8,  706.2,  710.1,  720.2,  730.6,  735.3,  731.4,  721.3,  710.0,  697.8,  704.9,  714.5,  726.0,  736.4,  744.3,  748.7,  743.3,  735.3,  725.4,  715.0,  705.2,  716.1,  720.6,  725.1,  726.8,  724.7,  720.2,  715.7,  714.0,  377.1,  365.7,  360.2,  364.0,  374.7,  387.1,  391.6,  387.8,  381.0,  374.7,  370.2,  368.1,  369.5,  373.8,  380.8,  384.2,  385.5,  386.2,  385.8,  384.4,  382.6,  384.5,  381.8,  376.2,  370.8,  369.0,  371.6,  377.3,  367.9,  357.2,  352.2,  355.7,  365.8,  376.5,  381.6,  378.6,  374.6,  367.1,  361.7,  359.2,  360.2,  363.0,  367.8,  373.3,  376.9,  378.5,  378.3,  377.3,  371.4,  373.0,  370.7,  366.1,  361.6,  360.1,  362.3,  367.0,  -29.5,  -28.3,  -24.2,  -19.6,  -17.2,  -18.1,  -22.5,  -27.1,  -35.1,  -32.1,  -28.3,  -24.0,  -19.7,  -16.3,  -13.9,  -16.3,  -19.7,  -23.7,  -28.0,  -31.9,  -25.4,  -23.1,  -21.1,  -20.4,  -21.6,  -23.9,  -26.0,  -26.6,  26.1,  27.6,  31.6,  35.8,  37.7,  36.3,  32.2,  27.7,  22.9,  25.6,  29.2,  33.8,  38.1,  41.6,  43.9,  41.4,  37.9,  33.7,  29.6,  25.8,  30.1,  32.0,  33.7,  34.4,  33.5,  31.7,  29.9,  29.3,  6.5,  2.2,  0.1,  1.5,  5.7,  10.4,  12.1,  10.6,  8.1,  5.6,  3.9,  3.1,  3.6,  5.3,  8.0,  9.3,  9.7,  10.0,  9.8,  9.4,  8.7,  9.4,  8.4,  6.2,  4.2,  3.5,  4.5,  6.6,  3.1,  -1.1,  -3.1,  -1.7,  2.3,  6.6,  8.6,  7.4,  5.8,  2.8,  0.7,  -0.3,  0.1,  1.2,  3.1,  5.3,  6.7,  7.3,  7.2,  6.8,  4.5,  5.1,  4.3,  2.4,  0.6,  0.0,  0.9,  2.8,  334.8,  336.5,  337.7,  337.7,  336.5,  335.0,  333.6,  333.6,  337.1,  336.0,  334.8,  334.8,  335.8,  336.8,  337.7,  335.6,  333.4,  332.4,  333.0,  335.0,  335.4,  335.4,  336.0,  336.9,  337.5,  337.5,  336.9,  336.0,  344.8,  344.1,  344.3,  345.3,  346.5,  347.1,  346.9,  346.2,  346.5,  344.4,  343.2,  343.3,  345.8,  349.5,  353.2,  350.6,  347.8,  346.0,  345.4,  345.9,  346.5,  347.0,  347.1,  346.8,  346.3,  345.8,  345.7,  346.0,  5.8,  44.9,  364.7,  0.171,  -0.116,  -0.021,  460.5,  464.0,  472.3,  484.3,  508.6,  542.6,  579.0,  621.5,  662.1,  696.2,  725.1,  749.9,  772.0,  787.0,  795.6,  802.4,  805.0,  500.2,  523.7,  558.3,  592.6,  624.9,  683.3,  713.9,  743.0,  772.0,  790.1,  656.4,  659.7,  663.0,  666.3,  627.2,  644.7,  661.9,  678.6,  693.6,  547.2,  566.1,  588.1,  606.3,  588.3,  566.1,  695.5,  713.5,  734.6,  750.6,  736.2,  716.0,  596.0,  623.2,  646.2,  663.3,  681.4,  701.6,  718.5,  703.3,  684.3,  665.0,  646.7,  622.8,  608.1,  646.0,  663.1,  681.5,  709.1,  681.7,  663.5,  645.9,  349.4,  398.9,  448.2,  496.7,  546.0,  588.7,  625.3,  651.5,  656.0,  643.4,  613.1,  576.1,  535.5,  490.4,  442.0,  393.0,  341.5,  357.8,  338.7,  334.4,  339.8,  349.2,  345.8,  331.5,  323.7,  324.6,  338.7,  376.5,  403.2,  430.5,  459.5,  481.9,  487.4,  491.8,  485.1,  477.4,  380.5,  370.7,  368.8,  378.4,  386.0,  387.6,  373.9,  361.6,  360.7,  367.8,  377.1,  378.4,  546.9,  538.6,  532.4,  536.1,  530.9,  533.4,  538.9,  561.3,  571.5,  574.9,  574.0,  566.0,  547.8,  545.9,  546.9,  543.3,  541.6,  549.6,  553.3,  551.8,  -80.4,  -80.3,  -78.0,  -73.1,  -61.2,  -45.0,  -27.8,  -8.3,  9.9,  25.7,  40.1,  52.9,  63.7,  70.3,  73.2,  74.8,  75.1,  -57.5,  -46.6,  -32.2,  -18.6,  -5.9,  17.1,  29.7,  42.2,  55.3,  64.8,  6.4,  7.7,  8.8,  10.0,  -5.1,  1.9,  8.7,  15.5,  21.7,  -37.7,  -29.9,  -21.0,  -13.7,  -21.0,  -29.9,  22.9,  30.4,  39.4,  46.7,  40.2,  31.5,  -18.7,  -6.9,  2.5,  9.5,  17.0,  25.8,  34.0,  26.7,  18.4,  10.3,  2.8,  -7.2,  -13.5,  2.4,  9.5,  17.2,  29.6,  17.3,  9.6,  2.4,  -4.8,  17.8,  41.0,  64.2,  86.7,  105.7,  121.0,  130.8,  132.8,  129.7,  119.3,  104.0,  84.8,  62.4,  38.6,  15.2,  -8.4,  -0.9,  -8.5,  -10.1,  -7.9,  -4.2,  -5.6,  -11.5,  -14.9,  -14.8,  -9.2,  6.5,  16.8,  27.1,  37.8,  48.8,  50.8,  52.5,  50.2,  47.5,  8.3,  4.3,  3.6,  7.5,  10.5,  11.2,  5.7,  0.7,  0.3,  3.3,  7.2,  7.6,  79.4,  73.4,  70.3,  72.0,  70.1,  72.6,  77.4,  84.9,  87.9,  88.8,  88.4,  85.8,  79.3,  76.3,  76.8,  75.8,  77.8,  78.4,  79.5,  78.8,  392.1,  399.4,  407.0,  411.0,  407.8,  404.6,  399.2,  392.6,  392.5,  400.5,  412.6,  421.0,  422.6,  418.6,  411.6,  403.2,  398.0,  360.2,  350.6,  345.1,  343.0,  342.3,  346.1,  351.7,  358.4,  366.6,  377.8,  343.9,  340.2,  336.2,  332.7,  350.7,  349.1,  348.2,  351.1,  354.2,  355.4,  353.6,  354.5,  356.3,  354.7,  354.5,  361.3,  361.4,  364.2,  369.0,  365.6,  362.8,  371.7,  359.3,  356.8,  357.7,  358.9,  366.5,  378.7,  369.1,  363.6,  361.6,  361.3,  364.4,  369.5,  359.1,  359.8,  361.7,  374.8,  361.7,  359.7,  359.6,  2.368,  0.302,  -0.133,  -0.017,  653.552,  466.912,  -19.811,  14.713,  -10.752,  7.596,  -8.253,  4.137,  0.547,  -5.426,  20.439,  -16.020,  -11.546,  -1.922,  -5.422,  -1.867,  -3.769,  6.564,  -4.231,  -1.572,  -1.322,  -6.012,  -1.470,  -4.895,  -2.219,  -1.618,  1.198,  0.686,  -0.724,  0.184,  -0.088,  -0.588,  -0.314,  -0.704,  0.434,  0.064, 0.00, 0.00, 0.00, 0.00, 0.00, 0.00, 0.00, 0.00, 0.00, 0.00, 0.00, 0.47, 0.00, 0.05, 0.10, 0.29, 0.00, 0.00, 0.00, 0.00, 0.00, 0.00, 0.00, 0.00, 0.00, 0.00, 0.00, 0.00, 1.00, 0.00, 0.00, 0.00, 0.00, 0.00, 0.00
114,  0,  3.770,  0.98,  1,  0.185483,  0.260078,  -0.947605,  -0.060504,  0.254035,  -0.965301,  0.065,  0.263,  563.7,  567.1,  577.9,  589.8,  595.9,  593.3,  581.7,  569.8,  549.8,  557.1,  566.8,  578.0,  589.4,  598.2,  604.6,  598.1,  588.8,  578.0,  567.1,  557.4,  574.6,  580.5,  585.9,  587.6,  584.6,  578.7,  573.3,  571.6,  706.9,  710.8,  720.9,  731.4,  736.1,  732.2,  722.1,  710.8,  698.6,  705.6,  715.2,  726.7,  737.1,  745.1,  749.6,  744.1,  735.9,  726.0,  715.7,  705.9,  716.8,  721.4,  725.9,  727.7,  725.6,  720.9,  716.4,  714.7,  377.8,  366.5,  360.9,  364.5,  375.0,  387.3,  391.9,  388.4,  381.6,  375.2,  370.6,  368.5,  370.1,  374.3,  381.2,  384.7,  386.0,  386.6,  386.3,  384.9,  383.1,  384.9,  382.2,  376.6,  371.3,  369.5,  372.2,  377.9,  368.9,  358.3,  353.2,  356.7,  366.7,  377.4,  382.4,  379.5,  375.3,  367.8,  362.5,  360.1,  361.1,  363.7,  368.5,  374.0,  377.6,  379.3,  379.1,  377.9,  372.3,  373.9,  371.6,  366.9,  362.5,  360.9,  363.2,  367.9,  -29.4,  -28.2,  -24.1,  -19.5,  -17.1,  -18.0,  -22.4,  -27.0,  -35.0,  -32.1,  -28.2,  -23.9,  -19.6,  -16.2,  -13.8,  -16.2,  -19.7,  -23.7,  -27.9,  -31.9,  -25.2,  -22.9,  -20.9,  -20.3,  -21.5,  -23.8,  -25.8,  -26.4,  26.4,  27.9,  31.9,  36.1,  38.1,  36.7,  32.6,  28.1,  23.3,  25.9,  29.6,  34.1,  38.5,  42.0,  44.3,  41.8,  38.2,  34.1,  29.9,  26.1,  30.5,  32.4,  34.2,  34.8,  33.9,  32.1,  30.3,  29.6,  6.9,  2.5,  0.4,  1.7,  5.8,  10.5,  12.2,  10.9,  8.4,  5.9,  4.1,  3.3,  3.9,  5.6,  8.2,  9.5,  10.0,  10.2,  10.1,  9.6,  8.9,  9.6,  8.6,  6.4,  4.4,  3.7,  4.7,  6.9,  3.5,  -0.7,  -2.7,  -1.3,  2.7,  6.9,  8.9,  7.7,  6.1,  3.1,  1.0,  0.0,  0.4,  1.5,  3.4,  5.6,  7.0,  7.6,  7.5,  7.1,  4.9,  5.5,  4.6,  2.7,  1.0,  0.4,  1.3,  3.1,  337.1,  338.7,  339.9,  339.8,  338.6,  337.1,  335.8,  335.8,  339.7,  338.4,  337.1,  337.0,  337.9,  338.8,  339.8,  337.6,  335.6,  334.6,  335.4,  337.4,  337.6,  337.6,  338.2,  339.0,  339.6,  339.7,  339.1,  338.3,  345.6,  344.8,  344.9,  345.9,  347.1,  347.9,  347.8,  347.1,  347.5,  345.3,  343.9,  344.0,  346.4,  350.1,  353.8,  351.2,  348.6,  346.8,  346.3,  346.9,  347.3,  347.8,  347.8,  347.5,  346.9,  346.5,  346.5,  346.8,  5.9,  45.1,  365.5,  0.171,  -0.120,  -0.017,  460.7,  464.3,  472.4,  483.9,  507.3,  540.7,  577.1,  620.3,  661.7,  696.3,  725.3,  750.0,  772.0,  786.9,  795.4,  802.5,  805.4,  500.7,  524.6,  559.2,  593.5,  626.0,  684.4,  715.1,  744.1,  772.9,  791.0,  657.3,  660.6,  663.9,  667.1,  627.7,  645.3,  662.6,  679.3,  694.3,  547.9,  566.8,  588.8,  607.0,  589.0,  566.9,  696.3,  714.2,  735.3,  751.3,  736.9,  716.7,  595.6,  623.3,  646.3,  663.6,  682.1,  702.4,  719.4,  704.1,  685.2,  665.5,  646.9,  622.9,  607.7,  646.1,  663.4,  682.2,  710.0,  682.5,  663.9,  646.1,  349.4,  398.7,  447.7,  495.7,  544.5,  587.1,  623.6,  650.4,  655.3,  643.0,  613.1,  576.5,  536.0,  491.0,  442.9,  394.2,  342.9,  357.9,  339.1,  335.0,  340.5,  350.0,  346.6,  332.3,  324.6,  325.4,  339.3,  377.3,  404.0,  431.4,  460.4,  482.3,  488.0,  492.5,  485.7,  478.1,  381.0,  371.2,  369.3,  378.9,  386.5,  388.0,  374.6,  362.4,  361.5,  368.6,  377.9,  379.1,  546.7,  538.6,  532.6,  536.3,  531.1,  533.5,  538.9,  560.5,  570.5,  573.9,  572.9,  565.2,  547.6,  546.1,  547.1,  543.5,  541.5,  548.8,  552.4,  551.0,  -80.4,  -80.3,  -78.0,  -73.3,  -61.8,  -45.9,  -28.7,  -8.8,  9.7,  25.8,  40.3,  53.1,  64.0,  70.5,  73.4,  75.1,  75.5,  -57.4,  -46.3,  -31.9,  -18.2,  -5.5,  17.6,  30.2,  42.7,  55.8,  65.4,  6.8,  8.0,  9.2,  10.3,  -5.0,  2.1,  9.0,  15.8,  22.1,  -37.5,  -29.6,  -20.8,  -13.5,  -20.7,  -29.7,  23.3,  30.7,  39.8,  47.1,  40.6,  31.9,  -18.9,  -6.9,  2.6,  9.7,  17.3,  26.2,  34.5,  27.1,  18.8,  10.6,  2.9,  -7.1,  -13.6,  2.5,  9.7,  17.5,  30.0,  17.6,  9.9,  2.5,  -4.8,  17.7,  40.8,  63.7,  86.0,  105.1,  120.3,  130.3,  132.4,  129.6,  119.6,  104.5,  85.3,  62.9,  39.1,  15.8,  -7.8,  -0.9,  -8.4,  -9.9,  -7.6,  -3.9,  -5.3,  -11.1,  -14.5,  -14.5,  -9.0,  6.8,  17.2,  27.5,  38.4,  49.2,  51.2,  52.9,  50.6,  47.9,  8.5,  4.5,  3.8,  7.7,  10.8,  11.4,  6.1,  1.0,  0.6,  3.6,  7.5,  7.9,  79.5,  73.5,  70.6,  72.3,  70.4,  72.9,  77.6,  84.7,  87.6,  88.5,  88.0,  85.6,  79.4,  76.5,  77.1,  76.0,  77.9,  78.2,  79.2,  78.6,  392.5,  399.6,  407.0,  411.0,  407.9,  404.8,  399.4,  392.5,  392.4,  400.7,  413.6,  422.4,  424.2,  420.2,  413.0,  404.6,  399.4,  360.7,  351.1,  345.7,  343.6,  342.8,  346.6,  352.4,  359.1,  367.5,  378.8,  344.7,  341.2,  337.4,  334.1,  351.8,  350.3,  349.4,  352.2,  355.4,  356.0,  354.3,  355.2,  357.2,  355.5,  355.2,  362.3,  362.4,  365.3,  370.0,  366.6,  363.8,  372.4,  360.1,  357.7,  358.6,  359.9,  367.5,  379.7,  369.7,  363.9,  361.9,  361.6,  364.8,  370.2,  359.9,  360.6,  362.6,  375.7,  362.2,  360.2,  360.0,  2.363,  0.302,  -0.139,  -0.012,  653.942,  467.064,  -18.697,  13.471,  -11.622,  5.630,  -8.712,  4.914,  -0.552,  -4.566,  20.337,  -15.327,  -12.021,  -2.380,  -5.948,  -1.155,  -3.375,  6.875,  -3.774,  -1.486,  -1.479,  -6.051,  -1.232,  -4.516,  -2.157,  -1.689,  1.044,  0.598,  -0.968,  0.320,  -0.059,  -0.580,  -0.251,  -0.754,  0.432,  0.044, 0.00, 0.00, 0.00, 0.00, 0.00, 0.00, 0.00, 0.00, 0.00, 0.00, 0.00, 0.51, 0.00, 0.13, 0.02, 0.15, 0.00, 0.00, 0.00, 0.00, 1.00, 0.00, 0.00, 0.00, 0.00, 0.00, 0.00, 0.00, 0.00, 0.00, 0.00, 0.00, 0.00, 0.00, 0.00
115,  0,  3.804,  0.98,  1,  0.179411,  0.259685,  -0.948881,  -0.058336,  0.252066,  -0.965950,  0.063,  0.261,  563.9,  567.3,  578.1,  589.9,  595.9,  593.3,  581.7,  569.9,  549.7,  557.2,  567.2,  578.5,  589.8,  598.6,  604.8,  598.5,  589.3,  578.6,  567.6,  557.6,  574.7,  580.5,  585.9,  587.6,  584.7,  578.8,  573.4,  571.7,  707.4,  711.1,  721.2,  731.6,  736.3,  732.6,  722.6,  711.3,  698.8,  706.0,  715.5,  726.9,  737.3,  745.2,  749.8,  744.4,  736.3,  726.4,  716.1,  706.2,  717.3,  721.8,  726.2,  727.8,  725.8,  721.2,  716.9,  715.2,  378.1,  366.7,  361.2,  364.9,  375.6,  387.9,  392.4,  388.8,  381.8,  375.5,  371.2,  369.1,  370.7,  375.0,  381.7,  385.2,  386.4,  387.0,  386.6,  385.2,  383.5,  385.3,  382.7,  377.0,  371.7,  369.8,  372.5,  378.2,  369.5,  358.8,  353.6,  357.1,  367.2,  377.9,  383.1,  380.3,  376.0,  368.5,  363.0,  360.6,  361.5,  364.3,  369.1,  374.6,  378.2,  379.8,  379.6,  378.7,  372.9,  374.5,  372.2,  367.5,  363.2,  361.6,  363.9,  368.6,  -29.3,  -28.1,  -24.0,  -19.4,  -17.1,  -18.0,  -22.4,  -26.9,  -35.0,  -32.0,  -28.0,  -23.7,  -19.4,  -16.0,  -13.7,  -16.0,  -19.4,  -23.5,  -27.7,  -31.7,  -25.2,  -22.9,  -20.9,  -20.3,  -21.5,  -23.7,  -25.8,  -26.4,  26.6,  28.1,  32.1,  36.3,  38.3,  36.9,  32.8,  28.3,  23.4,  26.1,  29.7,  34.2,  38.6,  42.2,  44.5,  42.0,  38.4,  34.3,  30.1,  26.3,  30.7,  32.6,  34.3,  34.9,  34.1,  32.2,  30.5,  29.9,  7.0,  2.6,  0.5,  1.9,  6.0,  10.8,  12.4,  11.0,  8.4,  6.0,  4.3,  3.5,  4.1,  5.8,  8.4,  9.7,  10.1,  10.3,  10.2,  9.7,  9.1,  9.8,  8.8,  6.6,  4.5,  3.8,  4.8,  7.0,  3.8,  -0.5,  -2.5,  -1.1,  2.9,  7.1,  9.2,  8.0,  6.4,  3.3,  1.2,  0.2,  0.6,  1.7,  3.7,  5.9,  7.2,  7.8,  7.8,  7.4,  5.1,  5.8,  4.9,  3.0,  1.3,  0.7,  1.5,  3.4,  336.6,  338.2,  339.3,  339.4,  338.4,  337.1,  335.7,  335.6,  339.1,  337.9,  336.6,  336.6,  337.6,  338.8,  340.0,  337.7,  335.6,  334.4,  335.0,  336.9,  337.4,  337.4,  338.0,  338.8,  339.3,  339.2,  338.7,  337.9,  346.1,  345.5,  345.7,  346.7,  347.8,  348.4,  348.1,  347.4,  347.8,  345.7,  344.5,  344.6,  347.0,  350.8,  354.4,  351.7,  348.9,  347.1,  346.6,  347.1,  347.8,  348.2,  348.3,  348.1,  347.6,  347.2,  347.1,  347.3,  6.0,  45.2,  366.0,  0.170,  -0.123,  -0.015,  460.6,  464.1,  472.2,  483.5,  506.9,  540.4,  577.2,  620.7,  662.0,  696.2,  724.8,  749.4,  771.5,  786.6,  795.2,  802.4,  805.5,  500.6,  524.6,  559.3,  593.7,  626.2,  684.7,  715.2,  744.2,  773.0,  791.4,  657.5,  661.0,  664.3,  667.6,  628.0,  645.6,  663.0,  679.7,  694.8,  548.2,  567.1,  589.1,  607.4,  589.3,  567.2,  696.5,  714.5,  735.6,  751.7,  737.2,  717.0,  594.9,  623.2,  646.4,  663.8,  682.5,  702.9,  720.2,  704.7,  685.7,  665.9,  647.2,  622.9,  607.1,  646.1,  663.7,  682.6,  710.9,  683.0,  664.3,  646.2,  349.4,  398.6,  447.3,  495.2,  543.7,  586.1,  622.7,  649.5,  654.4,  642.5,  613.2,  577.2,  537.1,  492.1,  443.7,  394.6,  342.9,  358.2,  339.4,  335.6,  341.2,  350.7,  347.5,  333.0,  325.3,  325.9,  339.6,  377.8,  404.7,  432.2,  461.3,  482.8,  488.5,  493.1,  486.3,  478.6,  381.3,  371.7,  369.8,  379.4,  386.9,  388.5,  375.3,  363.0,  362.1,  369.1,  378.4,  379.7,  546.1,  538.8,  533.1,  536.8,  531.6,  533.7,  538.4,  559.8,  569.7,  573.0,  572.0,  564.4,  547.2,  546.3,  547.3,  543.7,  541.2,  548.2,  551.8,  550.3,  -80.5,  -80.3,  -78.1,  -73.5,  -62.0,  -46.1,  -28.6,  -8.6,  9.9,  25.7,  40.1,  52.9,  64.0,  70.7,  73.5,  75.3,  75.8,  -57.5,  -46.4,  -31.9,  -18.2,  -5.4,  17.7,  30.3,  42.8,  55.9,  65.6,  6.9,  8.2,  9.4,  10.6,  -4.8,  2.3,  9.2,  16.0,  22.3,  -37.4,  -29.5,  -20.7,  -13.3,  -20.6,  -29.6,  23.4,  30.9,  40.0,  47.3,  40.8,  32.1,  -19.2,  -6.9,  2.6,  9.8,  17.5,  26.5,  34.9,  27.3,  19.0,  10.7,  3.0,  -7.1,  -13.9,  2.5,  9.8,  17.7,  30.5,  17.8,  10.0,  2.6,  -4.8,  17.6,  40.6,  63.5,  85.6,  104.6,  119.8,  129.7,  131.9,  129.4,  119.8,  105.1,  86.1,  63.7,  39.7,  16.1,  -7.8,  -0.8,  -8.3,  -9.7,  -7.4,  -3.6,  -5.0,  -10.9,  -14.3,  -14.3,  -8.8,  7.0,  17.4,  27.9,  38.7,  49.4,  51.5,  53.2,  50.9,  48.2,  8.7,  4.7,  4.0,  7.9,  11.0,  11.6,  6.3,  1.2,  0.9,  3.9,  7.7,  8.2,  79.3,  73.7,  70.9,  72.6,  70.7,  73.1,  77.6,  84.5,  87.2,  88.1,  87.6,  85.2,  79.3,  76.7,  77.3,  76.2,  77.9,  77.9,  79.0,  78.3,  392.8,  399.8,  407.0,  410.9,  407.9,  404.7,  399.0,  392.0,  392.2,  400.7,  414.1,  423.4,  425.5,  421.7,  414.5,  405.9,  400.6,  361.2,  351.6,  346.2,  344.0,  343.1,  346.9,  352.6,  359.4,  367.8,  379.2,  345.1,  341.6,  337.8,  334.5,  352.3,  350.8,  349.8,  352.7,  355.9,  356.5,  354.8,  355.8,  357.7,  356.0,  355.6,  362.8,  362.9,  365.8,  370.6,  367.2,  364.4,  372.8,  360.6,  358.3,  359.3,  360.6,  368.2,  380.4,  369.9,  363.8,  361.7,  361.5,  364.9,  370.6,  360.4,  361.1,  363.1,  376.4,  362.3,  360.2,  360.0,  2.360,  0.300,  -0.144,  -0.010,  654.102,  467.210,  -17.010,  12.065,  -11.739,  4.486,  -8.589,  6.556,  -1.050,  -3.693,  20.143,  -15.126,  -12.637,  -2.857,  -6.128,  -1.150,  -4.097,  7.165,  -3.612,  -1.383,  -1.789,  -6.175,  -1.392,  -4.642,  -2.317,  -1.673,  1.025,  0.798,  -0.893,  0.361,  -0.003,  -0.528,  -0.211,  -0.785,  0.398,  -0.009, 0.00, 0.00, 0.00, 0.00, 0.00, 0.00, 0.00, 0.00, 0.00, 0.00, 0.00, 0.55, 0.00, 0.25, 0.00, 0.00, 0.00, 0.00, 0.00, 0.00, 1.00, 0.00, 0.00, 0.00, 0.00, 0.00, 0.00, 0.00, 0.00, 0.00, 0.00, 0.00, 0.00, 0.00, 0.00
