frame, face_id, timestamp, confidence, success, gaze_0_x, gaze_0_y, gaze_0_z, gaze_1_x, gaze_1_y, gaze_1_z, gaze_angle_x, gaze_angle_y, eye_lmk_x_0, eye_lmk_x_1, eye_lmk_x_2, eye_lmk_x_3, eye_lmk_x_4, eye_lmk_x_5, eye_lmk_x_6, eye_lmk_x_7, eye_lmk_x_8, eye_lmk_x_9, eye_lmk_x_10, eye_lmk_x_11, eye_lmk_x_12, eye_lmk_x_13, eye_lmk_x_14, eye_lmk_x_15, eye_lmk_x_16, eye_lmk_x_17, eye_lmk_x_18, eye_lmk_x_19, eye_lmk_x_20, eye_lmk_x_21, eye_lmk_x_22, eye_lmk_x_23, eye_lmk_x_24, eye_lmk_x_25, eye_lmk_x_26, eye_lmk_x_27, eye_lmk_x_28, eye_lmk_x_29, eye_lmk_x_30, eye_lmk_x_31, eye_lmk_x_32, eye_lmk_x_33, eye_lmk_x_34, eye_lmk_x_35, eye_lmk_x_36, eye_lmk_x_37, eye_lmk_x_38, eye_lmk_x_39, eye_lmk_x_40, eye_lmk_x_41, eye_lmk_x_42, eye_lmk_x_43, eye_lmk_x_44, eye_lmk_x_45, eye_lmk_x_46, eye_lmk_x_47, eye_lmk_x_48, eye_lmk_x_49, eye_lmk_x_50, eye_lmk_x_51, eye_lmk_x_52, eye_lmk_x_53, eye_lmk_x_54, eye_lmk_x_55, eye_lmk_y_0, eye_lmk_y_1, eye_lmk_y_2, eye_lmk_y_3, eye_lmk_y_4, eye_lmk_y_5, eye_lmk_y_6, eye_lmk_y_7, eye_lmk_y_8, eye_lmk_y_9, eye_lmk_y_10, eye_lmk_y_11, eye_lmk_y_12, eye_lmk_y_13, eye_lmk_y_14, eye_lmk_y_15, eye_lmk_y_16, eye_lmk_y_17, eye_lmk_y_18, eye_lmk_y_19, eye_lmk_y_20, eye_lmk_y_21, eye_lmk_y_22, eye_lmk_y_23, eye_lmk_y_24, eye_lmk_y_25, eye_lmk_y_26, eye_lmk_y_27, eye_lmk_y_28, eye_lmk_y_29, eye_lmk_y_30, eye_lmk_y_31, eye_lmk_y_32, eye_lmk_y_33, eye_lmk_y_34, eye_lmk_y_35, eye_lmk_y_36, eye_lmk_y_37, eye_lmk_y_38, eye_lmk_y_39, eye_lmk_y_40, eye_lmk_y_41, eye_lmk_y_42, eye_lmk_y_43, eye_lmk_y_44, eye_lmk_y_45, eye_lmk_y_46, eye_lmk_y_47, eye_lmk_y_48, eye_lmk_y_49, eye_lmk_y_50, eye_lmk_y_51, eye_lmk_y_52, eye_lmk_y_53, eye_lmk_y_54, eye_lmk_y_55, eye_lmk_X_0, eye_lmk_X_1, eye_lmk_X_2, eye_lmk_X_3, eye_lmk_X_4, eye_lmk_X_5, eye_lmk_X_6, eye_lmk_X_7, eye_lmk_X_8, eye_lmk_X_9, eye_lmk_X_10, eye_lmk_X_11, eye_lmk_X_12, eye_lmk_X_13, eye_lmk_X_14, eye_lmk_X_15, eye_lmk_X_16, eye_lmk_X_17, eye_lmk_X_18, eye_lmk_X_19, eye_lmk_X_20, eye_lmk_X_21, eye_lmk_X_22, eye_lmk_X_23, eye_lmk_X_24, eye_lmk_X_25, eye_lmk_X_26, eye_lmk_X_27, eye_lmk_X_28, eye_lmk_X_29, eye_lmk_X_30, eye_lmk_X_31, eye_lmk_X_32, eye_lmk_X_33, eye_lmk_X_34, eye_lmk_X_35, eye_lmk_X_36, eye_lmk_X_37, eye_lmk_X_38, eye_lmk_X_39, eye_lmk_X_40, eye_lmk_X_41, eye_lmk_X_42, eye_lmk_X_43, eye_lmk_X_44, eye_lmk_X_45, eye_lmk_X_46, eye_lmk_X_47, eye_lmk_X_48, eye_lmk_X_49, eye_lmk_X_50, eye_lmk_X_51, eye_lmk_X_52, eye_lmk_X_53, eye_lmk_X_54, eye_lmk_X_55, eye_lmk_Y_0, eye_lmk_Y_1, eye_lmk_Y_2, eye_lmk_Y_3, eye_lmk_Y_4, eye_lmk_Y_5, eye_lmk_Y_6, eye_lmk_Y_7, eye_lmk_Y_8, eye_lmk_Y_9, eye_lmk_Y_10, eye_lmk_Y_11, eye_lmk_Y_12, eye_lmk_Y_13, eye_lmk_Y_14, eye_lmk_Y_15, eye_lmk_Y_16, eye_lmk_Y_17, eye_lmk_Y_18, eye_lmk_Y_19, eye_lmk_Y_20, eye_lmk_Y_21, eye_lmk_Y_22, eye_lmk_Y_23, eye_lmk_Y_24, eye_lmk_Y_25, eye_lmk_Y_26, eye_lmk_Y_27, eye_lmk_Y_28, eye_lmk_Y_29, eye_lmk_Y_30, eye_lmk_Y_31, eye_lmk_Y_32, eye_lmk_Y_33, eye_lmk_Y_34, eye_lmk_Y_35, eye_lmk_Y_36, eye_lmk_Y_37, eye_lmk_Y_38, eye_lmk_Y_39, eye_lmk_Y_40, eye_lmk_Y_41, eye_lmk_Y_42, eye_lmk_Y_43, eye_lmk_Y_44, eye_lmk_Y_45, eye_lmk_Y_46, eye_lmk_Y_47, eye_lmk_Y_48, eye_lmk_Y_49, eye_lmk_Y_50, eye_lmk_Y_51, eye_lmk_Y_52, eye_lmk_Y_53, eye_lmk_Y_54, eye_lmk_Y_55, eye_lmk_Z_0, eye_lmk_Z_1, eye_lmk_Z_2, eye_lmk_Z_3, eye_lmk_Z_4, eye_lmk_Z_5, eye_lmk_Z_6, eye_lmk_Z_7, eye_lmk_Z_8, eye_lmk_Z_9, eye_lmk_Z_10, eye_lmk_Z_11, eye_lmk_Z_12, eye_lmk_Z_13, eye_lmk_Z_14, eye_lmk_Z_15, eye_lmk_Z_16, eye_lmk_Z_17, eye_lmk_Z_18, eye_lmk_Z_19, eye_lmk_Z_20, eye_lmk_Z_21, eye_lmk_Z_22, eye_lmk_Z_23, eye_lmk_Z_24, eye_lmk_Z_25, eye_lmk_Z_26, eye_lmk_Z_27, eye_lmk_Z_28, eye_lmk_Z_29, eye_lmk_Z_30, eye_lmk_Z_31, eye_lmk_Z_32, eye_lmk_Z_33, eye_lmk_Z_34, eye_lmk_Z_35, eye_lmk_Z_36, eye_lmk_Z_37, eye_lmk_Z_38, eye_lmk_Z_39, eye_lmk_Z_40, eye_lmk_Z_41, eye_lmk_Z_42, eye_lmk_Z_43, eye_lmk_Z_44, eye_lmk_Z_45, eye_lmk_Z_46, eye_lmk_Z_47, eye_lmk_Z_48, eye_lmk_Z_49, eye_lmk_Z_50, eye_lmk_Z_51, eye_lmk_Z_52, eye_lmk_Z_53, eye_lmk_Z_54, eye_lmk_Z_55, pose_Tx, pose_Ty, pose_Tz, pose_Rx, pose_Ry, pose_Rz, x_0, x_1, x_2, x_3, x_4, x_5, x_6, x_7, x_8, x_9, x_10, x_11, x_12, x_13, x_14, x_15, x_16, x_17, x_18, x_19, x_20, x_21, x_22, x_23, x_24, x_25, x_26, x_27, x_28, x_29, x_30, x_31, x_32, x_33, x_34, x_35, x_36, x_37, x_38, x_39, x_40, x_41, x_42, x_43, x_44, x_45, x_46, x_47, x_48, x_49, x_50, x_51, x_52, x_53, x_54, x_55, x_56, x_57, x_58, x_59, x_60, x_61, x_62, x_63, x_64, x_65, x_66, x_67, y_0, y_1, y_2, y_3, y_4, y_5, y_6, y_7, y_8, y_9, y_10, y_11, y_12, y_13, y_14, y_15, y_16, y_17, y_18, y_19, y_20, y_21, y_22, y_23, y_24, y_25, y_26, y_27, y_28, y_29, y_30, y_31, y_32, y_33, y_34, y_35, y_36, y_37, y_38, y_39, y_40, y_41, y_42, y_43, y_44, y_45, y_46, y_47, y_48, y_49, y_50, y_51, y_52, y_53, y_54, y_55, y_56, y_57, y_58, y_59, y_60, y_61, y_62, y_63, y_64, y_65, y_66, y_67, X_0, X_1, X_2, X_3, X_4, X_5, X_6, X_7, X_8, X_9, X_10, X_11, X_12, X_13, X_14, X_15, X_16, X_17, X_18, X_19, X_20, X_21, X_22, X_23, X_24, X_25, X_26, X_27, X_28, X_29, X_30, X_31, X_32, X_33, X_34, X_35, X_36, X_37, X_38, X_39, X_40, X_41, X_42, X_43, X_44, X_45, X_46, X_47, X_48, X_49, X_50, X_51, X_52, X_53, X_54, X_55, X_56, X_57, X_58, X_59, X_60, X_61, X_62, X_63, X_64, X_65, X_66, X_67, Y_0, Y_1, Y_2, Y_3, Y_4, Y_5, Y_6, Y_7, Y_8, Y_9, Y_10, Y_11, Y_12, Y_13, Y_14, Y_15, Y_16, Y_17, Y_18, Y_19, Y_20, Y_21, Y_22, Y_23, Y_24, Y_25, Y_26, Y_27, Y_28, Y_29, Y_30, Y_31, Y_32, Y_33, Y_34, Y_35, Y_36, Y_37, Y_38, Y_39, Y_40, Y_41, Y_42, Y_43, Y_44, Y_45, Y_46, Y_47, Y_48, Y_49, Y_50, Y_51, Y_52, Y_53, Y_54, Y_55, Y_56, Y_57, Y_58, Y_59, Y_60, Y_61, Y_62, Y_63, Y_64, Y_65, Y_66, Y_67, Z_0, Z_1, Z_2, Z_3, Z_4, Z_5, Z_6, Z_7, Z_8, Z_9, Z_10, Z_11, Z_12, Z_13, Z_14, Z_15, Z_16, Z_17, Z_18, Z_19, Z_20, Z_21, Z_22, Z_23, Z_24, Z_25, Z_26, Z_27, Z_28, Z_29, Z_30, Z_31, Z_32, Z_33, Z_34, Z_35, Z_36, Z_37, Z_38, Z_39, Z_40, Z_41, Z_42, Z_43, Z_44, Z_45, Z_46, Z_47, Z_48, Z_49, Z_50, Z_51, Z_52, Z_53, Z_54, Z_55, Z_56, Z_57, Z_58, Z_59, Z_60, Z_61, Z_62, Z_63, Z_64, Z_65, Z_66, Z_67, p_scale, p_rx, p_ry, p_rz, p_tx, p_ty, p_0, p_1, p_2, p_3, p_4, p_5, p_6, p_7, p_8, p_9, p_10, p_11, p_12, p_13, p_14, p_15, p_16, p_17, p_18, p_19, p_20, p_21, p_22, p_23, p_24, p_25, p_26, p_27, p_28, p_29, p_30, p_31, p_32, p_33, AU01_r, AU02_r, AU04_r, AU05_r, AU06_r, AU07_r, AU09_r, AU10_r, AU12_r, AU14_r, AU15_r, AU17_r, AU20_r, AU23_r, AU25_r, AU26_r, AU45_r, AU01_c, AU02_c, AU04_c, AU05_c, AU06_c, AU07_c, AU09_c, AU10_c, AU12_c, AU14_c, AU15_c, AU17_c, AU20_c, AU23_c, AU25_c, AU26_c, AU28_c, AU45_c
1,  0,  0.000,  0.98,  1,  0.020747,  0.009698,  -0.999738,  -0.090837,  0.045550,  -0.994824,  -0.035,  0.028,  536.3,  540.1,  550.5,  561.4,  566.4,  563.6,  552.1,  541.3,  526.1,  530.5,  538.4,  550.2,  563.2,  573.1,  580.8,  572.6,  561.6,  550.4,  540.6,  532.5,  546.9,  552.5,  557.8,  559.7,  557.1,  551.6,  546.3,  544.3,  679.2,  682.5,  693.3,  705.3,  711.5,  708.2,  697.4,  684.5,  669.3,  676.7,  686.5,  698.9,  710.0,  717.8,  722.9,  717.6,  710.7,  701.5,  690.0,  678.6,  689.4,  695.6,  701.2,  702.9,  699.7,  693.5,  687.9,  686.2,  298.8,  287.0,  281.6,  285.7,  297.0,  309.6,  314.2,  310.1,  306.3,  298.9,  293.7,  289.9,  290.5,  294.3,  300.8,  306.8,  310.3,  312.6,  312.6,  310.8,  304.3,  306.3,  303.5,  297.5,  291.8,  289.8,  292.6,  298.6,  293.8,  281.3,  275.6,  280.0,  292.0,  304.5,  310.2,  306.8,  298.1,  290.3,  285.7,  284.5,  287.4,  291.8,  298.6,  301.6,  303.2,  303.7,  302.7,  301.4,  300.1,  302.4,  299.5,  293.1,  286.9,  284.6,  287.5,  293.9,  -38.2,  -36.7,  -32.8,  -28.7,  -26.8,  -27.9,  -32.1,  -36.3,  -42.5,  -40.4,  -37.2,  -32.6,  -27.9,  -24.3,  -21.6,  -24.5,  -28.5,  -32.6,  -36.4,  -39.7,  -34.2,  -32.1,  -30.1,  -29.4,  -30.4,  -32.5,  -34.5,  -35.2,  14.0,  15.2,  19.2,  23.6,  25.9,  24.6,  20.6,  15.9,  10.5,  13.1,  16.6,  21.1,  25.3,  28.3,  30.4,  28.2,  25.4,  21.9,  17.8,  13.7,  17.7,  20.0,  22.1,  22.8,  21.6,  19.3,  17.3,  16.6,  -22.5,  -26.8,  -28.7,  -27.1,  -23.0,  -18.4,  -16.8,  -18.3,  -20.1,  -22.6,  -24.3,  -25.5,  -25.2,  -23.9,  -21.6,  -19.4,  -18.1,  -17.2,  -17.4,  -18.2,  -20.5,  -19.7,  -20.7,  -22.9,  -25.0,  -25.8,  -24.8,  -22.6,  -23.7,  -28.2,  -30.5,  -29.0,  -24.6,  -20.0,  -17.9,  -19.0,  -22.1,  -24.9,  -26.5,  -27.0,  -26.2,  -24.8,  -22.5,  -21.2,  -20.4,  -20.1,  -20.4,  -20.9,  -21.5,  -20.7,  -21.8,  -24.2,  -26.4,  -27.2,  -26.1,  -23.8,  322.0,  321.7,  320.6,  319.3,  318.6,  319.0,  320.0,  321.3,  326.7,  323.3,  320.4,  318.0,  317.5,  318.3,  319.5,  318.4,  317.8,  318.6,  320.6,  323.4,  321.6,  320.9,  320.4,  320.2,  320.6,  321.3,  321.8,  322.0,  312.5,  314.0,  315.9,  317.0,  316.8,  315.3,  313.5,  312.4,  312.2,  312.0,  312.2,  313.3,  315.5,  318.3,  321.0,  317.7,  314.6,  312.0,  311.0,  311.4,  314.2,  314.8,  315.8,  316.6,  316.7,  316.1,  315.2,  314.4,  -3.4,  12.7,  354.5,  -0.130,  0.019,  -0.056,  457.8,  462.9,  472.1,  483.1,  501.7,  529.4,  561.6,  600.9,  645.2,  688.5,  726.2,  757.1,  778.5,  789.5,  793.5,  794.5,  792.6,  482.6,  500.2,  529.4,  560.4,  589.7,  653.0,  683.8,  714.7,  744.7,  764.5,  625.5,  627.2,  628.8,  630.6,  597.8,  615.0,  632.3,  650.1,  666.2,  523.4,  540.2,  562.0,  581.2,  562.2,  540.3,  668.4,  686.7,  708.3,  725.9,  710.1,  689.1,  574.3,  596.5,  618.2,  635.3,  654.2,  677.3,  699.9,  678.7,  656.9,  636.7,  618.9,  597.4,  584.5,  618.8,  635.9,  655.4,  688.9,  654.9,  635.6,  618.5,  322.2,  369.1,  416.0,  461.5,  502.6,  538.2,  566.3,  584.9,  587.9,  580.7,  560.0,  531.2,  494.7,  451.0,  403.1,  354.1,  306.0,  285.3,  260.0,  249.2,  251.1,  259.5,  256.6,  246.1,  243.6,  251.8,  274.3,  290.3,  315.2,  340.0,  366.2,  398.5,  402.4,  405.6,  400.3,  394.4,  306.1,  293.1,  291.5,  303.0,  308.8,  311.0,  299.6,  286.1,  286.6,  297.5,  303.2,  303.2,  468.5,  450.5,  442.6,  446.0,  440.9,  448.0,  461.7,  472.6,  476.6,  478.9,  478.4,  475.5,  466.9,  457.7,  458.0,  455.3,  461.2,  456.6,  459.3,  458.7,  -87.7,  -85.1,  -80.3,  -74.4,  -64.1,  -49.8,  -34.0,  -16.2,  2.1,  20.1,  37.4,  52.6,  63.6,  69.0,  70.8,  70.9,  70.4,  -68.9,  -60.0,  -46.6,  -33.0,  -20.6,  5.3,  18.2,  31.5,  44.8,  54.2,  -5.9,  -5.1,  -4.3,  -3.5,  -16.7,  -9.8,  -3.0,  3.9,  10.3,  -49.6,  -42.2,  -32.9,  -24.7,  -32.6,  -41.9,  12.0,  19.7,  28.9,  36.6,  29.5,  20.6,  -26.9,  -17.2,  -8.5,  -1.8,  5.5,  14.8,  24.5,  15.2,  6.5,  -1.3,  -8.1,  -16.7,  -22.5,  -8.3,  -1.6,  6.0,  19.8,  5.8,  -1.7,  -8.4,  -18.2,  4.4,  26.8,  48.1,  66.1,  80.3,  89.5,  93.3,  93.0,  91.7,  86.8,  77.0,  61.8,  42.0,  19.9,  -2.7,  -24.9,  -32.7,  -42.9,  -46.7,  -45.2,  -41.2,  -42.3,  -47.3,  -49.0,  -46.3,  -37.3,  -28.3,  -17.7,  -7.7,  2.3,  15.3,  16.6,  17.7,  15.7,  13.5,  -23.0,  -28.3,  -28.9,  -24.0,  -21.5,  -20.6,  -25.4,  -31.1,  -31.0,  -26.6,  -23.9,  -23.8,  44.5,  35.7,  32.2,  33.4,  31.5,  34.9,  41.7,  44.3,  44.9,  45.6,  45.6,  45.4,  43.4,  38.2,  38.2,  37.3,  41.0,  37.5,  38.4,  38.4,  421.0,  420.3,  418.7,  414.9,  405.6,  394.2,  379.6,  362.8,  357.2,  363.5,  379.6,  393.4,  401.4,  403.6,  403.3,  401.6,  403.6,  382.8,  375.6,  368.8,  363.1,  358.6,  357.8,  363.2,  368.7,  374.2,  380.5,  354.6,  345.8,  336.8,  328.2,  346.6,  342.3,  339.1,  341.1,  344.2,  372.3,  369.9,  368.7,  368.0,  366.9,  368.1,  368.2,  368.7,  369.9,  372.5,  368.4,  367.2,  358.5,  345.1,  341.3,  340.2,  340.8,  347.2,  358.5,  344.3,  336.9,  335.7,  337.3,  343.9,  355.3,  342.0,  340.7,  342.0,  354.8,  339.9,  338.6,  340.3,  2.398,  -0.058,  0.042,  -0.055,  631.858,  392.987,  4.537,  15.243,  -11.744,  6.931,  -16.815,  8.040,  0.584,  2.066,  9.224,  -6.461,  -10.571,  0.933,  -2.813,  -2.307,  3.705,  1.682,  -0.268,  -2.476,  -0.360,  -4.824,  -3.541,  -1.048,  -0.300,  -0.996,  0.781,  1.197,  0.348,  -0.587,  0.456,  -0.842,  0.015,  0.303,  -0.066,  0.083, 0.00, 0.00, 0.00, 0.00, 0.00, 0.00, 0.00, 0.00, 0.00, 0.00, 0.03, 1.01, 0.12, 1.24, 0.00, 0.00, 0.12, 0.00, 0.00, 0.00, 1.00, 0.00, 0.00, 0.00, 0.00, 0.00, 0.00, 1.00, 1.00, 0.00, 0.00, 0.00, 0.00, 0.00, 1.00
2,  0,  0.033,  0.98,  1,  0.029289,  0.025012,  -0.999258,  -0.094751,  0.042998,  -0.994572,  -0.033,  0.034,  536.0,  539.7,  550.1,  561.1,  566.3,  563.7,  552.2,  541.2,  525.9,  530.1,  537.8,  549.6,  562.7,  572.6,  580.4,  572.1,  561.1,  549.9,  540.3,  532.3,  546.7,  552.5,  557.9,  559.8,  557.1,  551.3,  545.9,  544.0,  678.6,  681.9,  692.8,  704.9,  711.1,  707.9,  697.0,  683.9,  668.9,  676.3,  686.1,  698.6,  709.9,  717.5,  722.6,  717.3,  710.4,  701.3,  689.8,  678.3,  688.8,  695.2,  700.9,  702.6,  699.3,  693.0,  687.3,  685.6,  299.6,  287.6,  282.1,  286.2,  297.6,  310.3,  315.1,  311.0,  306.7,  299.3,  294.2,  290.3,  290.8,  294.6,  301.3,  307.2,  310.8,  313.2,  313.0,  311.1,  305.1,  307.3,  304.3,  298.0,  292.1,  290.0,  293.0,  299.2,  293.7,  281.0,  275.2,  279.7,  291.8,  304.5,  310.3,  306.9,  298.5,  290.5,  285.9,  284.7,  287.6,  292.0,  298.7,  301.9,  303.6,  304.3,  303.3,  301.8,  300.1,  302.5,  299.5,  292.9,  286.6,  284.2,  287.2,  293.8,  -38.0,  -36.6,  -32.7,  -28.6,  -26.6,  -27.6,  -31.9,  -36.0,  -42.3,  -40.3,  -37.1,  -32.6,  -27.8,  -24.3,  -21.6,  -24.5,  -28.5,  -32.6,  -36.3,  -39.5,  -34.1,  -31.9,  -29.8,  -29.1,  -30.2,  -32.3,  -34.4,  -35.1,  13.6,  14.9,  18.8,  23.2,  25.5,  24.2,  20.2,  15.5,  10.2,  12.8,  16.2,  20.7,  24.9,  27.9,  30.0,  27.8,  25.0,  21.6,  17.5,  13.5,  17.3,  19.6,  21.7,  22.4,  21.2,  18.9,  16.8,  16.2,  -22.1,  -26.4,  -28.3,  -26.7,  -22.6,  -18.0,  -16.3,  -17.9,  -19.8,  -22.3,  -23.9,  -25.1,  -24.9,  -23.6,  -21.3,  -19.1,  -17.7,  -16.9,  -17.1,  -18.0,  -20.0,  -19.2,  -20.2,  -22.5,  -24.7,  -25.5,  -24.5,  -22.2,  -23.4,  -28.0,  -30.3,  -28.8,  -24.4,  -19.8,  -17.6,  -18.7,  -21.7,  -24.5,  -26.1,  -26.7,  -25.8,  -24.5,  -22.2,  -20.9,  -20.0,  -19.6,  -19.9,  -20.5,  -21.3,  -20.5,  -21.6,  -24.0,  -26.3,  -27.1,  -25.9,  -23.5,  319.9,  319.4,  318.1,  316.8,  316.3,  316.9,  318.0,  319.3,  324.6,  321.1,  318.1,  315.7,  315.1,  315.8,  316.9,  316.1,  315.5,  316.4,  318.5,  321.3,  319.5,  318.8,  318.2,  317.9,  318.2,  318.9,  319.6,  319.8,  308.9,  310.3,  312.2,  313.4,  313.2,  311.8,  309.9,  308.8,  308.4,  308.3,  308.5,  309.6,  311.9,  314.6,  317.3,  314.1,  311.0,  308.4,  307.4,  307.7,  310.6,  311.2,  312.2,  313.0,  313.1,  312.5,  311.5,  310.7,  -3.6,  12.8,  355.0,  -0.119,  0.021,  -0.061,  457.5,  462.8,  472.5,  484.1,  503.2,  530.8,  562.5,  600.8,  645.4,  689.4,  727.6,  758.2,  778.7,  788.7,  792.1,  793.0,  791.0,  482.8,  500.0,  528.6,  559.1,  588.4,  653.4,  684.1,  714.7,  744.1,  763.4,  625.1,  626.6,  628.1,  629.7,  597.5,  614.5,  631.8,  649.5,  665.6,  523.0,  539.8,  561.6,  580.8,  561.8,  539.9,  668.0,  686.4,  708.1,  725.7,  709.9,  688.8,  574.3,  596.2,  618.0,  634.8,  653.5,  676.8,  699.6,  678.1,  656.0,  636.1,  618.5,  597.0,  584.3,  618.6,  635.4,  654.8,  688.7,  654.2,  635.1,  618.3,  320.6,  368.1,  415.7,  461.5,  502.9,  538.7,  567.1,  585.8,  588.6,  581.0,  559.2,  528.6,  490.6,  446.2,  398.8,  350.6,  303.1,  287.1,  262.0,  250.6,  252.1,  259.6,  256.5,  246.7,  244.3,  252.4,  274.5,  289.7,  314.9,  339.9,  366.3,  398.8,  402.7,  405.9,  400.6,  394.6,  306.7,  293.6,  291.9,  303.2,  309.2,  311.6,  299.8,  286.3,  286.7,  297.6,  303.4,  303.4,  468.5,  450.8,  443.0,  446.4,  441.3,  448.3,  461.5,  473.2,  477.4,  479.7,  479.2,  476.0,  467.0,  458.2,  458.6,  455.9,  461.2,  457.0,  459.8,  459.1,  -88.0,  -85.3,  -80.3,  -74.1,  -63.5,  -49.4,  -33.8,  -16.3,  2.2,  20.6,  38.2,  53.3,  63.7,  68.6,  70.1,  70.2,  69.7,  -68.8,  -60.1,  -47.0,  -33.6,  -21.2,  5.5,  18.3,  31.5,  44.5,  53.6,  -6.0,  -5.3,  -4.6,  -3.9,  -16.9,  -10.0,  -3.2,  3.7,  10.1,  -49.8,  -42.3,  -33.0,  -24.9,  -32.8,  -42.1,  11.8,  19.6,  28.8,  36.5,  29.4,  20.5,  -27.0,  -17.3,  -8.6,  -2.0,  5.3,  14.6,  24.5,  15.0,  6.2,  -1.5,  -8.3,  -16.9,  -22.7,  -8.4,  -1.8,  5.8,  19.8,  5.5,  -1.9,  -8.5,  -19.0,  3.9,  26.7,  48.2,  66.4,  80.8,  90.3,  94.2,  93.9,  92.3,  86.8,  76.0,  60.0,  39.8,  17.9,  -4.3,  -26.3,  -31.9,  -42.1,  -46.1,  -44.8,  -41.2,  -42.4,  -47.1,  -48.8,  -46.0,  -37.2,  -28.5,  -17.8,  -7.7,  2.4,  15.4,  16.7,  17.8,  15.8,  13.6,  -22.7,  -28.1,  -28.7,  -23.9,  -21.3,  -20.3,  -25.4,  -31.1,  -31.0,  -26.6,  -23.8,  -23.7,  44.6,  35.9,  32.4,  33.7,  31.7,  35.1,  41.7,  44.6,  45.3,  46.0,  46.0,  45.7,  43.6,  38.5,  38.5,  37.5,  41.1,  37.7,  38.7,  38.6,  421.9,  421.2,  419.6,  415.6,  406.4,  395.6,  381.5,  365.0,  359.4,  365.4,  381.4,  394.6,  402.0,  403.7,  403.2,  401.6,  404.0,  382.9,  375.7,  369.1,  363.4,  358.9,  358.3,  363.7,  369.1,  374.4,  380.4,  354.8,  346.0,  336.9,  328.2,  346.9,  342.6,  339.3,  341.3,  344.5,  372.4,  369.8,  368.8,  367.9,  366.8,  368.0,  368.5,  368.8,  369.8,  372.4,  368.4,  367.3,  359.5,  346.0,  341.8,  340.8,  341.3,  347.8,  359.2,  344.9,  337.5,  336.3,  338.0,  344.7,  356.4,  342.6,  341.3,  342.6,  355.5,  340.3,  339.1,  340.9,  2.395,  -0.047,  0.045,  -0.060,  631.578,  392.971,  4.879,  16.950,  -11.196,  7.673,  -17.436,  6.910,  -0.703,  -0.320,  8.977,  -7.212,  -11.016,  2.012,  -2.066,  -2.889,  3.207,  1.050,  0.317,  -1.597,  -0.178,  -5.384,  -2.897,  -0.583,  -0.067,  -0.593,  1.209,  1.239,  -0.085,  -0.730,  0.292,  -0.968,  -0.209,  0.173,  -0.403,  0.118, 0.00, 0.00, 0.00, 0.00, 0.00, 0.00, 0.00, 0.05, 0.00, 0.00, 0.19, 1.21, 0.22, 1.09, 0.00, 0.00, 0.14, 0.00, 0.00, 0.00, 1.00, 0.00, 0.00, 0.00, 0.00, 0.00, 0.00, 1.00, 1.00, 1.00, 0.00, 0.00, 0.00, 0.00, 1.00
3,  0,  0.067,  0.98,  1,  0.019243,  0.022124,  -0.999570,  -0.092278,  0.056177,  -0.994147,  -0.037,  0.039,  535.5,  539.3,  549.4,  560.1,  565.1,  562.4,  551.2,  540.5,  525.4,  529.8,  537.6,  549.1,  561.8,  571.8,  579.8,  571.5,  560.5,  549.4,  539.5,  531.5,  545.9,  551.5,  556.8,  558.8,  556.2,  550.5,  545.2,  543.3,  678.4,  681.6,  692.3,  704.3,  710.5,  707.3,  696.6,  683.6,  668.3,  675.7,  685.5,  698.0,  709.3,  717.0,  722.0,  716.9,  710.0,  700.8,  689.3,  677.7,  688.4,  694.7,  700.4,  702.1,  698.8,  692.5,  686.9,  685.2,  299.7,  288.0,  282.3,  285.9,  296.7,  309.3,  314.1,  310.5,  307.3,  299.7,  294.0,  290.0,  290.8,  294.9,  301.3,  306.7,  309.7,  312.0,  312.4,  311.1,  305.0,  306.9,  303.8,  297.7,  292.1,  290.2,  293.2,  299.3,  293.9,  281.4,  275.7,  280.1,  292.1,  304.6,  310.3,  307.0,  298.5,  290.7,  286.0,  284.7,  287.6,  292.2,  299.1,  301.9,  303.3,  303.8,  302.9,  301.7,  300.3,  302.7,  299.8,  293.2,  286.9,  284.5,  287.5,  294.0,  -38.6,  -37.3,  -33.4,  -29.3,  -27.4,  -28.4,  -32.6,  -36.7,  -43.0,  -41.0,  -37.7,  -33.2,  -28.5,  -24.9,  -22.1,  -25.0,  -29.0,  -33.1,  -37.0,  -40.3,  -34.7,  -32.6,  -30.6,  -29.9,  -30.9,  -33.0,  -35.1,  -35.8,  13.6,  14.8,  18.7,  23.0,  25.2,  24.0,  20.0,  15.4,  10.0,  12.6,  16.1,  20.5,  24.7,  27.7,  29.8,  27.6,  24.9,  21.5,  17.3,  13.3,  17.2,  19.5,  21.6,  22.2,  21.1,  18.8,  16.7,  16.0,  -22.3,  -26.6,  -28.7,  -27.2,  -23.1,  -18.6,  -16.8,  -18.3,  -19.8,  -22.4,  -24.3,  -25.6,  -25.2,  -23.8,  -21.5,  -19.5,  -18.3,  -17.6,  -17.5,  -18.1,  -20.3,  -19.6,  -20.6,  -22.9,  -25.0,  -25.8,  -24.7,  -22.4,  -23.3,  -27.9,  -30.1,  -28.6,  -24.3,  -19.7,  -17.6,  -18.7,  -21.7,  -24.4,  -26.1,  -26.7,  -25.8,  -24.4,  -22.1,  -20.9,  -20.2,  -19.8,  -20.1,  -20.5,  -21.2,  -20.4,  -21.5,  -23.9,  -26.2,  -27.0,  -25.8,  -23.4,  323.7,  323.7,  322.7,  321.2,  320.1,  320.2,  321.1,  322.6,  328.6,  325.3,  322.4,  320.0,  319.4,  320.0,  320.9,  319.7,  319.0,  319.9,  321.9,  324.9,  323.0,  322.2,  321.7,  321.7,  322.3,  323.1,  323.6,  323.6,  308.9,  310.4,  312.3,  313.5,  313.4,  311.9,  310.0,  308.9,  308.5,  308.4,  308.7,  309.9,  312.3,  315.1,  317.9,  314.5,  311.3,  308.7,  307.6,  307.8,  310.6,  311.3,  312.3,  313.1,  313.2,  312.6,  311.6,  310.8,  -3.8,  12.8,  354.4,  -0.114,  0.025,  -0.064,  456.9,  462.6,  472.5,  484.1,  502.9,  530.1,  561.6,  600.0,  645.4,  690.6,  729.6,  760.3,  779.9,  788.8,  791.6,  792.4,  790.4,  482.1,  499.2,  527.7,  558.4,  587.8,  652.7,  683.5,  714.2,  743.6,  762.7,  624.5,  625.8,  627.1,  628.5,  596.6,  613.6,  630.9,  648.6,  664.7,  522.4,  539.3,  561.0,  580.1,  561.2,  539.4,  667.5,  686.0,  707.6,  725.1,  709.2,  688.2,  573.8,  595.4,  617.1,  634.0,  652.6,  675.9,  698.8,  677.3,  655.2,  635.3,  617.8,  596.3,  583.7,  618.0,  634.7,  654.0,  687.8,  653.4,  634.3,  617.7,  320.7,  368.5,  416.3,  462.1,  503.6,  539.2,  567.1,  585.4,  587.9,  579.8,  557.4,  526.2,  487.8,  443.5,  397.0,  349.9,  303.5,  287.4,  262.3,  250.7,  252.1,  259.7,  256.8,  247.0,  244.6,  252.5,  274.4,  289.7,  315.1,  340.2,  366.7,  399.0,  403.0,  406.3,  400.8,  394.7,  306.6,  293.6,  291.8,  303.0,  308.8,  311.3,  299.7,  286.4,  286.9,  297.7,  303.3,  303.3,  469.0,  451.2,  443.4,  446.8,  441.7,  448.6,  461.8,  473.4,  477.8,  480.2,  479.8,  476.6,  467.3,  458.6,  459.0,  456.2,  461.5,  457.4,  460.2,  459.6,  -88.4,  -85.5,  -80.4,  -74.1,  -63.7,  -49.7,  -34.2,  -16.7,  2.2,  21.1,  39.0,  54.2,  64.3,  68.5,  69.7,  69.7,  69.3,  -69.0,  -60.4,  -47.3,  -33.8,  -21.3,  5.2,  18.0,  31.2,  44.2,  53.3,  -6.3,  -5.6,  -5.0,  -4.3,  -17.2,  -10.3,  -3.5,  3.4,  9.7,  -49.9,  -42.5,  -33.2,  -25.1,  -33.0,  -42.2,  11.5,  19.3,  28.5,  36.2,  29.1,  20.2,  -27.2,  -17.6,  -8.9,  -2.3,  4.9,  14.2,  24.1,  14.7,  5.8,  -1.8,  -8.6,  -17.2,  -22.9,  -8.6,  -2.1,  5.5,  19.4,  5.2,  -2.2,  -8.7,  -19.0,  4.1,  27.0,  48.5,  66.8,  81.1,  90.3,  93.9,  93.5,  91.7,  86.0,  74.9,  58.7,  38.5,  17.0,  -4.6,  -26.0,  -31.8,  -41.9,  -46.0,  -44.7,  -41.0,  -42.1,  -46.8,  -48.6,  -45.9,  -37.1,  -28.4,  -17.7,  -7.6,  2.5,  15.4,  16.8,  17.9,  15.9,  13.6,  -22.7,  -28.0,  -28.7,  -23.9,  -21.4,  -20.4,  -25.4,  -30.9,  -30.8,  -26.5,  -23.8,  -23.8,  44.7,  36.0,  32.5,  33.7,  31.8,  35.1,  41.7,  44.6,  45.4,  46.1,  46.2,  45.9,  43.6,  38.5,  38.5,  37.6,  41.2,  37.8,  38.8,  38.7,  422.3,  421.6,  420.0,  416.0,  406.9,  396.0,  381.6,  364.8,  358.9,  365.1,  381.3,  394.5,  401.8,  403.1,  402.2,  400.5,  403.1,  382.6,  375.2,  368.4,  362.4,  357.6,  357.3,  362.7,  368.2,  373.5,  379.7,  353.9,  345.1,  336.0,  327.3,  346.2,  341.9,  338.6,  340.5,  343.7,  371.7,  369.1,  367.9,  367.1,  366.1,  367.3,  367.8,  367.9,  368.9,  371.6,  367.5,  366.5,  358.9,  345.3,  341.1,  340.0,  340.6,  347.0,  358.3,  344.2,  336.9,  335.8,  337.4,  344.1,  355.7,  341.9,  340.6,  341.9,  354.7,  339.7,  338.4,  340.2,  2.399,  -0.042,  0.051,  -0.063,  631.055,  392.960,  6.725,  18.934,  -11.560,  7.503,  -17.687,  6.234,  -1.060,  -0.702,  9.120,  -6.012,  -10.290,  1.573,  -1.725,  -2.748,  3.511,  1.032,  0.826,  -1.442,  -0.475,  -5.317,  -1.954,  -0.383,  -0.058,  -0.747,  1.316,  1.383,  -0.345,  -0.644,  0.246,  -1.081,  -0.055,  0.239,  -0.383,  0.135, 0.00, 0.00, 0.00, 0.00, 0.00, 0.00, 0.00, 0.06, 0.00, 0.00, 0.20, 1.20, 0.28, 1.00, 0.00, 0.00, 0.20, 0.00, 0.00, 0.00, 1.00, 0.00, 0.00, 0.00, 0.00, 0.00, 0.00, 1.00, 1.00, 1.00, 0.00, 0.00, 0.00, 0.00, 1.00
4,  0,  0.100,  0.98,  1,  0.009703,  0.017000,  -0.999808,  -0.089316,  0.059748,  -0.994210,  -0.040,  0.038,  534.8,  538.5,  548.7,  559.4,  564.3,  561.5,  550.3,  539.7,  524.1,  529.1,  537.3,  549.0,  561.5,  571.3,  578.9,  571.3,  560.5,  549.4,  539.2,  530.6,  545.2,  550.5,  555.5,  557.4,  554.9,  549.7,  544.6,  542.8,  677.7,  680.9,  691.7,  703.7,  709.9,  706.7,  696.0,  683.0,  667.6,  675.2,  685.2,  697.6,  708.6,  716.2,  721.2,  716.1,  709.2,  699.9,  688.4,  677.0,  687.7,  694.1,  699.8,  701.5,  698.2,  691.9,  686.1,  684.4,  299.1,  287.8,  282.4,  286.0,  296.5,  308.6,  313.3,  309.7,  307.2,  299.6,  293.9,  290.0,  290.9,  294.9,  301.2,  306.4,  309.1,  311.4,  311.9,  310.9,  304.1,  305.8,  303.1,  297.5,  292.3,  290.6,  293.3,  298.9,  293.7,  281.2,  275.6,  280.1,  292.1,  304.6,  310.2,  306.8,  298.4,  290.6,  285.8,  284.5,  287.5,  292.2,  299.0,  301.8,  303.1,  303.5,  302.6,  301.4,  300.3,  302.7,  299.8,  293.2,  286.8,  284.3,  287.3,  293.9,  -39.8,  -38.4,  -34.5,  -30.3,  -28.4,  -29.4,  -33.7,  -37.8,  -44.5,  -42.2,  -38.7,  -34.1,  -29.4,  -25.8,  -23.0,  -25.8,  -29.7,  -33.9,  -37.9,  -41.5,  -35.8,  -33.7,  -31.8,  -31.1,  -32.1,  -34.2,  -36.1,  -36.8,  13.3,  14.5,  18.4,  22.8,  25.0,  23.8,  19.8,  15.2,  9.7,  12.4,  16.0,  20.4,  24.5,  27.4,  29.5,  27.3,  24.6,  21.1,  17.0,  13.0,  16.9,  19.2,  21.3,  22.0,  20.8,  18.5,  16.4,  15.8,  -23.0,  -27.3,  -29.3,  -27.9,  -23.8,  -19.3,  -17.6,  -19.0,  -20.2,  -23.0,  -24.9,  -26.2,  -25.9,  -24.4,  -22.2,  -20.1,  -19.0,  -18.2,  -18.1,  -18.6,  -21.1,  -20.4,  -21.4,  -23.5,  -25.5,  -26.2,  -25.2,  -23.1,  -23.4,  -27.9,  -30.1,  -28.6,  -24.3,  -19.7,  -17.6,  -18.8,  -21.7,  -24.5,  -26.2,  -26.7,  -25.9,  -24.4,  -22.2,  -20.9,  -20.2,  -19.9,  -20.2,  -20.6,  -21.2,  -20.4,  -21.5,  -23.9,  -26.2,  -27.0,  -25.9,  -23.5,  331.0,  331.2,  330.5,  329.3,  328.2,  328.1,  328.7,  329.9,  335.7,  332.6,  329.9,  327.9,  327.7,  328.5,  329.6,  328.2,  327.1,  327.6,  329.4,  332.2,  330.5,  329.9,  329.6,  329.7,  330.2,  330.8,  331.2,  331.0,  308.7,  310.3,  312.2,  313.5,  313.3,  311.7,  309.8,  308.6,  308.4,  308.3,  308.6,  309.8,  312.2,  315.0,  317.8,  314.4,  311.2,  308.6,  307.5,  307.7,  310.5,  311.1,  312.1,  313.0,  313.1,  312.5,  311.4,  310.6,  -4.0,  12.8,  353.8,  -0.112,  0.028,  -0.066,  456.7,  462.4,  472.3,  483.8,  502.7,  530.0,  561.9,  600.4,  646.0,  691.3,  730.1,  760.4,  779.7,  788.3,  791.1,  791.9,  790.0,  481.7,  498.6,  527.2,  557.8,  587.4,  651.7,  682.7,  713.5,  743.1,  762.4,  623.9,  625.0,  626.2,  627.6,  595.5,  612.6,  630.0,  647.9,  664.1,  521.9,  538.8,  560.4,  579.6,  560.6,  539.0,  666.7,  685.4,  706.9,  724.5,  708.5,  687.4,  573.0,  594.5,  616.3,  633.1,  651.6,  674.9,  697.9,  676.2,  654.3,  634.4,  617.0,  595.4,  582.8,  617.2,  633.8,  653.1,  686.8,  652.5,  633.5,  616.9,  321.5,  369.5,  417.5,  463.5,  505.1,  540.7,  568.3,  585.8,  587.8,  579.2,  556.3,  524.9,  486.5,  442.3,  396.0,  349.3,  303.2,  287.6,  262.4,  250.7,  252.0,  259.6,  256.7,  247.1,  244.6,  252.6,  274.5,  289.6,  315.1,  340.5,  367.1,  399.0,  403.1,  406.4,  400.9,  394.6,  306.3,  293.5,  291.7,  302.8,  308.5,  311.0,  299.5,  286.3,  286.8,  297.5,  303.0,  303.0,  469.0,  451.3,  443.4,  446.8,  441.7,  448.5,  461.7,  473.4,  478.0,  480.4,  480.1,  477.0,  467.4,  458.5,  458.8,  456.1,  461.5,  457.5,  460.4,  459.8,  -88.5,  -85.6,  -80.5,  -74.2,  -63.9,  -49.8,  -34.1,  -16.5,  2.5,  21.4,  39.2,  54.2,  64.1,  68.2,  69.4,  69.4,  69.0,  -69.2,  -60.6,  -47.4,  -34.0,  -21.5,  4.8,  17.6,  30.9,  43.9,  53.0,  -6.5,  -5.9,  -5.3,  -4.6,  -17.6,  -10.7,  -3.9,  3.1,  9.4,  -50.1,  -42.6,  -33.4,  -25.3,  -33.1,  -42.3,  11.2,  19.0,  28.1,  35.8,  28.7,  19.8,  -27.4,  -17.9,  -9.2,  -2.7,  4.5,  13.8,  23.6,  14.2,  5.5,  -2.1,  -8.9,  -17.5,  -23.2,  -8.9,  -2.4,  5.1,  18.9,  4.9,  -2.5,  -9.0,  -18.6,  4.6,  27.6,  49.2,  67.5,  81.8,  90.8,  94.0,  93.3,  91.4,  85.5,  74.2,  58.0,  37.9,  16.5,  -4.9,  -26.1,  -31.7,  -41.8,  -46.0,  -44.6,  -40.9,  -42.1,  -46.7,  -48.5,  -45.8,  -37.1,  -28.4,  -17.7,  -7.5,  2.7,  15.4,  16.8,  17.9,  15.9,  13.5,  -22.8,  -28.0,  -28.7,  -24.0,  -21.5,  -20.5,  -25.4,  -30.9,  -30.8,  -26.5,  -23.9,  -23.8,  44.7,  36.0,  32.4,  33.7,  31.7,  35.0,  41.6,  44.5,  45.3,  46.1,  46.2,  45.9,  43.6,  38.4,  38.4,  37.5,  41.1,  37.8,  38.8,  38.8,  422.3,  421.6,  420.1,  416.0,  407.0,  396.2,  381.5,  364.3,  358.5,  364.7,  381.0,  394.0,  401.2,  402.6,  401.6,  399.9,  402.5,  382.5,  374.9,  367.9,  361.8,  356.7,  356.3,  361.8,  367.4,  372.8,  379.1,  353.1,  344.3,  335.1,  326.4,  345.5,  341.1,  337.8,  339.7,  342.9,  371.2,  368.5,  367.3,  366.5,  365.4,  366.7,  367.0,  367.1,  368.1,  370.8,  366.7,  365.7,  358.4,  344.8,  340.4,  339.3,  339.9,  346.2,  357.6,  343.5,  336.3,  335.2,  336.9,  343.6,  355.3,  341.2,  340.0,  341.3,  354.0,  339.2,  337.9,  339.7,  2.403,  -0.040,  0.055,  -0.066,  630.477,  392.981,  7.996,  20.091,  -11.083,  7.889,  -17.443,  6.229,  -0.795,  -1.511,  8.530,  -5.661,  -9.420,  1.224,  -1.270,  -2.798,  3.813,  1.270,  0.863,  -1.228,  -0.616,  -5.095,  -1.791,  -0.471,  -0.394,  -1.024,  1.011,  1.551,  -0.477,  -0.564,  0.227,  -1.126,  0.032,  0.272,  -0.333,  0.155, 0.00, 0.00, 0.00, 0.00, 0.00, 0.00, 0.00, 0.04, 0.00, 0.00, 0.21, 1.13, 0.34, 0.97, 0.00, 0.00, 0.20, 0.00, 0.00, 0.00, 1.00, 0.00, 0.00, 0.00, 0.00, 0.00, 0.00, 1.00, 1.00, 0.00, 0.00, 0.00, 0.00, 0.00, 1.00
5,  0,  0.133,  0.98,  1,  0.035696,  0.009783,  -0.999315,  -0.090786,  0.034399,  -0.995276,  -0.028,  0.022,  534.6,  538.5,  548.8,  559.6,  564.6,  561.8,  550.4,  539.6,  524.1,  528.6,  536.4,  548.2,  561.0,  570.8,  578.4,  570.1,  559.0,  547.9,  538.2,  530.2,  545.1,  550.7,  556.1,  558.0,  555.4,  549.9,  544.5,  542.6,  677.1,  680.3,  691.0,  703.0,  709.3,  706.2,  695.4,  682.4,  666.9,  674.4,  684.4,  696.8,  707.9,  715.5,  720.4,  715.4,  708.6,  699.5,  688.0,  676.4,  687.2,  693.5,  699.0,  700.7,  697.4,  691.2,  685.6,  684.0,  298.6,  286.9,  281.4,  285.3,  296.4,  309.0,  313.7,  309.7,  306.0,  298.6,  293.4,  289.7,  290.4,  294.4,  300.8,  306.6,  309.9,  312.2,  312.1,  310.4,  304.1,  306.1,  303.2,  297.1,  291.4,  289.4,  292.3,  298.4,  293.0,  280.4,  274.8,  279.4,  291.5,  304.1,  309.7,  306.2,  298.0,  290.2,  285.5,  284.2,  287.2,  291.8,  298.6,  301.8,  303.3,  303.8,  302.8,  301.4,  299.5,  301.9,  299.0,  292.6,  286.3,  283.9,  286.7,  293.2,  -38.9,  -37.5,  -33.5,  -29.4,  -27.5,  -28.6,  -32.8,  -37.0,  -43.4,  -41.3,  -38.1,  -33.5,  -28.8,  -25.3,  -22.6,  -25.5,  -29.5,  -33.6,  -37.4,  -40.7,  -35.0,  -32.8,  -30.8,  -30.1,  -31.1,  -33.2,  -35.2,  -36.0,  13.0,  14.2,  18.1,  22.5,  24.7,  23.4,  19.5,  14.9,  9.4,  12.1,  15.6,  20.0,  24.1,  27.0,  29.0,  26.9,  24.2,  20.8,  16.8,  12.7,  16.7,  18.9,  20.9,  21.6,  20.4,  18.2,  16.1,  15.5,  -22.6,  -27.0,  -28.9,  -27.4,  -23.2,  -18.7,  -17.0,  -18.5,  -20.2,  -22.8,  -24.5,  -25.7,  -25.3,  -24.0,  -21.7,  -19.5,  -18.2,  -17.5,  -17.6,  -18.4,  -20.6,  -19.8,  -20.9,  -23.1,  -25.2,  -26.0,  -25.0,  -22.7,  -23.5,  -28.0,  -30.2,  -28.7,  -24.4,  -19.8,  -17.7,  -18.9,  -21.7,  -24.4,  -26.1,  -26.7,  -25.8,  -24.4,  -22.2,  -20.8,  -20.0,  -19.7,  -20.0,  -20.5,  -21.3,  -20.5,  -21.6,  -24.0,  -26.2,  -27.0,  -25.9,  -23.6,  323.0,  322.8,  321.8,  320.5,  319.6,  319.9,  320.8,  322.1,  327.8,  324.4,  321.5,  319.1,  318.6,  319.3,  320.3,  319.3,  318.6,  319.4,  321.5,  324.3,  322.5,  321.8,  321.3,  321.2,  321.7,  322.4,  322.9,  322.9,  306.8,  308.4,  310.4,  311.7,  311.5,  309.9,  307.9,  306.7,  306.2,  306.2,  306.5,  307.8,  310.2,  313.0,  315.7,  312.4,  309.1,  306.5,  305.4,  305.6,  308.6,  309.2,  310.3,  311.1,  311.3,  310.6,  309.6,  308.7,  -4.3,  12.7,  354.6,  -0.120,  0.030,  -0.066,  456.6,  462.2,  472.1,  483.6,  502.5,  529.9,  561.4,  599.6,  644.8,  689.9,  728.7,  759.3,  778.8,  787.7,  790.7,  791.5,  789.5,  481.2,  498.3,  526.8,  557.3,  586.6,  651.2,  682.1,  712.8,  742.4,  761.6,  623.2,  624.2,  625.3,  626.6,  594.6,  611.7,  629.0,  646.9,  663.1,  521.3,  538.1,  559.8,  578.8,  559.9,  538.1,  666.1,  684.6,  706.3,  723.8,  707.9,  686.8,  572.1,  593.6,  615.4,  632.2,  650.6,  674.0,  697.2,  675.3,  653.2,  633.4,  616.0,  594.4,  581.9,  616.3,  632.9,  652.1,  686.1,  651.5,  632.5,  615.9,  322.3,  370.4,  418.4,  464.3,  505.7,  540.9,  568.4,  585.7,  587.6,  579.2,  556.5,  525.2,  486.9,  442.8,  396.4,  349.5,  303.4,  286.8,  261.6,  250.0,  251.4,  259.1,  256.3,  246.7,  244.2,  252.2,  274.1,  289.2,  314.5,  339.7,  366.2,  398.5,  402.5,  405.8,  400.3,  394.1,  306.0,  293.0,  291.3,  302.7,  308.4,  310.8,  299.4,  286.0,  286.5,  297.4,  303.0,  303.0,  468.7,  450.8,  442.8,  446.2,  441.1,  448.1,  461.4,  473.1,  477.5,  479.9,  479.5,  476.5,  467.1,  458.0,  458.3,  455.6,  461.2,  457.1,  460.0,  459.4,  -88.7,  -85.8,  -80.7,  -74.4,  -64.0,  -49.8,  -34.3,  -16.8,  2.0,  20.8,  38.6,  53.6,  63.5,  67.8,  69.1,  69.2,  68.8,  -69.6,  -60.9,  -47.8,  -34.3,  -21.9,  4.6,  17.5,  30.7,  43.8,  52.8,  -6.8,  -6.2,  -5.7,  -5.0,  -18.0,  -11.1,  -4.2,  2.7,  9.1,  -50.5,  -43.1,  -33.8,  -25.7,  -33.6,  -42.8,  11.0,  18.8,  28.0,  35.6,  28.5,  19.6,  -27.9,  -18.3,  -9.6,  -3.0,  4.1,  13.5,  23.4,  13.9,  5.1,  -2.5,  -9.3,  -17.9,  -23.7,  -9.3,  -2.8,  4.7,  18.7,  4.5,  -2.9,  -9.4,  -18.2,  5.0,  28.1,  49.6,  67.8,  81.9,  90.9,  94.0,  93.3,  91.3,  85.4,  74.2,  58.1,  38.0,  16.7,  -4.8,  -26.0,  -32.1,  -42.3,  -46.4,  -45.1,  -41.3,  -42.4,  -47.0,  -48.8,  -46.1,  -37.3,  -28.7,  -18.0,  -7.8,  2.3,  15.3,  16.6,  17.7,  15.7,  13.4,  -23.0,  -28.3,  -28.9,  -24.1,  -21.6,  -20.7,  -25.5,  -31.1,  -31.0,  -26.6,  -23.9,  -23.9,  44.6,  35.9,  32.3,  33.5,  31.6,  34.9,  41.5,  44.5,  45.2,  46.0,  46.1,  45.8,  43.6,  38.3,  38.3,  37.4,  41.0,  37.7,  38.7,  38.7,  423.0,  422.3,  420.6,  416.4,  407.1,  396.1,  381.6,  364.5,  358.5,  364.4,  380.3,  393.2,  400.5,  401.9,  401.2,  399.9,  402.7,  383.3,  376.0,  369.2,  363.2,  358.4,  357.8,  363.2,  368.6,  373.8,  379.8,  354.5,  345.6,  336.5,  327.7,  346.5,  342.1,  338.8,  340.7,  343.9,  372.4,  369.7,  368.5,  367.6,  366.6,  367.9,  368.1,  368.2,  369.1,  371.7,  367.7,  366.7,  359.2,  345.6,  341.3,  340.1,  340.7,  347.0,  358.3,  344.2,  337.0,  335.8,  337.6,  344.3,  356.1,  342.0,  340.7,  342.0,  354.7,  339.8,  338.6,  340.4,  2.398,  -0.049,  0.060,  -0.065,  629.734,  392.742,  5.029,  20.134,  -11.359,  7.407,  -16.992,  6.192,  -1.040,  -1.475,  8.574,  -5.697,  -9.549,  1.920,  -1.811,  -2.740,  3.756,  1.224,  0.741,  -1.520,  -0.161,  -4.923,  -2.176,  -0.511,  -0.474,  -0.925,  1.159,  1.652,  -0.464,  -0.693,  0.251,  -0.939,  -0.236,  0.143,  -0.434,  0.157, 0.00, 0.00, 0.00, 0.00, 0.00, 0.00, 0.00, 0.00, 0.00, 0.00, 0.22, 1.10, 0.31, 0.95, 0.00, 0.00, 0.13, 0.00, 0.00, 0.00, 1.00, 0.00, 0.00, 0.00, 0.00, 0.00, 0.00, 1.00, 1.00, 0.00, 0.00, 0.00, 0.00, 0.00, 1.00
6,  0,  0.167,  0.98,  1,  0.043328,  -0.007220,  -0.999035,  -0.093681,  0.015394,  -0.995483,  -0.025,  0.004,  534.1,  538.2,  548.8,  559.7,  564.6,  561.5,  549.9,  539.0,  523.3,  528.0,  536.0,  547.7,  560.5,  570.2,  577.8,  569.6,  558.7,  547.6,  537.8,  529.7,  544.6,  550.3,  555.8,  557.9,  555.3,  549.6,  544.1,  542.0,  676.4,  679.5,  690.1,  702.0,  708.3,  705.2,  694.5,  681.7,  666.4,  673.8,  683.7,  696.1,  707.1,  714.7,  719.6,  714.4,  707.4,  698.3,  687.0,  675.6,  686.6,  692.6,  698.0,  699.6,  696.4,  690.4,  685.0,  683.5,  297.2,  285.5,  280.1,  284.1,  295.2,  307.8,  312.4,  308.4,  305.3,  297.8,  292.4,  288.5,  289.4,  293.5,  300.4,  305.8,  308.9,  311.1,  311.1,  309.4,  302.9,  305.0,  302.1,  296.0,  290.2,  288.1,  291.0,  297.1,  291.9,  279.4,  273.6,  277.9,  289.8,  302.3,  308.1,  304.9,  297.4,  289.2,  284.2,  282.9,  285.9,  290.5,  297.4,  300.8,  302.6,  303.3,  302.3,  300.8,  297.9,  300.1,  297.3,  291.0,  285.0,  282.8,  285.7,  291.9,  -39.0,  -37.5,  -33.6,  -29.4,  -27.6,  -28.7,  -33.0,  -37.1,  -43.6,  -41.5,  -38.2,  -33.7,  -29.0,  -25.5,  -22.8,  -25.7,  -29.6,  -33.7,  -37.5,  -40.8,  -35.1,  -33.0,  -30.9,  -30.1,  -31.1,  -33.3,  -35.4,  -36.1,  12.9,  14.1,  18.0,  22.4,  24.6,  23.4,  19.5,  14.8,  9.4,  12.0,  15.5,  20.0,  24.1,  27.0,  29.1,  26.9,  24.1,  20.7,  16.6,  12.6,  16.7,  18.8,  20.8,  21.4,  20.3,  18.1,  16.1,  15.5,  -23.1,  -27.5,  -29.4,  -27.8,  -23.6,  -19.1,  -17.4,  -19.0,  -20.4,  -23.1,  -24.8,  -26.1,  -25.7,  -24.3,  -21.8,  -19.8,  -18.6,  -17.8,  -17.9,  -18.7,  -21.0,  -20.2,  -21.2,  -23.5,  -25.7,  -26.5,  -25.5,  -23.2,  -24.2,  -28.8,  -31.0,  -29.6,  -25.3,  -20.7,  -18.5,  -19.6,  -22.2,  -25.1,  -26.9,  -27.4,  -26.6,  -25.2,  -22.9,  -21.4,  -20.5,  -20.1,  -20.4,  -21.0,  -22.2,  -21.4,  -22.5,  -24.8,  -27.0,  -27.8,  -26.6,  -24.3,  322.7,  322.7,  321.8,  320.5,  319.6,  319.7,  320.4,  321.7,  327.2,  324.1,  321.3,  319.1,  318.7,  319.3,  320.3,  319.2,  318.5,  319.2,  321.2,  323.9,  322.2,  321.5,  321.1,  321.1,  321.6,  322.3,  322.7,  322.7,  310.9,  312.4,  314.2,  315.5,  315.4,  313.9,  312.1,  310.9,  310.5,  310.3,  310.5,  311.6,  314.0,  316.8,  319.6,  316.3,  313.2,  310.6,  309.6,  309.9,  312.7,  313.3,  314.3,  315.0,  315.1,  314.5,  313.5,  312.8,  -4.7,  12.4,  354.6,  -0.122,  0.034,  -0.065,  456.1,  461.8,  471.6,  483.2,  502.0,  529.3,  560.8,  598.9,  644.0,  689.2,  728.1,  758.8,  778.3,  787.2,  790.3,  791.2,  789.4,  480.6,  497.6,  526.0,  556.5,  585.7,  650.5,  681.4,  712.2,  741.8,  760.9,  622.3,  623.2,  624.1,  625.2,  593.6,  610.5,  627.8,  645.8,  662.0,  520.8,  537.6,  559.3,  578.2,  559.4,  537.5,  665.3,  683.7,  705.4,  722.9,  707.0,  685.9,  571.3,  592.4,  614.1,  630.9,  649.5,  672.9,  696.1,  674.2,  652.1,  632.2,  614.8,  593.3,  581.0,  615.1,  631.7,  651.0,  684.9,  650.4,  631.4,  614.8,  322.0,  370.1,  418.1,  464.1,  505.4,  540.6,  567.9,  584.9,  586.5,  578.0,  555.3,  524.2,  486.3,  442.6,  396.6,  350.1,  304.3,  286.7,  261.3,  249.6,  250.8,  258.5,  255.7,  246.2,  243.7,  251.8,  273.9,  288.4,  313.8,  339.0,  365.5,  397.9,  401.7,  405.0,  399.6,  393.3,  305.1,  291.9,  290.3,  301.9,  307.5,  309.9,  298.7,  285.0,  285.4,  296.5,  302.1,  302.1,  468.1,  450.0,  442.0,  445.4,  440.3,  447.2,  460.7,  472.2,  476.7,  479.2,  478.9,  475.8,  466.4,  457.1,  457.4,  454.7,  460.4,  456.4,  459.3,  458.8,  -89.0,  -86.1,  -81.0,  -74.7,  -64.2,  -50.2,  -34.5,  -17.1,  1.6,  20.5,  38.3,  53.3,  63.2,  67.6,  68.9,  69.1,  68.8,  -69.9,  -61.2,  -48.1,  -34.7,  -22.2,  4.3,  17.2,  30.4,  43.5,  52.5,  -7.2,  -6.6,  -6.1,  -5.5,  -18.4,  -11.5,  -4.7,  2.2,  8.6,  -50.8,  -43.3,  -34.0,  -26.0,  -33.8,  -43.1,  10.7,  18.4,  27.6,  35.2,  28.2,  19.2,  -28.2,  -18.8,  -10.1,  -3.5,  3.7,  13.0,  22.9,  13.5,  4.6,  -3.0,  -9.7,  -18.4,  -24.0,  -9.7,  -3.2,  4.3,  18.2,  4.1,  -3.3,  -9.8,  -18.4,  4.9,  28.0,  49.6,  67.7,  81.8,  90.7,  93.7,  92.7,  90.7,  84.8,  73.7,  57.7,  37.9,  16.8,  -4.5,  -25.6,  -32.1,  -42.4,  -46.6,  -45.3,  -41.6,  -42.6,  -47.3,  -49.0,  -46.2,  -37.4,  -29.0,  -18.3,  -8.1,  2.0,  15.0,  16.3,  17.4,  15.4,  13.1,  -23.4,  -28.8,  -29.4,  -24.4,  -22.0,  -21.1,  -25.8,  -31.6,  -31.5,  -27.0,  -24.3,  -24.3,  44.4,  35.5,  32.0,  33.2,  31.2,  34.6,  41.2,  44.1,  44.9,  45.8,  45.9,  45.6,  43.3,  38.0,  37.9,  37.0,  40.7,  37.4,  38.4,  38.4,  423.7,  422.9,  421.1,  416.7,  407.4,  396.3,  381.7,  364.5,  358.3,  364.1,  379.8,  392.7,  400.0,  401.6,  401.0,  399.8,  402.7,  383.6,  376.3,  369.4,  363.4,  358.5,  357.9,  363.2,  368.5,  373.8,  379.7,  354.5,  345.7,  336.5,  327.7,  346.6,  342.2,  338.8,  340.7,  343.8,  372.6,  369.9,  368.6,  367.7,  366.7,  368.1,  368.1,  368.1,  369.0,  371.6,  367.5,  366.6,  359.3,  345.7,  341.2,  340.0,  340.6,  346.9,  358.0,  344.1,  337.0,  335.9,  337.7,  344.4,  356.1,  342.0,  340.7,  341.9,  354.5,  339.9,  338.7,  340.5,  2.398,  -0.051,  0.064,  -0.064,  628.900,  392.097,  5.363,  20.378,  -11.111,  7.181,  -16.529,  6.139,  -0.378,  -1.378,  8.773,  -5.229,  -9.395,  2.144,  -1.537,  -2.483,  4.158,  1.489,  0.879,  -1.055,  0.090,  -4.836,  -1.991,  -0.660,  -0.572,  -1.012,  1.354,  1.474,  -0.497,  -0.725,  0.226,  -0.849,  -0.304,  0.190,  -0.476,  0.114, 0.00, 0.00, 0.00, 0.00, 0.00, 0.00, 0.00, 0.00, 0.00, 0.00, 0.26, 1.14, 0.27, 0.97, 0.00, 0.00, 0.11, 0.00, 0.00, 0.00, 1.00, 0.00, 0.00, 0.00, 0.00, 0.00, 0.00, 1.00, 1.00, 0.00, 0.00, 0.00, 0.00, 0.00, 1.00
7,  0,  0.200,  0.98,  1,  0.002548,  -0.031834,  -0.999490,  -0.093227,  0.019075,  -0.995462,  -0.045,  -0.006,  533.0,  536.7,  546.6,  557.0,  561.7,  558.9,  548.0,  537.7,  522.5,  527.3,  535.5,  547.2,  559.5,  568.9,  575.9,  568.6,  558.1,  547.1,  537.2,  528.7,  543.5,  548.2,  552.7,  554.3,  552.2,  547.5,  543.0,  541.3,  675.5,  678.7,  689.5,  701.5,  707.8,  704.7,  693.9,  680.9,  665.7,  672.9,  682.8,  695.3,  706.5,  714.3,  719.3,  714.0,  706.9,  697.6,  686.2,  674.8,  686.0,  692.0,  697.4,  699.0,  695.8,  689.8,  684.4,  682.8,  296.3,  285.5,  280.2,  283.6,  293.7,  305.4,  309.8,  306.4,  305.2,  297.4,  291.7,  287.9,  288.8,  293.0,  299.3,  304.7,  307.5,  309.7,  310.3,  309.1,  300.6,  302.2,  299.8,  294.9,  290.3,  288.7,  291.1,  296.1,  291.5,  279.0,  273.3,  277.7,  289.7,  302.2,  307.9,  304.6,  297.6,  289.1,  283.9,  282.5,  285.5,  290.2,  297.3,  300.4,  302.0,  302.5,  301.7,  300.5,  297.6,  299.8,  297.0,  290.8,  284.8,  282.6,  285.4,  291.6,  -41.5,  -40.1,  -36.2,  -32.1,  -30.2,  -31.2,  -35.4,  -39.5,  -46.2,  -43.9,  -40.4,  -35.7,  -31.0,  -27.4,  -24.8,  -27.5,  -31.4,  -35.7,  -39.7,  -43.3,  -37.4,  -35.5,  -33.8,  -33.1,  -34.0,  -35.9,  -37.7,  -38.3,  12.6,  13.8,  17.7,  22.1,  24.3,  23.1,  19.1,  14.5,  9.1,  11.6,  15.1,  19.6,  23.8,  26.8,  28.8,  26.6,  23.8,  20.4,  16.3,  12.3,  16.4,  18.5,  20.5,  21.1,  20.0,  17.8,  15.9,  15.2,  -24.7,  -29.0,  -31.0,  -29.5,  -25.5,  -21.0,  -19.3,  -20.7,  -21.5,  -24.4,  -26.4,  -27.7,  -27.4,  -25.8,  -23.5,  -21.3,  -20.1,  -19.3,  -19.2,  -19.8,  -23.0,  -22.4,  -23.3,  -25.2,  -27.0,  -27.7,  -26.7,  -24.8,  -24.2,  -28.8,  -31.0,  -29.6,  -25.2,  -20.6,  -18.5,  -19.6,  -22.0,  -25.0,  -26.9,  -27.5,  -26.6,  -25.1,  -22.8,  -21.4,  -20.7,  -20.3,  -20.5,  -21.0,  -22.2,  -21.4,  -22.5,  -24.8,  -27.0,  -27.7,  -26.6,  -24.3,  339.5,  340.0,  339.4,  338.2,  337.0,  336.6,  337.0,  338.2,  343.9,  341.0,  338.4,  336.5,  336.4,  337.3,  338.4,  336.9,  335.7,  336.1,  337.8,  340.6,  339.0,  338.4,  338.2,  338.4,  339.0,  339.5,  339.8,  339.5,  309.6,  311.1,  313.0,  314.2,  313.9,  312.4,  310.5,  309.5,  309.2,  309.0,  309.2,  310.3,  312.6,  315.4,  318.0,  314.8,  311.7,  309.2,  308.2,  308.5,  311.3,  311.9,  312.9,  313.6,  313.8,  313.2,  312.3,  311.5,  -4.9,  12.2,  354.6,  -0.124,  0.035,  -0.065,  455.9,  461.5,  471.3,  482.9,  501.7,  529.0,  560.7,  598.7,  643.6,  688.5,  727.0,  757.4,  777.1,  786.4,  789.8,  790.9,  789.3,  480.2,  497.1,  525.4,  555.9,  585.1,  649.7,  680.8,  711.6,  741.3,  760.4,  621.4,  622.3,  623.3,  624.4,  592.8,  609.7,  627.0,  645.0,  661.2,  520.0,  536.7,  558.4,  577.3,  558.5,  536.8,  664.7,  683.1,  704.7,  722.2,  706.4,  685.3,  570.7,  591.6,  613.2,  630.1,  648.7,  672.2,  695.2,  673.6,  651.4,  631.5,  613.9,  592.5,  580.4,  614.1,  630.8,  650.3,  684.1,  649.8,  630.6,  613.9,  322.7,  370.6,  418.5,  464.1,  505.2,  540.3,  567.6,  584.6,  586.2,  577.7,  555.2,  524.3,  486.5,  442.7,  396.7,  350.2,  304.5,  286.7,  261.2,  249.3,  250.3,  257.7,  255.0,  245.6,  243.3,  251.6,  273.8,  287.7,  313.0,  338.2,  364.6,  397.2,  401.0,  404.2,  398.7,  392.5,  304.6,  291.5,  289.7,  301.2,  306.8,  309.3,  298.2,  284.6,  285.0,  296.1,  301.6,  301.5,  467.5,  449.2,  441.2,  444.6,  439.6,  446.6,  460.3,  471.7,  476.2,  478.6,  478.3,  475.2,  465.8,  456.3,  456.7,  454.1,  460.0,  455.8,  458.7,  458.1,  -89.2,  -86.3,  -81.2,  -74.8,  -64.4,  -50.2,  -34.6,  -17.2,  1.5,  20.2,  37.8,  52.7,  62.6,  67.2,  68.7,  69.0,  68.7,  -70.1,  -61.5,  -48.4,  -35.0,  -22.5,  4.0,  16.9,  30.2,  43.3,  52.3,  -7.5,  -7.0,  -6.4,  -5.8,  -18.7,  -11.9,  -5.0,  1.9,  8.3,  -51.1,  -43.7,  -34.4,  -26.4,  -34.2,  -43.5,  10.4,  18.2,  27.3,  34.9,  27.9,  19.0,  -28.5,  -19.1,  -10.4,  -3.9,  3.4,  12.8,  22.6,  13.2,  4.4,  -3.3,  -10.1,  -18.7,  -24.2,  -10.1,  -3.6,  4.0,  17.9,  3.8,  -3.7,  -10.2,  -18.1,  5.1,  28.1,  49.6,  67.5,  81.6,  90.5,  93.5,  92.6,  90.6,  84.7,  73.7,  57.8,  38.0,  16.8,  -4.5,  -25.5,  -32.2,  -42.5,  -46.8,  -45.6,  -41.9,  -43.0,  -47.5,  -49.2,  -46.3,  -37.4,  -29.3,  -18.6,  -8.4,  1.7,  14.7,  16.0,  17.1,  15.1,  12.8,  -23.6,  -29.0,  -29.6,  -24.7,  -22.3,  -21.4,  -26.0,  -31.7,  -31.6,  -27.1,  -24.5,  -24.5,  44.1,  35.2,  31.7,  32.9,  31.0,  34.3,  41.0,  43.9,  44.8,  45.6,  45.7,  45.3,  43.0,  37.7,  37.6,  36.8,  40.5,  37.2,  38.2,  38.2,  423.9,  423.0,  421.1,  416.7,  407.1,  395.9,  381.2,  364.2,  358.2,  364.0,  379.7,  392.5,  399.8,  401.5,  401.1,  399.9,  402.8,  384.2,  376.8,  369.9,  363.7,  358.7,  358.0,  363.2,  368.6,  373.9,  379.9,  354.6,  345.7,  336.5,  327.7,  346.7,  342.2,  338.7,  340.5,  343.7,  373.0,  370.3,  369.0,  368.0,  367.0,  368.4,  368.1,  368.2,  369.0,  371.5,  367.5,  366.6,  359.1,  345.6,  341.2,  340.0,  340.4,  346.6,  357.7,  344.1,  337.2,  336.2,  337.9,  344.5,  355.9,  342.0,  340.6,  341.8,  354.2,  340.0,  338.9,  340.7,  2.398,  -0.054,  0.066,  -0.064,  628.219,  391.671,  5.273,  19.926,  -10.767,  7.615,  -15.865,  6.180,  0.072,  -1.477,  8.946,  -5.483,  -9.204,  1.540,  -1.169,  -2.553,  4.144,  1.205,  0.403,  -0.850,  0.242,  -5.101,  -2.127,  -0.600,  -0.576,  -1.129,  1.161,  1.330,  -0.719,  -0.322,  0.062,  -1.009,  -0.087,  0.136,  -0.423,  0.249, 0.00, 0.00, 0.00, 0.00, 0.00, 0.00, 0.00, 0.00, 0.00, 0.01, 0.20, 1.11, 0.19, 1.03, 0.00, 0.01, 0.20, 0.00, 0.00, 0.00, 1.00, 0.00, 0.00, 0.00, 0.00, 0.00, 0.00, 1.00, 1.00, 0.00, 0.00, 0.00, 0.00, 0.00, 1.00
8,  0,  0.234,  0.98,  1,  0.010689,  -0.026221,  -0.999599,  -0.093398,  0.017732,  -0.995471,  -0.041,  -0.004,  532.5,  536.4,  546.6,  557.1,  561.7,  558.7,  547.6,  537.1,  521.7,  526.5,  534.7,  546.5,  559.1,  568.9,  576.2,  568.4,  557.5,  546.3,  536.2,  527.8,  542.8,  547.9,  552.9,  554.8,  552.5,  547.4,  542.4,  540.5,  675.0,  678.2,  688.9,  700.9,  707.1,  703.9,  693.2,  680.3,  665.0,  672.4,  682.3,  694.7,  705.9,  713.6,  718.6,  713.2,  706.1,  696.9,  685.5,  674.1,  685.4,  691.3,  696.6,  698.2,  695.2,  689.3,  683.9,  682.3,  296.4,  285.3,  280.0,  283.5,  293.8,  305.8,  310.3,  306.8,  305.4,  297.5,  291.6,  287.7,  288.9,  293.3,  299.7,  304.6,  307.0,  309.0,  309.7,  308.8,  301.3,  303.0,  300.4,  295.0,  289.9,  288.2,  290.9,  296.3,  291.5,  279.0,  273.2,  277.5,  289.4,  301.9,  307.7,  304.4,  297.0,  288.7,  283.8,  282.4,  285.3,  289.9,  296.8,  300.3,  302.2,  302.8,  301.9,  300.4,  297.4,  299.5,  296.7,  290.5,  284.6,  282.5,  285.3,  291.5,  -40.6,  -39.2,  -35.2,  -31.2,  -29.3,  -30.4,  -34.6,  -38.7,  -45.3,  -43.1,  -39.6,  -35.0,  -30.2,  -26.6,  -23.9,  -26.8,  -30.7,  -35.0,  -39.0,  -42.5,  -36.6,  -34.6,  -32.7,  -32.0,  -32.9,  -34.9,  -36.9,  -37.6,  12.5,  13.7,  17.6,  22.0,  24.2,  23.0,  19.0,  14.4,  8.9,  11.5,  15.1,  19.5,  23.7,  26.7,  28.8,  26.6,  23.7,  20.2,  16.1,  12.1,  16.3,  18.4,  20.4,  21.0,  19.9,  17.8,  15.8,  15.2,  -24.0,  -28.2,  -30.2,  -28.7,  -24.8,  -20.3,  -18.6,  -20.0,  -20.9,  -23.7,  -25.7,  -27.0,  -26.6,  -25.0,  -22.6,  -20.7,  -19.8,  -19.0,  -18.9,  -19.4,  -22.1,  -21.4,  -22.4,  -24.4,  -26.4,  -27.1,  -26.1,  -24.0,  -24.4,  -29.0,  -31.3,  -29.8,  -25.5,  -20.9,  -18.7,  -19.8,  -22.5,  -25.4,  -27.1,  -27.7,  -26.9,  -25.4,  -23.1,  -21.6,  -20.8,  -20.4,  -20.6,  -21.2,  -22.5,  -21.7,  -22.8,  -25.1,  -27.2,  -28.0,  -26.9,  -24.6,  330.2,  330.7,  330.0,  328.7,  327.4,  327.0,  327.5,  328.9,  335.0,  332.0,  329.3,  327.3,  326.9,  327.6,  328.6,  327.1,  326.1,  326.7,  328.5,  331.4,  329.6,  328.9,  328.6,  328.9,  329.5,  330.2,  330.5,  330.2,  312.1,  313.4,  315.2,  316.4,  316.2,  314.8,  313.1,  312.0,  311.7,  311.4,  311.5,  312.5,  314.8,  317.6,  320.3,  317.2,  314.1,  311.6,  310.6,  311.0,  313.8,  314.4,  315.2,  315.9,  316.0,  315.5,  314.6,  313.9,  -5.2,  12.1,  354.0,  -0.127,  0.036,  -0.065,  455.9,  461.4,  471.1,  482.8,  501.5,  528.7,  560.4,  598.4,  643.5,  688.3,  726.9,  757.2,  776.9,  786.1,  789.5,  790.7,  789.1,  479.7,  496.5,  524.7,  555.0,  584.2,  649.0,  680.1,  711.1,  740.7,  760.0,  620.6,  621.4,  622.3,  623.4,  592.1,  608.9,  626.2,  644.1,  660.3,  519.4,  536.2,  557.8,  576.9,  558.0,  536.2,  663.9,  682.5,  704.1,  721.7,  705.8,  684.6,  570.2,  590.9,  612.5,  629.2,  647.9,  671.3,  694.5,  672.7,  650.7,  630.7,  613.2,  591.9,  579.9,  613.4,  630.1,  649.5,  683.4,  649.0,  629.8,  613.2,  323.3,  370.9,  418.4,  463.9,  505.0,  540.2,  567.6,  584.5,  586.1,  577.5,  555.0,  524.2,  486.6,  443.2,  397.4,  351.1,  305.6,  286.4,  261.0,  249.1,  250.1,  257.5,  254.6,  245.2,  243.0,  251.4,  273.6,  287.3,  312.5,  337.5,  363.8,  396.8,  400.5,  403.6,  398.2,  392.0,  304.6,  291.4,  289.6,  301.1,  306.6,  309.2,  298.0,  284.4,  284.8,  296.0,  301.4,  301.3,  467.1,  448.8,  440.7,  444.1,  439.0,  446.2,  459.9,  471.1,  475.6,  478.0,  477.7,  474.7,  465.3,  455.9,  456.2,  453.6,  459.5,  455.1,  458.1,  457.5,  -89.2,  -86.3,  -81.2,  -74.8,  -64.4,  -50.4,  -34.7,  -17.3,  1.4,  20.1,  37.7,  52.5,  62.5,  67.0,  68.5,  68.8,  68.6,  -70.4,  -61.8,  -48.7,  -35.3,  -22.9,  3.7,  16.6,  29.9,  43.0,  52.1,  -7.8,  -7.3,  -6.8,  -6.2,  -18.9,  -12.1,  -5.3,  1.6,  8.0,  -51.4,  -43.9,  -34.6,  -26.5,  -34.4,  -43.7,  10.0,  17.9,  27.0,  34.7,  27.6,  18.7,  -28.6,  -19.3,  -10.7,  -4.2,  3.1,  12.4,  22.2,  12.8,  4.1,  -3.6,  -10.3,  -18.9,  -24.4,  -10.4,  -3.9,  3.7,  17.5,  3.5,  -3.9,  -10.4,  -17.8,  5.3,  28.1,  49.5,  67.4,  81.5,  90.4,  93.3,  92.4,  90.3,  84.5,  73.5,  57.8,  38.1,  17.1,  -4.1,  -25.0,  -32.3,  -42.6,  -46.8,  -45.6,  -42.0,  -43.0,  -47.6,  -49.2,  -46.4,  -37.5,  -29.4,  -18.7,  -8.6,  1.4,  14.5,  15.8,  16.9,  14.8,  12.6,  -23.6,  -29.0,  -29.7,  -24.7,  -22.4,  -21.4,  -26.0,  -31.8,  -31.7,  -27.2,  -24.6,  -24.5,  43.9,  35.0,  31.4,  32.6,  30.7,  34.0,  40.7,  43.6,  44.4,  45.2,  45.3,  45.0,  42.8,  37.4,  37.4,  36.5,  40.2,  36.9,  37.9,  37.9,  423.9,  422.9,  420.9,  416.4,  406.9,  395.7,  380.9,  363.7,  357.5,  363.4,  379.1,  391.9,  399.3,  401.1,  400.8,  399.8,  402.8,  384.1,  376.6,  369.6,  363.3,  358.1,  357.2,  362.6,  368.1,  373.6,  379.7,  354.0,  345.0,  335.6,  326.6,  345.9,  341.4,  337.8,  339.7,  342.9,  372.8,  370.1,  368.7,  367.6,  366.7,  368.2,  367.6,  367.8,  368.6,  371.2,  367.0,  366.1,  358.4,  344.7,  340.3,  339.1,  339.5,  345.7,  356.8,  343.2,  336.3,  335.3,  337.1,  343.7,  355.2,  341.1,  339.7,  340.9,  353.4,  339.2,  338.0,  339.9,  2.401,  -0.058,  0.068,  -0.064,  627.639,  391.429,  7.349,  19.921,  -10.406,  8.472,  -15.818,  5.915,  0.174,  -0.988,  8.724,  -5.322,  -8.979,  1.574,  -1.359,  -2.768,  4.536,  1.116,  0.319,  -0.465,  0.068,  -5.248,  -2.100,  -0.638,  -0.609,  -1.113,  1.145,  1.291,  -0.690,  -0.383,  0.112,  -0.989,  -0.116,  0.177,  -0.459,  0.182, 0.00, 0.00, 0.00, 0.00, 0.00, 0.00, 0.00, 0.00, 0.00, 0.01, 0.11, 1.11, 0.16, 1.10, 0.00, 0.07, 0.30, 0.00, 0.00, 0.00, 1.00, 0.00, 0.00, 0.00, 0.00, 0.00, 0.00, 1.00, 1.00, 0.00, 0.00, 0.00, 0.00, 0.00, 1.00
9,  0,  0.267,  0.98,  1,  -0.005434,  -0.029017,  -0.999564,  -0.104692,  0.018855,  -0.994326,  -0.055,  -0.005,  531.9,  535.3,  545.2,  555.7,  560.7,  558.2,  547.4,  536.9,  521.2,  525.8,  534.2,  546.3,  558.9,  568.2,  574.9,  567.9,  557.6,  546.6,  536.6,  527.8,  542.4,  547.2,  551.7,  553.3,  551.0,  546.2,  541.6,  540.1,  674.1,  677.3,  688.1,  700.3,  706.6,  703.4,  692.6,  679.5,  664.6,  671.8,  681.8,  694.2,  705.4,  713.1,  718.3,  713.1,  705.9,  696.7,  685.2,  673.7,  684.9,  690.7,  695.9,  697.4,  694.4,  688.6,  683.4,  681.9,  296.7,  285.7,  280.5,  284.2,  294.5,  306.2,  310.7,  307.0,  305.0,  297.4,  292.0,  288.2,  289.0,  293.0,  299.6,  305.1,  308.4,  310.7,  311.0,  309.4,  301.0,  302.6,  300.2,  295.2,  290.5,  288.8,  291.2,  296.3,  291.5,  279.0,  273.3,  277.7,  289.6,  302.2,  307.9,  304.6,  296.9,  288.5,  283.4,  282.1,  285.0,  289.7,  296.8,  300.3,  302.0,  302.6,  301.7,  300.3,  297.4,  299.5,  296.8,  290.8,  285.1,  283.0,  285.7,  291.7,  -41.8,  -40.5,  -36.6,  -32.4,  -30.5,  -31.5,  -35.7,  -39.8,  -46.6,  -44.3,  -40.7,  -35.9,  -31.1,  -27.6,  -25.2,  -27.8,  -31.6,  -35.9,  -39.9,  -43.6,  -37.7,  -35.8,  -34.1,  -33.4,  -34.4,  -36.3,  -38.0,  -38.7,  12.1,  13.3,  17.3,  21.7,  24.0,  22.7,  18.7,  14.0,  8.7,  11.3,  14.8,  19.3,  23.4,  26.4,  28.5,  26.4,  23.6,  20.1,  16.0,  11.9,  16.0,  18.1,  20.0,  20.6,  19.6,  17.4,  15.5,  15.0,  -24.5,  -28.7,  -30.6,  -29.2,  -25.2,  -20.7,  -19.0,  -20.4,  -21.6,  -24.3,  -26.2,  -27.5,  -27.2,  -25.8,  -23.4,  -21.1,  -19.8,  -18.9,  -18.9,  -19.7,  -22.8,  -22.1,  -23.1,  -25.0,  -26.8,  -27.5,  -26.6,  -24.7,  -24.3,  -28.9,  -31.1,  -29.7,  -25.3,  -20.7,  -18.5,  -19.7,  -22.4,  -25.3,  -27.2,  -27.7,  -26.9,  -25.4,  -23.0,  -21.5,  -20.7,  -20.3,  -20.6,  -21.1,  -22.4,  -21.6,  -22.7,  -24.9,  -26.9,  -27.7,  -26.6,  -24.4,  338.2,  338.1,  337.4,  336.6,  336.1,  336.5,  336.9,  337.7,  342.9,  339.7,  336.9,  335.1,  335.2,  336.6,  338.2,  336.9,  335.7,  336.0,  337.6,  340.0,  338.2,  337.8,  337.5,  337.5,  337.7,  338.1,  338.4,  338.4,  310.7,  312.2,  314.1,  315.2,  314.9,  313.3,  311.5,  310.5,  310.2,  310.1,  310.3,  311.4,  313.6,  316.3,  318.8,  315.8,  312.6,  310.1,  309.1,  309.5,  312.4,  312.9,  313.8,  314.5,  314.7,  314.2,  313.3,  312.6,  -5.3,  12.1,  354.5,  -0.135,  0.038,  -0.066,  456.2,  461.6,  471.3,  482.9,  501.6,  528.8,  560.4,  598.2,  642.8,  687.3,  725.8,  756.4,  776.3,  785.9,  789.5,  790.7,  789.2,  479.5,  496.3,  524.4,  554.7,  583.8,  648.4,  679.4,  710.3,  739.9,  759.3,  620.1,  620.9,  621.7,  622.7,  591.7,  608.5,  625.6,  643.5,  659.7,  519.1,  535.8,  557.5,  576.5,  557.6,  535.8,  663.5,  682.0,  703.7,  721.3,  705.5,  684.3,  570.0,  590.6,  612.1,  628.9,  647.5,  670.9,  694.1,  672.3,  650.2,  630.3,  612.8,  591.5,  579.7,  613.1,  629.7,  649.1,  683.0,  648.5,  629.4,  612.8,  323.6,  371.4,  419.1,  464.8,  505.9,  540.8,  567.9,  584.5,  585.8,  577.4,  555.2,  524.7,  487.4,  444.1,  398.2,  351.7,  306.0,  287.1,  261.5,  249.4,  250.1,  257.4,  254.3,  245.0,  242.8,  251.1,  273.2,  287.2,  312.2,  337.0,  363.0,  396.7,  400.3,  403.3,  397.9,  391.8,  305.0,  291.6,  289.8,  301.5,  307.1,  309.7,  298.1,  284.2,  284.6,  295.8,  301.4,  301.4,  467.2,  448.8,  440.6,  443.9,  438.8,  446.0,  459.7,  470.9,  475.3,  477.9,  477.6,  474.6,  465.3,  455.7,  456.0,  453.4,  459.3,  455.0,  458.0,  457.5,  -89.1,  -86.3,  -81.2,  -74.8,  -64.4,  -50.3,  -34.6,  -17.4,  1.1,  19.6,  37.1,  52.0,  62.1,  66.8,  68.5,  68.9,  68.8,  -70.6,  -62.0,  -49.0,  -35.5,  -23.1,  3.4,  16.4,  29.6,  42.8,  51.9,  -8.1,  -7.6,  -7.0,  -6.5,  -19.1,  -12.3,  -5.6,  1.4,  7.7,  -51.6,  -44.2,  -34.8,  -26.7,  -34.6,  -43.9,  9.9,  17.7,  26.9,  34.6,  27.5,  18.6,  -28.7,  -19.5,  -10.9,  -4.3,  2.9,  12.2,  22.1,  12.7,  3.9,  -3.7,  -10.5,  -19.1,  -24.5,  -10.5,  -4.0,  3.5,  17.4,  3.3,  -4.1,  -10.6,  -17.6,  5.5,  28.5,  49.9,  67.8,  81.8,  90.5,  93.3,  92.3,  90.2,  84.4,  73.7,  58.0,  38.5,  17.5,  -3.8,  -24.9,  -32.1,  -42.5,  -46.9,  -45.8,  -42.2,  -43.3,  -47.8,  -49.5,  -46.6,  -37.7,  -29.5,  -18.9,  -8.9,  1.1,  14.5,  15.7,  16.7,  14.7,  12.5,  -23.5,  -29.0,  -29.6,  -24.6,  -22.2,  -21.2,  -26.1,  -31.9,  -31.8,  -27.3,  -24.6,  -24.6,  43.9,  35.0,  31.4,  32.6,  30.6,  34.0,  40.7,  43.5,  44.4,  45.2,  45.4,  45.1,  42.8,  37.4,  37.3,  36.4,  40.1,  36.9,  37.9,  37.9,  424.3,  423.1,  421.1,  416.5,  406.8,  395.6,  380.9,  363.8,  357.5,  363.2,  378.6,  391.3,  398.8,  400.9,  401.0,  400.3,  403.6,  385.0,  377.7,  370.7,  364.4,  359.4,  358.5,  363.7,  369.1,  374.3,  380.2,  355.0,  345.9,  336.5,  327.5,  346.6,  342.0,  338.5,  340.3,  343.5,  373.7,  370.9,  369.5,  368.4,  367.5,  368.9,  368.4,  368.5,  369.3,  371.8,  367.7,  366.8,  358.7,  345.2,  340.8,  339.6,  340.0,  346.1,  357.0,  343.6,  336.7,  335.7,  337.5,  344.1,  355.5,  341.6,  340.2,  341.4,  353.6,  339.6,  338.5,  340.3,  2.398,  -0.065,  0.071,  -0.064,  627.263,  391.486,  5.793,  19.126,  -10.717,  8.535,  -15.509,  5.790,  0.483,  -1.174,  8.782,  -5.290,  -9.337,  2.370,  -1.256,  -2.392,  4.164,  1.169,  -0.082,  -0.441,  0.084,  -5.135,  -2.119,  -0.775,  -0.781,  -0.892,  1.316,  1.286,  -0.517,  -0.538,  0.149,  -0.956,  -0.276,  0.111,  -0.487,  0.239, 0.00, 0.00, 0.00, 0.00, 0.00, 0.00, 0.00, 0.00, 0.00, 0.01, 0.05, 1.14, 0.18, 1.13, 0.00, 0.13, 0.40, 0.00, 0.00, 0.00, 1.00, 0.00, 0.00, 0.00, 0.00, 0.00, 0.00, 1.00, 1.00, 0.00, 0.00, 0.00, 0.00, 0.00, 1.00
10,  0,  0.300,  0.98,  1,  0.005674,  -0.020520,  -0.999773,  -0.105426,  0.013209,  -0.994339,  -0.050,  -0.004,  531.8,  535.4,  545.4,  556.0,  561.0,  558.4,  547.4,  536.8,  521.2,  525.8,  533.9,  545.9,  558.5,  567.9,  574.9,  567.5,  557.1,  546.1,  536.2,  527.7,  542.2,  547.4,  552.4,  554.1,  551.6,  546.4,  541.4,  539.7,  674.1,  677.3,  688.0,  700.1,  706.4,  703.3,  692.5,  679.5,  664.6,  671.7,  681.6,  694.0,  705.2,  713.0,  718.2,  712.9,  705.7,  696.5,  685.0,  673.7,  684.7,  690.6,  695.8,  697.4,  694.3,  688.5,  683.2,  681.7,  297.1,  285.9,  280.6,  284.3,  294.8,  306.8,  311.3,  307.7,  305.3,  297.5,  292.0,  288.1,  288.9,  293.0,  299.8,  305.4,  308.7,  311.0,  311.2,  309.6,  302.0,  303.8,  301.1,  295.6,  290.4,  288.6,  291.3,  296.8,  291.4,  279.0,  273.3,  277.6,  289.5,  301.9,  307.6,  304.4,  297.1,  288.5,  283.4,  282.0,  285.0,  289.8,  297.0,  300.2,  301.7,  302.3,  301.4,  300.1,  297.3,  299.4,  296.7,  290.7,  284.9,  282.8,  285.5,  291.5,  -41.2,  -39.8,  -35.9,  -31.8,  -29.9,  -30.9,  -35.1,  -39.2,  -45.9,  -43.7,  -40.2,  -35.5,  -30.7,  -27.3,  -24.7,  -27.4,  -31.3,  -35.5,  -39.4,  -43.0,  -37.2,  -35.2,  -33.3,  -32.6,  -33.6,  -35.6,  -37.6,  -38.2,  12.2,  13.4,  17.3,  21.8,  24.0,  22.8,  18.8,  14.1,  8.8,  11.3,  14.8,  19.3,  23.5,  26.5,  28.6,  26.4,  23.6,  20.1,  16.0,  12.0,  16.0,  18.2,  20.1,  20.7,  19.6,  17.5,  15.6,  15.0,  -23.9,  -28.2,  -30.2,  -28.7,  -24.7,  -20.1,  -18.4,  -19.9,  -21.1,  -23.9,  -25.8,  -27.1,  -26.8,  -25.3,  -22.9,  -20.7,  -19.4,  -18.5,  -18.5,  -19.3,  -22.1,  -21.4,  -22.4,  -24.5,  -26.5,  -27.2,  -26.2,  -24.1,  -24.5,  -29.0,  -31.3,  -29.8,  -25.5,  -20.9,  -18.7,  -19.8,  -22.4,  -25.4,  -27.3,  -27.9,  -27.0,  -25.5,  -23.1,  -21.7,  -20.9,  -20.6,  -20.8,  -21.3,  -22.5,  -21.8,  -22.8,  -25.0,  -27.1,  -27.9,  -26.8,  -24.6,  333.3,  333.3,  332.5,  331.5,  330.8,  331.1,  331.6,  332.6,  337.9,  334.8,  332.1,  330.1,  330.0,  331.0,  332.4,  331.1,  330.1,  330.6,  332.3,  334.9,  333.1,  332.6,  332.3,  332.3,  332.6,  333.1,  333.5,  333.5,  312.2,  313.7,  315.5,  316.6,  316.3,  314.7,  312.9,  312.0,  311.7,  311.6,  311.8,  312.8,  315.0,  317.7,  320.2,  317.2,  314.1,  311.6,  310.6,  311.0,  313.8,  314.4,  315.2,  316.0,  316.2,  315.7,  314.8,  314.0,  -5.4,  12.1,  354.4,  -0.137,  0.041,  -0.066,  456.5,  461.9,  471.5,  483.0,  501.5,  528.5,  560.2,  598.2,  643.1,  688.0,  726.7,  757.3,  777.0,  786.3,  789.7,  790.8,  789.2,  479.5,  496.2,  524.3,  554.5,  583.5,  648.1,  679.1,  710.0,  739.6,  759.1,  619.8,  620.5,  621.2,  622.2,  591.5,  608.2,  625.3,  643.1,  659.3,  518.9,  535.5,  557.3,  576.3,  557.4,  535.6,  663.4,  681.9,  703.6,  721.2,  705.3,  684.1,  570.1,  590.5,  611.9,  628.6,  647.2,  670.7,  693.8,  672.1,  650.1,  630.2,  612.7,  591.6,  579.8,  612.9,  629.5,  648.8,  682.7,  648.3,  629.2,  612.7,  323.9,  371.5,  419.1,  464.6,  505.7,  540.7,  567.7,  584.2,  585.5,  577.0,  554.7,  524.3,  487.1,  443.9,  398.1,  351.7,  306.1,  286.8,  261.4,  249.3,  250.1,  257.4,  254.3,  244.9,  242.7,  250.9,  272.9,  287.3,  312.1,  336.8,  362.7,  396.6,  400.2,  403.1,  397.8,  391.7,  305.1,  291.6,  289.9,  301.5,  307.2,  309.8,  298.1,  284.1,  284.5,  295.8,  301.4,  301.4,  467.3,  448.7,  440.5,  443.8,  438.7,  445.8,  459.6,  470.8,  475.3,  477.8,  477.6,  474.7,  465.4,  455.7,  456.0,  453.3,  459.2,  454.9,  457.9,  457.5,  -89.0,  -86.2,  -81.1,  -74.8,  -64.4,  -50.4,  -34.7,  -17.4,  1.3,  19.9,  37.5,  52.4,  62.4,  67.0,  68.6,  68.9,  68.7,  -70.6,  -62.1,  -49.0,  -35.6,  -23.2,  3.3,  16.3,  29.5,  42.6,  51.7,  -8.2,  -7.7,  -7.2,  -6.7,  -19.2,  -12.4,  -5.7,  1.2,  7.6,  -51.7,  -44.3,  -35.0,  -26.8,  -34.7,  -44.1,  9.9,  17.6,  26.8,  34.5,  27.4,  18.5,  -28.6,  -19.5,  -11.0,  -4.4,  2.8,  12.1,  21.9,  12.6,  3.9,  -3.8,  -10.5,  -19.0,  -24.4,  -10.6,  -4.1,  3.4,  17.2,  3.2,  -4.2,  -10.6,  -17.5,  5.6,  28.4,  49.8,  67.8,  81.7,  90.4,  93.2,  92.0,  90.0,  84.2,  73.4,  57.9,  38.4,  17.5,  -3.8,  -24.8,  -32.2,  -42.6,  -46.9,  -45.8,  -42.2,  -43.3,  -47.8,  -49.5,  -46.7,  -37.9,  -29.5,  -18.9,  -8.9,  1.0,  14.5,  15.7,  16.7,  14.7,  12.5,  -23.4,  -29.0,  -29.6,  -24.6,  -22.2,  -21.2,  -26.1,  -32.0,  -31.9,  -27.3,  -24.6,  -24.6,  44.0,  35.0,  31.3,  32.5,  30.6,  33.9,  40.6,  43.5,  44.3,  45.2,  45.3,  45.1,  42.8,  37.4,  37.3,  36.4,  40.1,  36.8,  37.9,  37.9,  424.5,  423.4,  421.3,  416.8,  407.1,  395.7,  380.9,  363.6,  357.2,  362.8,  378.3,  391.0,  398.5,  400.6,  400.6,  399.8,  403.1,  385.1,  377.8,  370.9,  364.5,  359.5,  358.6,  363.7,  369.1,  374.2,  380.1,  355.1,  346.0,  336.6,  327.6,  346.6,  342.1,  338.6,  340.3,  343.4,  373.8,  371.0,  369.6,  368.5,  367.6,  369.1,  368.4,  368.5,  369.3,  371.8,  367.7,  366.8,  358.4,  344.9,  340.6,  339.4,  339.8,  345.8,  356.6,  343.3,  336.6,  335.6,  337.4,  343.8,  355.2,  341.4,  340.0,  341.1,  353.2,  339.4,  338.3,  340.2,  2.398,  -0.067,  0.074,  -0.065,  627.179,  391.408,  5.953,  19.361,  -11.399,  8.431,  -15.984,  5.218,  0.420,  -0.694,  8.998,  -4.977,  -9.171,  2.195,  -1.399,  -2.412,  4.231,  1.290,  -0.159,  -0.358,  0.073,  -5.080,  -2.103,  -0.599,  -0.935,  -0.861,  1.285,  1.355,  -0.581,  -0.683,  0.157,  -0.981,  -0.319,  0.145,  -0.481,  0.249, 0.00, 0.00, 0.00, 0.00, 0.00, 0.00, 0.00, 0.00, 0.00, 0.00, 0.03, 1.16, 0.20, 1.11, 0.00, 0.16, 0.37, 0.00, 0.00, 0.00, 1.00, 0.00, 0.00, 0.00, 0.00, 0.00, 0.00, 1.00, 1.00, 0.00, 0.00, 0.00, 0.00, 0.00, 1.00
11,  0,  0.334,  0.98,  1,  -0.007565,  -0.040882,  -0.999135,  -0.104829,  0.010205,  -0.994438,  -0.056,  -0.015,  531.7,  535.1,  544.9,  555.3,  560.3,  557.8,  547.1,  536.7,  521.1,  525.6,  533.9,  546.0,  558.7,  567.9,  574.4,  567.5,  557.1,  546.2,  536.2,  527.5,  542.2,  546.9,  551.3,  552.9,  550.6,  545.9,  541.5,  540.0,  674.0,  677.0,  687.7,  699.9,  706.3,  703.3,  692.6,  679.5,  664.0,  671.5,  681.6,  694.1,  705.2,  713.0,  718.0,  712.9,  705.8,  696.5,  685.0,  673.4,  684.7,  690.5,  695.7,  697.1,  694.0,  688.2,  683.1,  681.6,  296.6,  285.7,  280.5,  284.1,  294.3,  305.9,  310.3,  306.8,  305.3,  297.5,  292.0,  288.1,  289.0,  293.2,  299.8,  305.3,  308.5,  310.8,  311.1,  309.6,  300.8,  302.3,  300.0,  295.1,  290.5,  288.9,  291.2,  296.2,  291.4,  278.8,  273.0,  277.3,  289.3,  302.0,  307.8,  304.5,  297.3,  288.6,  283.3,  281.8,  284.8,  289.7,  296.9,  300.2,  301.8,  302.3,  301.5,  300.3,  297.3,  299.4,  296.6,  290.6,  284.8,  282.7,  285.5,  291.5,  -42.0,  -40.7,  -36.8,  -32.7,  -30.7,  -31.7,  -35.9,  -40.0,  -46.8,  -44.6,  -41.0,  -36.1,  -31.3,  -27.9,  -25.4,  -28.0,  -31.9,  -36.2,  -40.2,  -43.9,  -37.9,  -36.1,  -34.3,  -33.7,  -34.6,  -36.5,  -38.2,  -38.8,  11.9,  13.0,  16.9,  21.3,  23.6,  22.4,  18.5,  13.8,  8.4,  11.0,  14.6,  19.0,  23.1,  26.1,  28.1,  26.0,  23.2,  19.8,  15.7,  11.6,  15.8,  17.8,  19.7,  20.3,  19.2,  17.1,  15.2,  14.7,  -24.6,  -28.8,  -30.8,  -29.3,  -25.3,  -20.9,  -19.2,  -20.6,  -21.5,  -24.4,  -26.3,  -27.6,  -27.3,  -25.8,  -23.4,  -21.1,  -19.8,  -19.0,  -18.9,  -19.7,  -23.0,  -22.3,  -23.2,  -25.1,  -26.9,  -27.6,  -26.7,  -24.8,  -24.0,  -28.6,  -30.8,  -29.4,  -25.1,  -20.5,  -18.4,  -19.4,  -21.9,  -24.9,  -26.8,  -27.5,  -26.6,  -25.1,  -22.7,  -21.3,  -20.5,  -20.2,  -20.4,  -20.8,  -22.1,  -21.4,  -22.4,  -24.6,  -26.7,  -27.4,  -26.3,  -24.2,  339.5,  339.4,  338.8,  338.0,  337.4,  337.6,  338.1,  338.9,  344.2,  341.1,  338.3,  336.4,  336.6,  337.9,  339.5,  338.1,  337.0,  337.3,  338.9,  341.4,  339.4,  339.0,  338.8,  338.8,  339.0,  339.4,  339.7,  339.7,  306.6,  308.2,  310.1,  311.3,  311.0,  309.5,  307.5,  306.4,  306.1,  305.9,  306.3,  307.4,  309.7,  312.6,  315.3,  312.0,  308.8,  306.2,  305.1,  305.4,  308.4,  308.9,  309.9,  310.7,  310.8,  310.2,  309.3,  308.5,  -5.4,  12.0,  354.1,  -0.138,  0.043,  -0.068,  456.7,  462.1,  471.8,  483.3,  501.8,  528.8,  560.4,  598.4,  643.4,  688.5,  727.3,  757.9,  777.5,  786.6,  790.0,  791.0,  789.4,  479.4,  495.9,  524.1,  554.5,  583.8,  647.4,  678.6,  709.8,  739.8,  759.3,  619.6,  620.3,  621.0,  621.9,  591.2,  608.0,  625.1,  643.0,  659.3,  518.9,  535.4,  557.2,  576.2,  557.3,  535.5,  663.3,  681.8,  703.5,  721.1,  705.2,  684.0,  569.9,  590.3,  611.6,  628.4,  647.0,  670.5,  693.8,  672.0,  649.9,  629.9,  612.5,  591.3,  579.6,  612.6,  629.2,  648.7,  682.7,  648.2,  629.0,  612.4,  324.7,  372.1,  419.5,  464.9,  505.8,  540.9,  568.1,  584.7,  585.8,  577.1,  554.4,  523.7,  486.3,  443.2,  397.7,  351.6,  306.3,  287.5,  261.6,  249.2,  249.9,  257.4,  254.4,  244.8,  242.5,  251.0,  273.4,  287.2,  312.0,  336.6,  362.6,  396.6,  400.1,  403.0,  397.6,  391.6,  305.2,  291.7,  289.9,  301.6,  307.2,  309.8,  298.1,  284.1,  284.5,  295.8,  301.3,  301.4,  467.2,  448.5,  440.2,  443.6,  438.4,  445.6,  459.5,  470.6,  475.0,  477.6,  477.3,  474.5,  465.2,  455.5,  455.7,  453.0,  459.1,  454.7,  457.8,  457.3,  -89.0,  -86.1,  -81.0,  -74.6,  -64.3,  -50.3,  -34.6,  -17.3,  1.4,  20.1,  37.7,  52.6,  62.5,  67.0,  68.6,  69.0,  68.8,  -70.7,  -62.2,  -49.1,  -35.6,  -23.1,  3.0,  16.0,  29.4,  42.7,  51.8,  -8.3,  -7.8,  -7.3,  -6.8,  -19.3,  -12.5,  -5.8,  1.2,  7.5,  -51.7,  -44.3,  -35.0,  -26.9,  -34.7,  -44.1,  9.8,  17.6,  26.8,  34.5,  27.4,  18.4,  -28.7,  -19.6,  -11.1,  -4.5,  2.7,  12.1,  21.9,  12.5,  3.8,  -3.9,  -10.6,  -19.1,  -24.5,  -10.7,  -4.2,  3.4,  17.2,  3.2,  -4.3,  -10.7,  -17.1,  5.9,  28.6,  49.9,  67.8,  81.8,  90.6,  93.3,  92.1,  89.9,  83.9,  73.0,  57.4,  38.0,  17.2,  -3.8,  -24.7,  -31.9,  -42.5,  -46.9,  -45.8,  -42.1,  -43.2,  -47.8,  -49.5,  -46.6,  -37.6,  -29.5,  -19.0,  -9.0,  1.0,  14.5,  15.7,  16.6,  14.6,  12.4,  -23.4,  -29.0,  -29.6,  -24.6,  -22.2,  -21.2,  -26.0,  -32.0,  -31.9,  -27.3,  -24.6,  -24.6,  43.9,  34.9,  31.2,  32.4,  30.4,  33.8,  40.5,  43.3,  44.2,  45.0,  45.2,  44.9,  42.7,  37.2,  37.1,  36.2,  39.9,  36.7,  37.8,  37.8,  424.7,  423.5,  421.3,  416.7,  406.9,  395.6,  380.8,  363.4,  356.9,  362.5,  377.8,  390.5,  398.0,  400.2,  400.3,  399.7,  403.1,  385.1,  377.8,  370.7,  364.3,  359.2,  358.2,  363.3,  368.8,  374.0,  380.0,  354.8,  345.6,  336.2,  327.1,  346.3,  341.7,  338.2,  340.0,  343.1,  373.7,  370.9,  369.5,  368.3,  367.5,  369.0,  368.2,  368.3,  369.1,  371.6,  367.4,  366.6,  358.1,  344.6,  340.2,  338.9,  339.4,  345.3,  356.3,  342.9,  336.2,  335.2,  337.0,  343.5,  354.9,  341.0,  339.6,  340.7,  352.8,  339.1,  337.9,  339.8,  2.400,  -0.068,  0.077,  -0.066,  627.145,  391.360,  6.916,  19.665,  -10.961,  8.636,  -15.921,  4.959,  0.354,  -1.179,  8.961,  -4.639,  -9.129,  2.083,  -1.655,  -2.171,  4.391,  1.089,  -0.211,  -0.230,  0.298,  -4.952,  -2.304,  -0.595,  -0.838,  -0.999,  1.321,  1.391,  -0.554,  -0.623,  0.081,  -0.920,  -0.324,  0.132,  -0.538,  0.231, 0.00, 0.00, 0.00, 0.00, 0.00, 0.00, 0.00, 0.00, 0.00, 0.00, 0.04, 1.26, 0.17, 1.10, 0.00, 0.16, 0.36, 0.00, 0.00, 0.00, 1.00, 0.00, 0.00, 0.00, 0.00, 0.00, 0.00, 1.00, 1.00, 0.00, 0.00, 0.00, 0.00, 0.00, 1.00
12,  0,  0.367,  0.98,  1,  -0.012318,  -0.044062,  -0.998953,  -0.097585,  0.004735,  -0.995216,  -0.055,  -0.020,  531.7,  535.3,  545.2,  555.6,  560.4,  557.7,  546.9,  536.5,  521.3,  526.0,  534.3,  546.1,  558.6,  568.1,  575.0,  567.9,  557.2,  546.1,  536.0,  527.4,  542.3,  547.0,  551.4,  553.0,  550.8,  546.2,  541.7,  540.1,  674.2,  677.3,  688.0,  700.1,  706.5,  703.4,  692.7,  679.6,  664.1,  671.6,  681.7,  694.1,  705.2,  713.0,  718.0,  712.8,  705.6,  696.2,  684.8,  673.3,  684.7,  690.7,  696.0,  697.5,  694.4,  688.4,  683.1,  681.5,  296.3,  285.5,  280.1,  283.3,  293.3,  305.0,  309.5,  306.3,  305.6,  297.4,  291.5,  287.5,  288.5,  292.9,  299.2,  304.4,  307.1,  309.3,  310.1,  309.2,  300.5,  301.9,  299.5,  294.6,  290.1,  288.7,  291.1,  296.0,  290.8,  278.2,  272.4,  276.8,  288.8,  301.4,  307.2,  303.9,  297.3,  288.5,  283.0,  281.4,  284.3,  289.3,  296.4,  299.8,  301.4,  302.1,  301.3,  300.2,  296.8,  299.0,  296.2,  290.0,  284.0,  281.8,  284.7,  290.9,  -41.8,  -40.5,  -36.6,  -32.5,  -30.5,  -31.5,  -35.6,  -39.8,  -46.4,  -44.2,  -40.7,  -35.9,  -31.1,  -27.6,  -25.0,  -27.6,  -31.6,  -35.9,  -39.9,  -43.6,  -37.6,  -35.8,  -34.0,  -33.5,  -34.4,  -36.2,  -38.0,  -38.5,  12.0,  13.1,  17.0,  21.4,  23.6,  22.4,  18.5,  13.9,  8.4,  11.0,  14.6,  19.0,  23.1,  26.0,  28.1,  25.9,  23.1,  19.6,  15.6,  11.6,  15.7,  17.9,  19.8,  20.4,  19.3,  17.1,  15.2,  14.6,  -24.6,  -28.8,  -30.8,  -29.5,  -25.6,  -21.1,  -19.3,  -20.6,  -21.3,  -24.3,  -26.4,  -27.8,  -27.3,  -25.7,  -23.4,  -21.3,  -20.2,  -19.4,  -19.2,  -19.7,  -22.9,  -22.3,  -23.3,  -25.2,  -26.9,  -27.5,  -26.6,  -24.7,  -24.2,  -28.8,  -31.0,  -29.6,  -25.3,  -20.7,  -18.5,  -19.6,  -21.9,  -25.0,  -26.9,  -27.6,  -26.8,  -25.2,  -22.9,  -21.5,  -20.6,  -20.3,  -20.5,  -20.9,  -22.2,  -21.5,  -22.6,  -24.8,  -27.0,  -27.7,  -26.6,  -24.3,  337.6,  338.1,  337.6,  336.4,  335.1,  334.7,  335.1,  336.3,  342.2,  339.3,  336.7,  334.8,  334.7,  335.6,  336.7,  335.2,  334.0,  334.4,  336.1,  338.8,  337.1,  336.5,  336.3,  336.5,  337.1,  337.7,  337.9,  337.6,  306.3,  307.8,  309.7,  310.9,  310.7,  309.2,  307.3,  306.1,  305.8,  305.6,  305.9,  307.0,  309.4,  312.3,  315.0,  311.7,  308.4,  305.9,  304.9,  305.1,  308.0,  308.6,  309.6,  310.4,  310.5,  309.9,  308.9,  308.2,  -5.3,  11.9,  353.7,  -0.136,  0.043,  -0.068,  456.9,  462.3,  472.0,  483.6,  502.1,  529.1,  560.7,  598.5,  643.4,  688.5,  727.3,  757.9,  777.5,  786.7,  790.2,  791.2,  789.5,  479.8,  496.2,  524.4,  554.8,  584.1,  647.3,  678.5,  709.7,  739.7,  759.2,  619.8,  620.4,  621.1,  622.0,  591.3,  608.0,  625.2,  643.1,  659.4,  519.0,  535.7,  557.3,  576.4,  557.5,  535.7,  663.2,  681.8,  703.4,  721.1,  705.2,  684.0,  570.1,  590.3,  611.6,  628.4,  646.9,  670.4,  693.7,  671.8,  649.8,  629.9,  612.5,  591.3,  579.7,  612.7,  629.2,  648.6,  682.6,  648.1,  629.0,  612.5,  324.6,  372.2,  419.7,  465.2,  506.2,  541.0,  567.9,  584.1,  585.2,  576.4,  553.8,  523.1,  485.7,  442.6,  397.2,  351.3,  306.1,  287.2,  261.3,  248.9,  249.6,  257.0,  254.0,  244.4,  242.1,  250.6,  273.1,  286.7,  311.5,  336.1,  361.9,  396.0,  399.5,  402.4,  397.1,  391.0,  304.7,  291.2,  289.4,  301.0,  306.5,  309.2,  297.7,  283.7,  284.1,  295.4,  300.9,  300.9,  466.6,  448.0,  439.7,  443.1,  438.0,  445.3,  459.2,  470.2,  474.6,  477.2,  476.9,  474.0,  464.7,  454.9,  455.2,  452.6,  458.7,  454.3,  457.3,  456.8,  -88.8,  -86.0,  -80.8,  -74.4,  -64.1,  -50.1,  -34.5,  -17.2,  1.4,  20.1,  37.7,  52.6,  62.5,  67.1,  68.8,  69.1,  68.9,  -70.5,  -62.0,  -48.9,  -35.4,  -22.9,  3.0,  15.9,  29.3,  42.6,  51.8,  -8.2,  -7.7,  -7.3,  -6.7,  -19.3,  -12.5,  -5.7,  1.2,  7.6,  -51.6,  -44.2,  -34.9,  -26.7,  -34.6,  -43.9,  9.7,  17.6,  26.7,  34.4,  27.3,  18.4,  -28.6,  -19.5,  -11.0,  -4.5,  2.7,  12.0,  21.8,  12.5,  3.8,  -3.9,  -10.6,  -19.1,  -24.4,  -10.6,  -4.2,  3.3,  17.2,  3.2,  -4.2,  -10.7,  -17.2,  5.9,  28.7,  50.0,  68.0,  81.8,  90.5,  93.1,  91.8,  89.6,  83.7,  72.8,  57.2,  37.8,  17.0,  -4.0,  -24.8,  -32.0,  -42.6,  -47.0,  -45.9,  -42.2,  -43.3,  -47.9,  -49.7,  -46.7,  -37.7,  -29.7,  -19.1,  -9.2,  0.7,  14.2,  15.4,  16.4,  14.4,  12.1,  -23.6,  -29.1,  -29.8,  -24.8,  -22.4,  -21.4,  -26.2,  -32.1,  -32.0,  -27.4,  -24.8,  -24.7,  43.6,  34.6,  30.9,  32.1,  30.2,  33.6,  40.3,  43.1,  44.0,  44.8,  45.0,  44.7,  42.4,  36.9,  36.9,  36.0,  39.8,  36.5,  37.5,  37.6,  424.5,  423.3,  421.1,  416.4,  406.8,  395.6,  380.8,  363.4,  356.9,  362.4,  377.8,  390.5,  398.1,  400.4,  400.5,  399.9,  403.4,  385.0,  377.6,  370.4,  363.9,  358.7,  357.7,  362.9,  368.4,  373.9,  379.9,  354.3,  345.1,  335.6,  326.4,  345.8,  341.2,  337.5,  339.4,  342.5,  373.5,  370.6,  369.1,  367.9,  367.1,  368.6,  367.7,  367.9,  368.6,  371.1,  367.0,  366.1,  357.8,  344.2,  339.7,  338.4,  338.8,  344.8,  355.8,  342.5,  335.9,  334.9,  336.7,  343.2,  354.5,  340.5,  339.0,  340.2,  352.4,  338.7,  337.6,  339.5,  2.402,  -0.067,  0.076,  -0.067,  627.217,  390.948,  8.359,  19.645,  -10.482,  9.364,  -15.743,  4.892,  0.848,  -1.623,  8.487,  -4.484,  -8.551,  2.148,  -1.231,  -2.274,  4.395,  1.076,  -0.110,  -0.314,  0.050,  -5.053,  -2.188,  -0.638,  -0.760,  -0.966,  1.420,  1.309,  -0.830,  -0.437,  0.007,  -1.045,  -0.226,  0.193,  -0.536,  0.262, 0.00, 0.00, 0.00, 0.00, 0.00, 0.00, 0.00, 0.00, 0.00, 0.00, 0.12, 1.36, 0.10, 1.07, 0.00, 0.11, 0.25, 0.00, 0.00, 0.00, 1.00, 0.00, 0.00, 0.00, 0.00, 0.00, 0.00, 1.00, 1.00, 0.00, 0.00, 0.00, 0.00, 0.00, 1.00
13,  0,  0.400,  0.98,  1,  -0.018518,  -0.044225,  -0.998850,  -0.097311,  0.015119,  -0.995139,  -0.058,  -0.015,  531.6,  535.1,  545.1,  555.6,  560.5,  557.8,  547.0,  536.5,  521.3,  526.1,  534.6,  546.4,  558.7,  568.1,  574.6,  567.9,  557.6,  546.4,  536.3,  527.4,  542.3,  546.8,  551.1,  552.6,  550.5,  546.0,  541.7,  540.2,  674.5,  677.6,  688.4,  700.4,  706.7,  703.6,  692.9,  679.9,  664.4,  671.9,  681.9,  694.3,  705.4,  713.2,  718.4,  712.9,  705.7,  696.3,  685.0,  673.6,  684.9,  690.9,  696.3,  697.9,  694.7,  688.7,  683.4,  681.8,  295.7,  285.1,  279.8,  282.8,  292.4,  303.8,  308.3,  305.3,  305.8,  297.3,  291.0,  286.8,  287.8,  292.4,  298.9,  303.2,  305.3,  307.3,  308.6,  308.5,  299.5,  300.8,  298.5,  294.0,  289.9,  288.6,  290.9,  295.4,  290.6,  278.1,  272.4,  276.8,  288.7,  301.2,  306.9,  303.6,  296.8,  288.1,  282.7,  281.2,  284.2,  289.1,  296.3,  299.5,  301.2,  301.8,  301.0,  299.8,  296.7,  298.9,  296.1,  289.9,  283.9,  281.7,  284.5,  290.7,  -42.7,  -41.4,  -37.4,  -33.2,  -31.1,  -32.1,  -36.3,  -40.5,  -47.2,  -45.0,  -41.4,  -36.6,  -31.8,  -28.2,  -25.7,  -28.2,  -32.1,  -36.5,  -40.6,  -44.4,  -38.4,  -36.6,  -34.9,  -34.3,  -35.2,  -37.0,  -38.7,  -39.3,  12.2,  13.4,  17.3,  21.6,  23.9,  22.6,  18.7,  14.1,  8.6,  11.2,  14.8,  19.2,  23.3,  26.3,  28.4,  26.2,  23.3,  19.8,  15.8,  11.8,  15.9,  18.1,  20.1,  20.7,  19.6,  17.4,  15.4,  14.8,  -25.3,  -29.5,  -31.6,  -30.3,  -26.4,  -21.9,  -20.2,  -21.4,  -21.6,  -24.8,  -27.1,  -28.6,  -28.2,  -26.5,  -24.0,  -22.2,  -21.3,  -20.5,  -20.1,  -20.3,  -23.8,  -23.2,  -24.1,  -25.9,  -27.6,  -28.1,  -27.2,  -25.4,  -24.5,  -29.1,  -31.3,  -29.8,  -25.5,  -20.9,  -18.8,  -19.9,  -22.3,  -25.3,  -27.2,  -27.9,  -27.0,  -25.5,  -23.1,  -21.7,  -20.9,  -20.5,  -20.7,  -21.2,  -22.5,  -21.7,  -22.8,  -25.1,  -27.2,  -28.0,  -26.9,  -24.6,  344.2,  345.2,  345.0,  343.9,  342.3,  341.5,  341.5,  342.7,  348.1,  345.8,  343.6,  342.2,  342.3,  343.3,  344.3,  342.5,  341.0,  341.1,  342.6,  345.1,  343.8,  343.3,  343.2,  343.6,  344.3,  344.8,  344.8,  344.4,  308.8,  310.3,  312.2,  313.4,  313.1,  311.6,  309.7,  308.6,  308.3,  308.1,  308.4,  309.4,  311.7,  314.5,  317.2,  313.9,  310.7,  308.2,  307.3,  307.6,  310.5,  311.1,  312.0,  312.8,  312.9,  312.4,  311.4,  310.7,  -5.3,  11.7,  353.7,  -0.135,  0.045,  -0.067,  457.2,  462.6,  472.3,  483.9,  502.3,  529.2,  560.6,  598.2,  643.2,  688.5,  727.5,  758.2,  777.8,  786.9,  790.4,  791.4,  789.8,  480.1,  496.6,  524.6,  554.8,  583.9,  647.9,  679.0,  710.0,  739.8,  759.2,  619.9,  620.6,  621.2,  622.2,  591.4,  608.1,  625.3,  643.2,  659.5,  519.2,  535.9,  557.4,  576.4,  557.6,  535.9,  663.5,  682.1,  703.7,  721.3,  705.3,  684.2,  570.2,  590.3,  611.7,  628.5,  647.1,  670.6,  693.9,  672.0,  649.9,  630.0,  612.5,  591.4,  579.8,  612.7,  629.3,  648.7,  682.8,  648.3,  629.1,  612.6,  324.6,  372.1,  419.6,  464.8,  505.7,  540.5,  567.4,  583.7,  584.9,  576.3,  553.6,  522.9,  485.4,  442.1,  396.6,  350.8,  305.9,  286.1,  260.5,  248.2,  249.0,  256.5,  253.6,  244.1,  241.8,  250.2,  272.3,  286.2,  311.1,  335.8,  361.8,  395.6,  399.2,  402.2,  396.7,  390.6,  304.0,  290.7,  288.8,  300.2,  305.7,  308.4,  297.2,  283.5,  283.9,  295.1,  300.4,  300.4,  466.1,  447.5,  439.3,  442.7,  437.7,  444.9,  458.9,  469.8,  474.3,  476.7,  476.4,  473.4,  464.1,  454.5,  454.8,  452.3,  458.4,  453.9,  456.9,  456.4,  -88.7,  -85.8,  -80.7,  -74.3,  -64.0,  -50.1,  -34.6,  -17.4,  1.3,  20.1,  37.8,  52.8,  62.7,  67.2,  68.8,  69.1,  69.0,  -70.3,  -61.9,  -48.9,  -35.4,  -23.0,  3.2,  16.1,  29.5,  42.6,  51.7,  -8.1,  -7.7,  -7.2,  -6.7,  -19.2,  -12.4,  -5.7,  1.3,  7.6,  -51.5,  -44.1,  -34.8,  -26.7,  -34.6,  -43.8,  9.9,  17.7,  26.8,  34.5,  27.4,  18.5,  -28.6,  -19.5,  -11.0,  -4.5,  2.7,  12.1,  21.9,  12.5,  3.8,  -3.8,  -10.6,  -19.1,  -24.4,  -10.6,  -4.1,  3.4,  17.2,  3.2,  -4.2,  -10.6,  -17.2,  5.9,  28.7,  49.9,  67.8,  81.6,  90.2,  92.9,  91.7,  89.6,  83.6,  72.7,  57.0,  37.5,  16.8,  -4.2,  -24.9,  -32.5,  -42.9,  -47.3,  -46.2,  -42.4,  -43.5,  -48.0,  -49.8,  -46.9,  -38.1,  -29.9,  -19.3,  -9.3,  0.7,  14.0,  15.3,  16.3,  14.2,  12.0,  -23.9,  -29.4,  -30.0,  -25.1,  -22.8,  -21.7,  -26.4,  -32.1,  -32.0,  -27.5,  -25.0,  -24.9,  43.4,  34.4,  30.8,  32.0,  30.1,  33.5,  40.2,  43.0,  43.9,  44.7,  44.8,  44.5,  42.2,  36.8,  36.8,  35.9,  39.6,  36.4,  37.4,  37.4,  424.6,  423.3,  421.2,  416.6,  406.9,  395.5,  380.6,  363.3,  356.9,  362.4,  378.0,  390.7,  398.2,  400.3,  400.2,  399.5,  402.9,  384.9,  377.5,  370.4,  363.9,  358.6,  357.6,  362.7,  368.2,  373.6,  379.6,  354.2,  345.0,  335.5,  326.4,  345.8,  341.2,  337.5,  339.3,  342.4,  373.4,  370.6,  369.1,  367.9,  367.0,  368.6,  367.6,  367.7,  368.4,  370.9,  366.8,  366.0,  357.9,  344.2,  339.7,  338.5,  338.9,  344.9,  355.9,  342.6,  336.0,  335.1,  336.9,  343.4,  354.6,  340.6,  339.1,  340.3,  352.5,  338.9,  337.8,  339.7,  2.402,  -0.066,  0.078,  -0.066,  627.371,  390.525,  7.907,  19.869,  -10.453,  9.002,  -15.715,  5.265,  0.849,  -1.413,  8.452,  -4.488,  -8.277,  1.795,  -1.069,  -2.638,  4.603,  0.658,  -0.044,  -0.492,  -0.099,  -5.268,  -2.086,  -0.592,  -0.611,  -1.121,  1.388,  1.200,  -1.055,  -0.309,  -0.083,  -1.203,  -0.009,  0.203,  -0.515,  0.320, 0.00, 0.00, 0.00, 0.00, 0.00, 0.00, 0.00, 0.02, 0.00, 0.00, 0.12, 1.50, 0.03, 1.06, 0.00, 0.07, 0.25, 0.00, 0.00, 0.00, 1.00, 0.00, 0.00, 0.00, 0.00, 0.00, 0.00, 1.00, 1.00, 0.00, 0.00, 0.00, 0.00, 0.00, 1.00
14,  0,  0.434,  0.98,  1,  -0.018593,  -0.046957,  -0.998724,  -0.094739,  0.013898,  -0.995405,  -0.057,  -0.017,  532.1,  535.6,  545.4,  555.8,  560.6,  558.0,  547.3,  536.9,  522.0,  526.4,  534.7,  546.5,  559.0,  568.4,  575.0,  568.3,  557.8,  546.6,  536.5,  527.9,  542.8,  547.2,  551.3,  552.8,  550.8,  546.4,  542.3,  540.8,  674.8,  678.0,  688.7,  700.7,  707.0,  703.8,  693.1,  680.1,  664.7,  671.9,  681.8,  694.4,  705.6,  713.5,  718.5,  713.2,  706.0,  696.7,  685.2,  673.8,  685.2,  691.2,  696.5,  698.1,  695.0,  689.1,  683.7,  682.1,  295.2,  284.5,  279.3,  282.4,  292.3,  303.7,  308.2,  305.0,  305.0,  296.7,  290.7,  286.6,  287.6,  292.1,  298.5,  303.2,  305.6,  307.7,  308.7,  308.3,  298.9,  300.3,  298.1,  293.6,  289.5,  288.1,  290.3,  294.8,  290.4,  277.9,  272.2,  276.6,  288.5,  301.0,  306.7,  303.4,  296.7,  288.0,  282.6,  281.0,  283.9,  288.9,  296.2,  299.4,  300.9,  301.5,  300.7,  299.5,  296.4,  298.6,  295.8,  289.7,  283.7,  281.5,  284.3,  290.5,  -42.4,  -41.1,  -37.2,  -33.0,  -31.0,  -31.9,  -36.2,  -40.3,  -47.0,  -44.9,  -41.3,  -36.5,  -31.6,  -28.0,  -25.5,  -28.0,  -32.0,  -36.4,  -40.5,  -44.2,  -38.1,  -36.4,  -34.7,  -34.2,  -35.0,  -36.8,  -38.4,  -39.0,  12.3,  13.5,  17.4,  21.8,  24.0,  22.8,  18.8,  14.2,  8.7,  11.3,  14.8,  19.3,  23.4,  26.5,  28.5,  26.3,  23.5,  20.0,  15.9,  11.9,  16.1,  18.2,  20.2,  20.8,  19.7,  17.5,  15.6,  15.0,  -25.4,  -29.7,  -31.7,  -30.4,  -26.4,  -21.9,  -20.2,  -21.5,  -21.9,  -25.0,  -27.2,  -28.6,  -28.2,  -26.6,  -24.1,  -22.2,  -21.2,  -20.4,  -20.1,  -20.4,  -24.0,  -23.4,  -24.3,  -26.0,  -27.7,  -28.2,  -27.4,  -25.6,  -24.6,  -29.2,  -31.4,  -29.9,  -25.6,  -21.0,  -18.9,  -20.0,  -22.4,  -25.4,  -27.3,  -28.0,  -27.1,  -25.6,  -23.2,  -21.8,  -21.0,  -20.7,  -20.9,  -21.3,  -22.6,  -21.9,  -22.9,  -25.2,  -27.3,  -28.1,  -27.0,  -24.7,  343.7,  344.2,  343.8,  342.7,  341.5,  341.1,  341.3,  342.5,  348.2,  345.6,  343.0,  341.3,  341.4,  342.4,  343.6,  342.0,  340.8,  341.0,  342.7,  345.3,  343.3,  342.8,  342.6,  342.9,  343.4,  343.9,  344.0,  343.8,  309.3,  310.7,  312.6,  313.8,  313.5,  312.0,  310.2,  309.1,  308.9,  308.7,  308.9,  309.9,  312.2,  315.1,  317.7,  314.5,  311.4,  308.9,  307.9,  308.2,  311.0,  311.6,  312.5,  313.2,  313.4,  312.8,  311.9,  311.1,  -5.2,  11.6,  354.2,  -0.134,  0.045,  -0.067,  457.3,  462.6,  472.3,  483.8,  502.2,  529.1,  560.6,  598.3,  643.5,  688.7,  727.6,  758.2,  777.7,  786.9,  790.5,  791.6,  790.1,  480.4,  496.8,  524.8,  555.1,  584.2,  648.2,  679.4,  710.5,  740.2,  759.6,  620.2,  620.8,  621.5,  622.4,  591.6,  608.3,  625.4,  643.4,  659.6,  519.6,  536.2,  557.8,  576.7,  557.9,  536.2,  663.8,  682.3,  703.9,  721.4,  705.5,  684.4,  570.2,  590.4,  611.8,  628.5,  647.1,  670.7,  693.9,  672.0,  649.9,  630.0,  612.6,  591.4,  579.8,  612.8,  629.4,  648.7,  682.8,  648.3,  629.1,  612.6,  324.6,  371.9,  419.1,  464.1,  504.9,  539.8,  566.9,  583.5,  584.7,  575.8,  552.9,  521.9,  484.4,  441.2,  396.0,  350.6,  305.9,  285.9,  260.3,  247.9,  248.6,  256.1,  253.2,  243.8,  241.5,  250.0,  272.2,  286.0,  310.9,  335.6,  361.5,  395.3,  398.9,  401.9,  396.5,  390.3,  303.7,  290.4,  288.6,  300.1,  305.6,  308.2,  297.0,  283.3,  283.7,  295.0,  300.3,  300.3,  465.7,  447.2,  439.0,  442.4,  437.4,  444.5,  458.5,  469.5,  473.9,  476.4,  476.1,  473.1,  463.8,  454.2,  454.5,  452.0,  458.0,  453.6,  456.6,  456.1,  -88.8,  -85.9,  -80.8,  -74.4,  -64.1,  -50.2,  -34.6,  -17.3,  1.4,  20.2,  37.9,  52.8,  62.7,  67.2,  68.8,  69.3,  69.2,  -70.3,  -61.8,  -48.8,  -35.4,  -22.9,  3.4,  16.3,  29.7,  42.9,  51.9,  -8.0,  -7.6,  -7.1,  -6.6,  -19.2,  -12.4,  -5.6,  1.3,  7.7,  -51.4,  -44.0,  -34.7,  -26.6,  -34.5,  -43.8,  10.0,  17.8,  26.9,  34.6,  27.5,  18.6,  -28.6,  -19.5,  -11.0,  -4.5,  2.7,  12.1,  22.0,  12.6,  3.8,  -3.8,  -10.6,  -19.1,  -24.4,  -10.6,  -4.1,  3.4,  17.3,  3.2,  -4.2,  -10.6,  -17.2,  5.8,  28.5,  49.6,  67.4,  81.3,  90.1,  92.9,  91.8,  89.5,  83.4,  72.3,  56.6,  37.2,  16.5,  -4.3,  -24.9,  -32.6,  -43.1,  -47.5,  -46.4,  -42.7,  -43.7,  -48.2,  -49.9,  -47.0,  -38.1,  -30.0,  -19.4,  -9.4,  0.6,  14.0,  15.2,  16.2,  14.2,  11.9,  -24.0,  -29.5,  -30.2,  -25.2,  -22.9,  -21.9,  -26.5,  -32.3,  -32.2,  -27.6,  -25.1,  -25.0,  43.3,  34.4,  30.7,  31.9,  30.0,  33.4,  40.1,  43.0,  43.8,  44.6,  44.8,  44.5,  42.1,  36.7,  36.7,  35.8,  39.6,  36.3,  37.4,  37.4,  425.1,  423.8,  421.6,  416.9,  407.2,  395.9,  381.1,  363.8,  357.4,  362.8,  378.2,  390.8,  398.2,  400.3,  400.4,  399.8,  403.2,  385.3,  378.0,  370.8,  364.3,  359.1,  358.0,  363.2,  368.7,  374.1,  380.1,  354.7,  345.5,  336.1,  327.0,  346.3,  341.8,  338.1,  339.9,  343.0,  373.9,  371.0,  369.6,  368.3,  367.5,  369.0,  368.1,  368.2,  368.9,  371.4,  367.2,  366.4,  358.5,  344.8,  340.3,  339.0,  339.5,  345.4,  356.4,  343.2,  336.6,  335.6,  337.4,  343.9,  355.3,  341.1,  339.7,  340.8,  353.1,  339.4,  338.3,  340.1,  2.399,  -0.066,  0.078,  -0.065,  627.514,  390.193,  7.169,  20.034,  -10.470,  8.500,  -15.339,  4.939,  0.582,  -1.730,  8.544,  -4.243,  -8.548,  1.924,  -1.447,  -2.615,  4.794,  0.652,  -0.026,  -0.231,  0.205,  -5.179,  -2.180,  -0.667,  -0.606,  -1.188,  1.325,  1.293,  -1.029,  -0.251,  -0.055,  -1.103,  -0.108,  0.163,  -0.516,  0.279, 0.00, 0.00, 0.00, 0.00, 0.00, 0.00, 0.00, 0.02, 0.00, 0.00, 0.19, 1.54, 0.05, 1.03, 0.00, 0.00, 0.18, 0.00, 0.00, 0.00, 1.00, 0.00, 0.00, 0.00, 0.00, 0.00, 0.00, 1.00, 1.00, 0.00, 0.00, 0.00, 0.00, 0.00, 1.00
15,  0,  0.467,  0.98,  1,  -0.019277,  -0.047138,  -0.998702,  -0.089149,  0.015092,  -0.995904,  -0.054,  -0.016,  532.2,  535.7,  545.5,  555.9,  560.8,  558.3,  547.5,  537.1,  521.8,  526.4,  534.9,  546.8,  559.3,  568.8,  575.4,  568.7,  558.2,  547.0,  536.8,  527.9,  543.0,  547.3,  551.4,  552.9,  550.9,  546.5,  542.4,  541.0,  675.3,  678.4,  689.1,  701.1,  707.4,  704.2,  693.5,  680.6,  665.0,  672.3,  682.2,  694.7,  706.0,  713.8,  718.9,  713.5,  706.3,  696.9,  685.5,  674.2,  685.6,  691.6,  697.0,  698.6,  695.5,  689.5,  684.1,  682.5,  294.9,  284.2,  278.9,  282.1,  291.9,  303.4,  307.9,  304.7,  304.4,  296.2,  290.3,  286.3,  287.4,  291.9,  298.4,  303.0,  305.3,  307.4,  308.3,  307.8,  298.5,  299.9,  297.7,  293.2,  289.1,  287.8,  290.0,  294.4,  290.4,  277.9,  272.0,  276.3,  288.3,  300.8,  306.6,  303.4,  296.4,  287.6,  282.3,  280.7,  283.7,  288.5,  295.7,  299.2,  301.1,  301.8,  300.9,  299.6,  296.4,  298.6,  295.7,  289.4,  283.4,  281.2,  284.1,  290.4,  -42.2,  -40.9,  -37.0,  -32.8,  -30.8,  -31.8,  -36.0,  -40.2,  -46.9,  -44.7,  -41.1,  -36.3,  -31.4,  -27.8,  -25.3,  -27.8,  -31.8,  -36.2,  -40.3,  -44.1,  -38.0,  -36.2,  -34.6,  -34.0,  -34.9,  -36.6,  -38.3,  -38.8,  12.5,  13.6,  17.6,  21.9,  24.1,  22.9,  19.0,  14.3,  8.8,  11.4,  14.9,  19.4,  23.5,  26.6,  28.6,  26.4,  23.6,  20.1,  16.0,  12.0,  16.2,  18.4,  20.4,  21.0,  19.9,  17.7,  15.7,  15.1,  -25.5,  -29.8,  -31.8,  -30.4,  -26.5,  -22.0,  -20.3,  -21.6,  -22.1,  -25.1,  -27.3,  -28.7,  -28.3,  -26.6,  -24.2,  -22.3,  -21.3,  -20.5,  -20.2,  -20.5,  -24.1,  -23.5,  -24.3,  -26.1,  -27.7,  -28.3,  -27.5,  -25.7,  -24.6,  -29.2,  -31.4,  -30.0,  -25.7,  -21.1,  -18.9,  -20.0,  -22.5,  -25.5,  -27.4,  -28.1,  -27.2,  -25.7,  -23.3,  -21.8,  -21.0,  -20.6,  -20.8,  -21.3,  -22.6,  -21.9,  -23.0,  -25.3,  -27.4,  -28.2,  -27.1,  -24.8,  342.7,  343.2,  342.9,  341.8,  340.7,  340.3,  340.5,  341.6,  347.3,  344.6,  342.1,  340.4,  340.6,  341.7,  342.9,  341.3,  340.0,  340.2,  341.7,  344.3,  342.4,  342.0,  341.8,  342.0,  342.5,  343.0,  343.1,  342.9,  309.4,  310.7,  312.6,  313.7,  313.6,  312.2,  310.4,  309.3,  309.0,  308.7,  308.9,  310.0,  312.2,  315.0,  317.7,  314.5,  311.3,  308.9,  307.9,  308.3,  311.1,  311.7,  312.6,  313.3,  313.4,  312.8,  311.9,  311.2,  -5.2,  11.5,  353.9,  -0.133,  0.043,  -0.066,  457.4,  462.7,  472.3,  483.8,  502.3,  529.1,  560.6,  598.5,  643.6,  688.9,  727.7,  758.2,  777.6,  786.7,  790.3,  791.5,  790.0,  480.5,  497.0,  525.1,  555.4,  584.5,  648.4,  679.6,  710.7,  740.6,  760.0,  620.4,  621.0,  621.6,  622.5,  591.5,  608.3,  625.6,  643.6,  659.9,  519.7,  536.4,  558.0,  577.0,  558.1,  536.4,  663.9,  682.6,  704.2,  721.8,  705.9,  684.7,  570.2,  590.5,  611.9,  628.7,  647.3,  670.8,  694.1,  672.2,  650.1,  630.2,  612.8,  591.5,  579.8,  613.0,  629.5,  648.9,  683.0,  648.5,  629.3,  612.8,  324.1,  371.5,  418.7,  463.9,  504.8,  539.7,  566.8,  583.1,  584.1,  575.2,  552.4,  521.5,  483.9,  440.8,  395.6,  350.1,  305.5,  285.5,  259.8,  247.5,  248.3,  255.8,  253.0,  243.7,  241.4,  250.0,  272.4,  285.8,  310.7,  335.4,  361.4,  395.0,  398.6,  401.7,  396.3,  390.1,  303.3,  289.9,  288.2,  299.9,  305.3,  307.9,  296.9,  283.0,  283.5,  294.8,  300.2,  300.2,  465.6,  446.9,  438.5,  441.9,  436.9,  444.2,  458.3,  469.2,  473.6,  476.0,  475.7,  472.9,  463.6,  453.8,  454.1,  451.6,  457.8,  453.2,  456.2,  455.7,  -88.7,  -85.8,  -80.7,  -74.4,  -64.1,  -50.2,  -34.6,  -17.3,  1.5,  20.3,  37.9,  52.8,  62.6,  67.1,  68.8,  69.2,  69.2,  -70.2,  -61.7,  -48.7,  -35.2,  -22.8,  3.4,  16.4,  29.8,  43.0,  52.1,  -7.9,  -7.5,  -7.0,  -6.5,  -19.2,  -12.4,  -5.6,  1.4,  7.8,  -51.4,  -43.9,  -34.6,  -26.5,  -34.4,  -43.7,  10.0,  17.9,  27.1,  34.7,  27.6,  18.7,  -28.6,  -19.5,  -10.9,  -4.4,  2.8,  12.2,  22.0,  12.6,  3.9,  -3.8,  -10.5,  -19.0,  -24.4,  -10.5,  -4.1,  3.5,  17.3,  3.3,  -4.1,  -10.6,  -17.4,  5.6,  28.3,  49.5,  67.3,  81.3,  90.1,  92.8,  91.5,  89.3,  83.2,  72.2,  56.4,  37.0,  16.3,  -4.5,  -25.1,  -32.8,  -43.3,  -47.7,  -46.5,  -42.7,  -43.7,  -48.2,  -49.9,  -47.0,  -38.0,  -30.1,  -19.5,  -9.4,  0.5,  13.9,  15.1,  16.1,  14.1,  11.8,  -24.2,  -29.7,  -30.3,  -25.3,  -23.0,  -22.0,  -26.5,  -32.4,  -32.2,  -27.7,  -25.1,  -25.1,  43.2,  34.2,  30.5,  31.7,  29.8,  33.2,  40.0,  42.8,  43.6,  44.4,  44.6,  44.3,  42.0,  36.5,  36.5,  35.6,  39.5,  36.1,  37.2,  37.2,  424.9,  423.6,  421.3,  416.6,  407.0,  395.9,  381.2,  363.8,  357.3,  362.9,  378.3,  391.0,  398.4,  400.6,  400.6,  400.0,  403.5,  385.1,  377.7,  370.5,  364.0,  358.8,  357.7,  362.9,  368.5,  374.0,  380.1,  354.4,  345.3,  335.8,  326.7,  346.0,  341.5,  337.8,  339.7,  342.8,  373.7,  370.8,  369.3,  368.1,  367.3,  368.8,  367.9,  368.0,  368.8,  371.3,  367.1,  366.3,  358.3,  344.5,  340.0,  338.7,  339.1,  345.2,  356.3,  342.9,  336.1,  335.2,  337.0,  343.5,  355.0,  340.8,  339.4,  340.5,  352.9,  339.0,  337.9,  339.8,  2.401,  -0.065,  0.076,  -0.065,  627.664,  389.897,  8.243,  20.078,  -10.315,  8.959,  -15.477,  4.820,  0.254,  -1.874,  8.128,  -4.350,  -8.317,  1.908,  -1.409,  -2.528,  4.729,  0.801,  0.257,  -0.330,  0.371,  -5.106,  -2.083,  -0.583,  -0.855,  -1.320,  1.356,  1.383,  -0.939,  -0.262,  -0.059,  -1.065,  -0.098,  0.152,  -0.545,  0.284, 0.00, 0.00, 0.00, 0.00, 0.00, 0.00, 0.00, 0.03, 0.00, 0.00, 0.16, 1.56, 0.07, 1.05, 0.00, 0.00, 0.22, 0.00, 0.00, 0.00, 1.00, 0.00, 0.00, 0.00, 0.00, 0.00, 0.00, 1.00, 1.00, 0.00, 0.00, 0.00, 0.00, 0.00, 1.00
16,  0,  0.501,  0.98,  1,  -0.023173,  -0.044916,  -0.998722,  -0.096447,  0.015906,  -0.995211,  -0.060,  -0.015,  532.1,  535.7,  545.6,  556.0,  560.8,  558.1,  547.3,  536.9,  521.9,  526.6,  535.1,  546.9,  559.4,  568.9,  575.6,  568.8,  558.2,  546.9,  536.7,  527.9,  542.9,  547.3,  551.4,  552.9,  550.9,  546.6,  542.5,  541.0,  674.9,  678.1,  688.8,  701.0,  707.3,  704.1,  693.3,  680.3,  665.0,  672.2,  682.1,  694.7,  705.9,  713.7,  718.8,  713.5,  706.4,  697.1,  685.6,  674.2,  685.4,  691.4,  696.8,  698.3,  695.2,  689.2,  683.8,  682.2,  294.6,  283.9,  278.7,  281.8,  291.5,  302.9,  307.4,  304.3,  304.4,  296.1,  289.9,  285.9,  287.1,  291.7,  298.1,  302.4,  304.4,  306.3,  307.5,  307.3,  298.2,  299.5,  297.3,  292.9,  288.9,  287.6,  289.8,  294.2,  289.9,  277.4,  271.6,  276.0,  288.0,  300.6,  306.3,  303.0,  295.8,  287.2,  281.9,  280.4,  283.4,  288.3,  295.6,  299.0,  300.6,  301.2,  300.3,  299.0,  296.0,  298.2,  295.4,  289.2,  283.2,  281.0,  283.8,  290.0,  -42.3,  -41.0,  -37.1,  -32.9,  -30.9,  -31.8,  -36.1,  -40.2,  -46.9,  -44.7,  -41.1,  -36.3,  -31.4,  -27.8,  -25.3,  -27.8,  -31.8,  -36.2,  -40.4,  -44.1,  -38.0,  -36.3,  -34.6,  -34.1,  -34.9,  -36.7,  -38.3,  -38.9,  12.3,  13.5,  17.4,  21.8,  24.0,  22.8,  18.8,  14.2,  8.8,  11.3,  14.8,  19.3,  23.4,  26.4,  28.5,  26.3,  23.5,  20.1,  16.0,  12.0,  16.1,  18.2,  20.2,  20.8,  19.7,  17.5,  15.6,  15.0,  -25.7,  -29.9,  -31.9,  -30.6,  -26.7,  -22.2,  -20.5,  -21.8,  -22.1,  -25.2,  -27.4,  -28.9,  -28.4,  -26.7,  -24.3,  -22.5,  -21.6,  -20.9,  -20.5,  -20.7,  -24.2,  -23.6,  -24.5,  -26.2,  -27.9,  -28.4,  -27.6,  -25.8,  -24.7,  -29.2,  -31.5,  -30.0,  -25.7,  -21.1,  -19.0,  -20.1,  -22.6,  -25.6,  -27.5,  -28.1,  -27.2,  -25.7,  -23.3,  -21.9,  -21.1,  -20.7,  -20.9,  -21.4,  -22.7,  -21.9,  -23.0,  -25.3,  -27.4,  -28.1,  -27.1,  -24.8,  343.1,  343.9,  343.6,  342.4,  341.0,  340.3,  340.5,  341.7,  347.5,  345.0,  342.6,  341.0,  341.0,  342.0,  343.1,  341.4,  340.1,  340.2,  341.8,  344.5,  342.6,  342.1,  342.0,  342.3,  342.9,  343.4,  343.5,  343.2,  308.1,  309.6,  311.5,  312.7,  312.4,  310.9,  309.0,  308.0,  307.7,  307.5,  307.7,  308.8,  311.1,  313.9,  316.5,  313.3,  310.2,  307.7,  306.7,  307.0,  309.9,  310.4,  311.4,  312.1,  312.3,  311.7,  310.8,  310.0,  -5.1,  11.3,  353.7,  -0.133,  0.042,  -0.066,  457.2,  462.6,  472.2,  483.7,  502.0,  528.7,  560.2,  598.0,  643.5,  689.1,  728.2,  758.7,  777.9,  786.7,  790.2,  791.3,  789.9,  480.5,  497.0,  525.0,  555.3,  584.5,  648.5,  679.7,  710.9,  740.8,  759.9,  620.6,  621.1,  621.8,  622.6,  591.6,  608.4,  625.7,  643.7,  659.9,  519.8,  536.5,  558.0,  577.1,  558.2,  536.5,  663.9,  682.6,  704.2,  721.8,  705.8,  684.6,  570.2,  590.5,  612.0,  628.7,  647.3,  670.9,  694.2,  672.3,  650.1,  630.2,  612.8,  591.5,  579.8,  613.0,  629.6,  649.0,  683.1,  648.6,  629.4,  612.9,  323.9,  371.1,  418.2,  463.2,  504.1,  539.0,  566.2,  582.7,  583.9,  574.8,  551.8,  520.6,  482.9,  439.8,  395.0,  350.0,  305.9,  285.3,  259.7,  247.3,  248.0,  255.6,  252.8,  243.4,  241.2,  250.0,  272.3,  285.4,  310.2,  334.9,  360.7,  394.5,  398.2,  401.2,  395.8,  389.7,  303.0,  289.6,  287.8,  299.4,  304.8,  307.4,  296.5,  282.7,  283.2,  294.5,  299.8,  299.7,  465.0,  446.4,  438.1,  441.5,  436.5,  443.7,  457.8,  468.6,  473.0,  475.5,  475.2,  472.3,  463.1,  453.3,  453.7,  451.1,  457.3,  452.7,  455.7,  455.2,  -88.8,  -85.9,  -80.8,  -74.4,  -64.2,  -50.3,  -34.8,  -17.5,  1.4,  20.4,  38.1,  53.1,  62.8,  67.2,  68.7,  69.2,  69.1,  -70.2,  -61.7,  -48.6,  -35.2,  -22.7,  3.5,  16.5,  29.9,  43.1,  52.1,  -7.9,  -7.4,  -7.0,  -6.5,  -19.1,  -12.3,  -5.5,  1.4,  7.8,  -51.3,  -43.8,  -34.6,  -26.5,  -34.3,  -43.6,  10.0,  17.9,  27.1,  34.7,  27.6,  18.7,  -28.6,  -19.5,  -10.9,  -4.4,  2.8,  12.2,  22.1,  12.6,  3.9,  -3.7,  -10.5,  -19.0,  -24.4,  -10.5,  -4.0,  3.5,  17.4,  3.3,  -4.1,  -10.5,  -17.6,  5.4,  28.0,  49.1,  67.0,  81.0,  89.8,  92.6,  91.4,  89.1,  82.9,  71.8,  56.0,  36.6,  16.0,  -4.6,  -25.0,  -32.9,  -43.3,  -47.7,  -46.5,  -42.8,  -43.8,  -48.3,  -50.0,  -47.0,  -38.1,  -30.2,  -19.6,  -9.6,  0.3,  13.6,  14.9,  15.9,  13.9,  11.6,  -24.3,  -29.8,  -30.5,  -25.5,  -23.2,  -22.2,  -26.7,  -32.5,  -32.4,  -27.8,  -25.3,  -25.2,  43.0,  34.0,  30.3,  31.5,  29.6,  33.0,  39.8,  42.5,  43.4,  44.2,  44.3,  44.1,  41.8,  36.3,  36.3,  35.4,  39.2,  35.9,  36.9,  36.9,  424.9,  423.6,  421.3,  416.5,  407.0,  395.8,  381.1,  363.7,  357.1,  362.7,  378.4,  391.1,  398.5,  400.6,  400.6,  400.0,  403.6,  384.9,  377.4,  370.2,  363.6,  358.3,  357.4,  362.7,  368.4,  374.0,  380.2,  354.1,  344.9,  335.4,  326.2,  345.7,  341.1,  337.5,  339.3,  342.5,  373.4,  370.5,  369.1,  367.9,  367.0,  368.5,  367.8,  367.9,  368.7,  371.3,  367.0,  366.2,  358.0,  344.2,  339.6,  338.4,  338.8,  344.9,  356.2,  342.7,  335.9,  334.9,  336.7,  343.3,  354.8,  340.5,  339.1,  340.3,  352.8,  338.7,  337.6,  339.5,  2.402,  -0.065,  0.075,  -0.065,  627.691,  389.457,  9.326,  20.552,  -10.048,  8.970,  -15.672,  4.637,  0.090,  -1.919,  8.391,  -3.896,  -8.277,  1.935,  -1.503,  -2.585,  4.999,  0.657,  0.356,  -0.142,  0.263,  -5.284,  -1.889,  -0.524,  -0.645,  -1.264,  1.432,  1.383,  -0.924,  -0.276,  -0.059,  -1.145,  -0.017,  0.212,  -0.514,  0.261, 0.00, 0.00, 0.00, 0.00, 0.00, 0.00, 0.00, 0.02, 0.00, 0.00, 0.22, 1.52, 0.19, 1.05, 0.00, 0.00, 0.24, 0.00, 0.00, 0.00, 1.00, 0.00, 0.00, 0.00, 0.00, 0.00, 0.00, 1.00, 1.00, 0.00, 0.00, 0.00, 0.00, 0.00, 1.00
17,  0,  0.534,  0.98,  1,  -0.022249,  -0.054247,  -0.998280,  -0.100580,  0.016328,  -0.994795,  -0.062,  -0.019,  532.2,  535.7,  545.4,  555.8,  560.6,  558.1,  547.4,  537.1,  522.0,  526.4,  534.8,  546.8,  559.5,  568.9,  575.5,  568.7,  558.2,  547.0,  536.9,  528.1,  543.0,  547.3,  551.3,  552.8,  550.8,  546.5,  542.4,  540.9,  674.8,  678.1,  688.9,  701.0,  707.2,  703.9,  693.0,  680.0,  665.0,  672.3,  682.2,  694.6,  705.8,  713.6,  718.8,  713.5,  706.4,  697.0,  685.6,  674.1,  685.3,  691.2,  696.6,  698.2,  695.2,  689.3,  683.9,  682.3,  294.3,  283.5,  278.3,  281.7,  291.6,  303.2,  307.7,  304.3,  303.6,  295.6,  289.9,  286.0,  287.0,  291.5,  298.0,  303.1,  305.8,  308.0,  308.7,  307.6,  298.0,  299.4,  297.2,  292.7,  288.6,  287.2,  289.3,  293.8,  289.6,  277.2,  271.7,  276.2,  288.1,  300.4,  306.0,  302.6,  295.0,  286.6,  281.5,  280.1,  283.1,  288.0,  295.3,  298.7,  300.3,  300.8,  299.9,  298.4,  295.7,  297.9,  295.2,  289.2,  283.3,  281.1,  283.8,  289.8,  -42.0,  -40.7,  -36.8,  -32.7,  -30.7,  -31.7,  -35.9,  -40.0,  -46.6,  -44.5,  -40.9,  -36.0,  -31.1,  -27.6,  -25.1,  -27.7,  -31.6,  -36.0,  -40.1,  -43.8,  -37.8,  -36.1,  -34.4,  -33.9,  -34.7,  -36.4,  -38.1,  -38.6,  12.4,  13.6,  17.6,  22.0,  24.2,  22.9,  18.9,  14.2,  8.9,  11.5,  15.0,  19.5,  23.6,  26.6,  28.8,  26.6,  23.7,  20.2,  16.1,  12.1,  16.2,  18.4,  20.3,  21.0,  19.9,  17.7,  15.8,  15.1,  -25.6,  -29.8,  -31.8,  -30.4,  -26.5,  -22.0,  -20.3,  -21.6,  -22.3,  -25.2,  -27.2,  -28.6,  -28.2,  -26.6,  -24.2,  -22.1,  -20.9,  -20.1,  -20.0,  -20.5,  -24.1,  -23.6,  -24.4,  -26.1,  -27.8,  -28.4,  -27.5,  -25.8,  -25.0,  -29.6,  -31.8,  -30.2,  -25.9,  -21.4,  -19.3,  -20.4,  -23.1,  -26.1,  -27.9,  -28.5,  -27.6,  -26.1,  -23.6,  -22.2,  -21.3,  -21.0,  -21.3,  -21.8,  -23.0,  -22.2,  -23.3,  -25.5,  -27.6,  -28.4,  -27.3,  -25.1,  340.9,  341.2,  340.6,  339.6,  338.7,  338.6,  339.0,  340.0,  345.7,  342.7,  340.0,  338.2,  338.3,  339.5,  340.9,  339.4,  338.2,  338.5,  340.1,  342.7,  340.7,  340.2,  340.0,  340.1,  340.5,  340.9,  341.2,  341.0,  311.2,  312.8,  314.6,  315.7,  315.3,  313.7,  311.9,  310.9,  310.8,  310.7,  310.9,  312.0,  314.1,  316.8,  319.3,  316.2,  313.1,  310.6,  309.7,  310.1,  312.8,  313.3,  314.2,  315.0,  315.2,  314.7,  313.8,  313.0,  -5.2,  11.2,  354.5,  -0.137,  0.041,  -0.065,  456.8,  462.3,  471.9,  483.5,  502.0,  528.8,  559.8,  597.1,  642.1,  687.5,  726.8,  757.8,  777.5,  786.6,  790.1,  791.3,  789.9,  480.4,  497.1,  525.2,  555.6,  584.8,  648.4,  679.6,  710.8,  740.7,  759.8,  620.7,  621.3,  621.9,  622.8,  591.7,  608.5,  625.8,  643.7,  660.0,  519.7,  536.4,  558.1,  577.0,  558.2,  536.3,  664.0,  682.5,  704.2,  721.7,  705.8,  684.6,  570.0,  590.7,  612.2,  628.8,  647.3,  670.9,  694.4,  672.2,  649.9,  630.1,  612.8,  591.5,  579.7,  613.2,  629.6,  648.9,  683.3,  648.4,  629.3,  612.9,  323.6,  370.9,  418.0,  463.1,  503.8,  538.5,  565.4,  582.0,  583.3,  574.6,  551.9,  520.9,  483.2,  440.2,  395.3,  350.1,  305.7,  285.2,  259.5,  247.0,  247.7,  255.4,  252.4,  242.9,  240.7,  249.5,  272.2,  285.2,  309.9,  334.4,  360.2,  394.1,  397.7,  400.7,  395.4,  389.4,  303.1,  289.5,  287.8,  299.5,  305.0,  307.6,  296.3,  282.3,  282.8,  294.2,  299.5,  299.5,  464.8,  445.9,  437.5,  440.9,  435.8,  443.2,  457.4,  468.2,  472.5,  474.9,  474.6,  471.8,  462.9,  452.9,  453.2,  450.6,  456.9,  452.2,  455.1,  454.7,  -89.1,  -86.1,  -81.0,  -74.6,  -64.2,  -50.3,  -35.0,  -17.9,  0.8,  19.7,  37.5,  52.7,  62.6,  67.2,  68.8,  69.3,  69.3,  -70.3,  -61.8,  -48.7,  -35.2,  -22.7,  3.5,  16.5,  29.9,  43.2,  52.2,  -7.8,  -7.4,  -7.0,  -6.4,  -19.1,  -12.3,  -5.5,  1.5,  7.9,  -51.4,  -43.9,  -34.6,  -26.5,  -34.4,  -43.8,  10.1,  17.9,  27.1,  34.8,  27.7,  18.7,  -28.7,  -19.5,  -10.8,  -4.3,  2.8,  12.2,  22.2,  12.7,  3.8,  -3.8,  -10.5,  -19.1,  -24.5,  -10.5,  -4.0,  3.5,  17.5,  3.2,  -4.1,  -10.5,  -17.7,  5.3,  28.0,  49.1,  66.9,  80.8,  89.6,  92.4,  91.3,  89.0,  83.0,  71.9,  56.1,  36.7,  16.2,  -4.5,  -25.1,  -32.9,  -43.5,  -47.9,  -46.8,  -43.0,  -44.1,  -48.7,  -50.4,  -47.4,  -38.2,  -30.4,  -19.8,  -9.8,  0.1,  13.5,  14.7,  15.8,  13.8,  11.5,  -24.3,  -29.9,  -30.5,  -25.5,  -23.1,  -22.1,  -26.9,  -32.7,  -32.6,  -28.0,  -25.4,  -25.4,  43.0,  33.9,  30.2,  31.4,  29.4,  32.9,  39.8,  42.5,  43.3,  44.1,  44.2,  44.0,  41.8,  36.3,  36.2,  35.3,  39.2,  35.8,  36.8,  36.8,  425.4,  424.0,  421.5,  416.7,  407.2,  396.0,  381.6,  364.3,  357.7,  363.0,  378.4,  391.2,  398.7,  400.8,  401.1,  400.8,  404.6,  385.5,  378.2,  371.1,  364.7,  359.7,  358.8,  364.1,  369.7,  375.1,  381.0,  355.3,  346.2,  336.7,  327.6,  346.7,  342.1,  338.6,  340.4,  343.6,  374.2,  371.3,  369.9,  368.7,  367.9,  369.3,  368.8,  368.9,  369.7,  372.3,  368.0,  367.2,  359.0,  345.3,  340.7,  339.4,  339.9,  346.1,  357.3,  343.6,  336.6,  335.6,  337.4,  344.1,  355.8,  341.5,  340.0,  341.2,  353.9,  339.4,  338.3,  340.2,  2.396,  -0.070,  0.073,  -0.064,  627.581,  389.172,  7.447,  19.804,  -10.159,  8.272,  -15.396,  4.715,  -0.078,  -2.089,  8.298,  -3.997,  -8.871,  2.960,  -1.847,  -2.379,  4.622,  0.763,  0.532,  -0.651,  0.648,  -5.058,  -1.924,  -0.579,  -0.185,  -1.032,  1.639,  1.329,  -0.575,  -0.578,  0.142,  -1.003,  -0.228,  0.195,  -0.509,  0.193, 0.00, 0.00, 0.00, 0.00, 0.00, 0.00, 0.00, 0.02, 0.00, 0.00, 0.24, 1.42, 0.24, 1.00, 0.00, 0.00, 0.32, 0.00, 0.00, 0.00, 1.00, 0.00, 0.00, 0.00, 0.00, 0.00, 0.00, 1.00, 1.00, 0.00, 0.00, 0.00, 0.00, 0.00, 1.00
18,  0,  0.567,  0.98,  1,  -0.022269,  -0.054003,  -0.998292,  -0.090663,  0.019122,  -0.995698,  -0.057,  -0.017,  532.1,  535.5,  545.3,  555.6,  560.5,  558.0,  547.3,  537.0,  521.8,  526.2,  534.6,  546.5,  559.2,  568.7,  575.5,  568.6,  558.0,  546.9,  536.8,  528.0,  542.8,  547.2,  551.2,  552.7,  550.6,  546.3,  542.3,  540.8,  675.1,  678.4,  689.3,  701.2,  707.3,  704.0,  693.1,  680.2,  665.3,  672.1,  681.6,  694.1,  705.6,  713.6,  719.0,  713.6,  706.3,  697.0,  685.6,  674.3,  685.4,  691.5,  697.0,  698.7,  695.6,  689.6,  684.1,  682.4,  294.3,  283.4,  278.1,  281.5,  291.6,  303.2,  307.7,  304.4,  303.6,  295.6,  289.8,  285.8,  286.9,  291.3,  297.9,  303.1,  305.9,  308.1,  308.7,  307.7,  298.0,  299.4,  297.2,  292.7,  288.5,  287.1,  289.3,  293.8,  289.6,  277.4,  271.9,  276.3,  288.0,  300.2,  305.7,  302.4,  295.2,  286.7,  281.6,  280.0,  282.9,  287.7,  295.1,  298.5,  300.2,  300.9,  300.0,  298.6,  295.8,  298.0,  295.2,  289.1,  283.2,  280.9,  283.7,  289.8,  -41.8,  -40.5,  -36.7,  -32.6,  -30.6,  -31.6,  -35.7,  -39.8,  -46.4,  -44.3,  -40.7,  -35.9,  -31.0,  -27.5,  -25.0,  -27.5,  -31.5,  -35.8,  -39.9,  -43.6,  -37.6,  -35.9,  -34.3,  -33.8,  -34.6,  -36.3,  -37.9,  -38.4,  12.6,  13.9,  17.9,  22.3,  24.5,  23.2,  19.1,  14.5,  9.1,  11.5,  15.0,  19.5,  23.8,  26.9,  29.1,  26.8,  24.0,  20.4,  16.3,  12.3,  16.4,  18.6,  20.7,  21.3,  20.2,  18.0,  16.0,  15.3,  -25.4,  -29.7,  -31.7,  -30.3,  -26.3,  -21.8,  -20.1,  -21.5,  -22.1,  -25.1,  -27.1,  -28.5,  -28.1,  -26.5,  -24.0,  -21.9,  -20.8,  -20.0,  -19.8,  -20.4,  -24.0,  -23.4,  -24.3,  -26.0,  -27.7,  -28.2,  -27.4,  -25.6,  -25.3,  -29.8,  -32.0,  -30.5,  -26.2,  -21.6,  -19.5,  -20.7,  -23.3,  -26.3,  -28.2,  -28.8,  -27.9,  -26.4,  -23.9,  -22.4,  -21.6,  -21.2,  -21.5,  -22.0,  -23.2,  -22.4,  -23.5,  -25.8,  -28.0,  -28.7,  -27.7,  -25.4,  339.0,  339.2,  338.6,  337.6,  336.7,  336.6,  337.0,  338.1,  343.7,  340.7,  337.9,  336.0,  336.1,  337.3,  338.7,  337.2,  336.1,  336.4,  338.0,  340.7,  338.7,  338.2,  338.0,  338.1,  338.5,  338.9,  339.2,  339.1,  314.6,  316.0,  317.7,  318.7,  318.3,  316.8,  315.1,  314.3,  314.4,  314.1,  314.2,  315.1,  317.1,  319.7,  322.2,  319.2,  316.2,  313.8,  313.0,  313.5,  316.1,  316.5,  317.4,  318.1,  318.4,  317.9,  317.0,  316.3,  -5.2,  11.0,  354.5,  -0.134,  0.043,  -0.069,  456.2,  461.9,  471.7,  483.2,  501.7,  528.7,  560.5,  598.7,  644.5,  690.3,  729.6,  760.1,  778.8,  786.9,  789.8,  790.7,  789.1,  480.0,  496.7,  524.8,  555.2,  584.5,  648.5,  679.5,  710.6,  740.3,  759.4,  620.6,  621.2,  621.9,  622.8,  592.0,  608.8,  625.9,  643.7,  659.8,  519.6,  536.2,  557.9,  576.9,  558.0,  536.2,  663.9,  682.4,  704.1,  721.7,  705.8,  684.6,  570.0,  590.5,  612.0,  628.7,  647.3,  670.9,  694.4,  672.2,  649.9,  630.1,  612.7,  591.5,  579.6,  613.1,  629.6,  649.0,  683.2,  648.4,  629.3,  612.9,  323.9,  371.1,  418.1,  463.1,  503.7,  538.4,  565.1,  581.1,  581.9,  572.7,  549.6,  518.6,  481.0,  438.3,  393.9,  349.3,  305.4,  285.2,  259.5,  247.0,  247.7,  255.3,  252.3,  242.8,  240.6,  249.1,  271.5,  285.1,  309.7,  334.2,  359.9,  394.1,  397.6,  400.6,  395.3,  389.2,  303.1,  289.5,  287.7,  299.5,  305.1,  307.7,  296.3,  282.2,  282.6,  294.1,  299.5,  299.5,  464.6,  445.8,  437.4,  440.8,  435.6,  442.9,  457.0,  467.7,  471.9,  474.4,  474.2,  471.6,  462.6,  452.7,  453.0,  450.3,  456.5,  451.8,  454.8,  454.4,  -89.5,  -86.5,  -81.3,  -74.8,  -64.5,  -50.4,  -34.6,  -17.2,  1.8,  20.9,  38.8,  53.7,  63.3,  67.3,  68.6,  68.9,  68.8,  -70.5,  -61.9,  -48.8,  -35.3,  -22.8,  3.5,  16.4,  29.8,  43.0,  52.0,  -7.9,  -7.4,  -7.0,  -6.5,  -19.0,  -12.2,  -5.5,  1.4,  7.8,  -51.5,  -44.0,  -34.7,  -26.6,  -34.4,  -43.8,  10.1,  17.9,  27.1,  34.8,  27.7,  18.7,  -28.7,  -19.5,  -10.9,  -4.4,  2.8,  12.2,  22.2,  12.6,  3.8,  -3.8,  -10.5,  -19.1,  -24.5,  -10.5,  -4.0,  3.5,  17.4,  3.3,  -4.1,  -10.5,  -17.6,  5.4,  28.0,  49.2,  67.0,  80.8,  89.4,  92.0,  90.6,  88.2,  82.1,  70.9,  55.2,  35.9,  15.5,  -4.9,  -25.2,  -32.9,  -43.4,  -47.9,  -46.8,  -43.0,  -44.1,  -48.7,  -50.4,  -47.5,  -38.5,  -30.4,  -19.9,  -9.9,  -0.0,  13.5,  14.7,  15.7,  13.7,  11.5,  -24.3,  -29.9,  -30.6,  -25.5,  -23.1,  -22.1,  -26.9,  -32.8,  -32.7,  -28.0,  -25.4,  -25.4,  42.9,  33.8,  30.1,  31.3,  29.4,  32.8,  39.6,  42.2,  43.0,  43.9,  44.0,  43.9,  41.7,  36.2,  36.1,  35.2,  39.0,  35.6,  36.6,  36.7,  426.3,  424.9,  422.5,  417.5,  407.8,  396.5,  381.5,  363.9,  357.4,  363.0,  378.8,  391.4,  398.8,  400.7,  400.7,  400.2,  403.8,  385.3,  378.0,  370.9,  364.4,  359.3,  358.4,  363.7,  369.3,  374.7,  380.7,  355.1,  346.0,  336.6,  327.5,  346.7,  342.3,  338.7,  340.4,  343.5,  374.0,  371.2,  369.8,  368.7,  367.8,  369.3,  368.8,  368.8,  369.7,  372.3,  368.0,  367.2,  358.8,  345.1,  340.5,  339.3,  339.8,  345.9,  357.1,  343.4,  336.5,  335.5,  337.2,  343.9,  355.7,  341.3,  340.0,  341.2,  353.6,  339.4,  338.2,  340.0,  2.397,  -0.067,  0.077,  -0.068,  627.667,  388.806,  8.665,  21.925,  -10.978,  7.124,  -15.612,  4.292,  -0.406,  -1.575,  8.361,  -3.396,  -8.688,  1.904,  -2.003,  -2.430,  4.584,  1.071,  0.749,  0.272,  0.344,  -4.952,  -1.921,  -0.487,  -0.612,  -1.178,  1.440,  1.232,  -0.650,  -0.539,  0.095,  -0.960,  -0.214,  0.215,  -0.506,  0.194, 0.00, 0.00, 0.00, 0.00, 0.00, 0.00, 0.00, 0.01, 0.00, 0.00, 0.31, 1.23, 0.28, 0.99, 0.00, 0.00, 0.33, 0.00, 0.00, 0.00, 1.00, 0.00, 0.00, 0.00, 0.00, 0.00, 0.00, 1.00, 1.00, 0.00, 0.00, 0.00, 0.00, 0.00, 1.00
19,  0,  0.601,  0.98,  1,  -0.023672,  -0.057169,  -0.998084,  -0.091116,  0.006495,  -0.995819,  -0.058,  -0.025,  531.7,  535.1,  544.8,  555.2,  560.2,  557.7,  547.1,  536.7,  521.3,  525.8,  534.2,  546.3,  558.9,  568.4,  575.1,  568.3,  558.0,  547.0,  536.8,  527.8,  542.5,  546.8,  550.8,  552.2,  550.2,  545.9,  541.9,  540.5,  674.8,  677.9,  688.7,  700.7,  707.0,  703.8,  693.1,  680.1,  664.7,  671.9,  681.7,  694.2,  705.5,  713.3,  718.5,  713.2,  706.1,  696.8,  685.4,  673.9,  685.1,  691.2,  696.7,  698.3,  695.2,  689.0,  683.5,  681.9,  294.4,  283.6,  278.3,  281.8,  291.9,  303.5,  308.0,  304.6,  303.5,  295.6,  290.0,  286.0,  287.0,  291.3,  297.9,  303.3,  306.4,  308.7,  309.2,  307.8,  298.0,  299.5,  297.3,  292.9,  288.7,  287.3,  289.4,  293.9,  289.6,  277.1,  271.4,  275.7,  287.5,  300.0,  305.7,  302.5,  295.0,  286.6,  281.5,  280.0,  282.9,  287.6,  294.8,  298.6,  300.6,  301.4,  300.4,  298.7,  295.7,  297.9,  295.0,  288.7,  282.7,  280.4,  283.3,  289.6,  -42.0,  -40.7,  -36.9,  -32.8,  -30.8,  -31.7,  -35.9,  -40.0,  -46.7,  -44.5,  -40.9,  -36.0,  -31.2,  -27.7,  -25.2,  -27.7,  -31.6,  -35.9,  -40.0,  -43.8,  -37.8,  -36.1,  -34.5,  -34.0,  -34.8,  -36.5,  -38.1,  -38.6,  12.3,  13.5,  17.4,  21.8,  24.0,  22.8,  18.9,  14.2,  8.7,  11.3,  14.8,  19.2,  23.4,  26.4,  28.6,  26.3,  23.5,  20.1,  16.0,  12.0,  16.1,  18.3,  20.3,  20.9,  19.8,  17.6,  15.5,  14.9,  -25.4,  -29.7,  -31.7,  -30.2,  -26.3,  -21.8,  -20.1,  -21.5,  -22.2,  -25.1,  -27.1,  -28.4,  -28.1,  -26.5,  -24.1,  -21.9,  -20.6,  -19.8,  -19.7,  -20.4,  -24.0,  -23.5,  -24.3,  -26.0,  -27.6,  -28.2,  -27.4,  -25.7,  -24.9,  -29.5,  -31.7,  -30.3,  -26.0,  -21.4,  -19.3,  -20.4,  -23.0,  -25.9,  -27.8,  -28.4,  -27.5,  -26.1,  -23.7,  -22.1,  -21.2,  -20.7,  -21.0,  -21.6,  -22.9,  -22.1,  -23.3,  -25.6,  -27.8,  -28.5,  -27.4,  -25.1,  339.6,  339.6,  339.0,  338.1,  337.5,  337.7,  338.1,  339.0,  344.3,  341.2,  338.4,  336.5,  336.8,  338.1,  339.7,  338.4,  337.2,  337.4,  339.0,  341.4,  339.5,  339.1,  338.9,  338.9,  339.1,  339.5,  339.8,  339.7,  309.9,  311.4,  313.2,  314.3,  314.0,  312.6,  310.8,  309.8,  309.6,  309.3,  309.5,  310.5,  312.7,  315.4,  318.1,  314.9,  311.8,  309.3,  308.4,  308.8,  311.6,  312.1,  313.0,  313.8,  314.0,  313.4,  312.5,  311.7,  -5.2,  11.1,  354.8,  -0.139,  0.039,  -0.069,  455.9,  461.3,  471.1,  482.6,  501.1,  528.4,  560.5,  599.3,  644.8,  689.8,  728.4,  758.4,  777.5,  786.2,  789.4,  790.4,  788.7,  479.7,  496.5,  524.6,  554.9,  584.1,  648.2,  679.1,  710.1,  739.8,  759.2,  620.3,  621.1,  621.9,  622.9,  591.9,  608.8,  626.0,  643.8,  659.9,  519.3,  535.9,  557.7,  576.7,  557.8,  536.0,  663.6,  682.1,  703.9,  721.5,  705.7,  684.4,  570.1,  590.7,  612.1,  628.9,  647.4,  671.0,  694.4,  672.5,  650.3,  630.5,  613.0,  591.7,  579.8,  613.2,  629.8,  649.1,  683.2,  648.6,  629.5,  612.9,  324.3,  371.3,  418.2,  463.2,  503.7,  538.4,  565.2,  581.0,  581.8,  572.9,  550.7,  520.5,  483.5,  440.7,  395.6,  349.9,  305.0,  285.2,  259.5,  247.2,  247.9,  255.4,  252.3,  242.7,  240.5,  248.9,  271.2,  285.1,  309.8,  334.2,  360.0,  394.1,  397.6,  400.5,  395.2,  389.1,  303.3,  289.7,  287.9,  299.7,  305.4,  307.9,  296.3,  282.2,  282.6,  294.1,  299.6,  299.6,  464.7,  445.8,  437.5,  440.8,  435.7,  443.0,  457.2,  467.7,  471.9,  474.3,  474.1,  471.6,  462.7,  452.7,  452.9,  450.2,  456.6,  451.8,  454.8,  454.4,  -89.6,  -86.6,  -81.5,  -75.0,  -64.7,  -50.5,  -34.6,  -16.9,  1.9,  20.7,  38.2,  53.0,  62.7,  67.0,  68.5,  68.9,  68.7,  -70.6,  -62.1,  -49.0,  -35.5,  -23.0,  3.4,  16.3,  29.6,  42.8,  51.9,  -8.0,  -7.5,  -7.0,  -6.4,  -19.1,  -12.2,  -5.4,  1.5,  7.8,  -51.7,  -44.2,  -34.8,  -26.7,  -34.6,  -44.0,  10.0,  17.8,  27.0,  34.7,  27.7,  18.7,  -28.7,  -19.5,  -10.9,  -4.3,  2.9,  12.3,  22.2,  12.8,  4.0,  -3.7,  -10.4,  -19.0,  -24.5,  -10.5,  -4.0,  3.6,  17.5,  3.3,  -4.0,  -10.5,  -17.4,  5.5,  28.1,  49.2,  66.9,  80.8,  89.4,  91.8,  90.5,  88.3,  82.5,  71.8,  56.3,  37.0,  16.3,  -4.6,  -25.4,  -32.9,  -43.5,  -47.9,  -46.8,  -43.1,  -44.2,  -48.8,  -50.5,  -47.7,  -38.7,  -30.4,  -19.9,  -9.9,  -0.0,  13.5,  14.7,  15.7,  13.7,  11.4,  -24.3,  -29.9,  -30.5,  -25.4,  -23.0,  -22.0,  -26.9,  -32.8,  -32.8,  -28.1,  -25.5,  -25.4,  43.0,  33.9,  30.2,  31.4,  29.4,  32.8,  39.7,  42.3,  43.1,  43.9,  44.0,  43.9,  41.8,  36.2,  36.1,  35.2,  39.1,  35.7,  36.7,  36.7,  425.7,  424.3,  422.0,  417.1,  407.4,  396.1,  381.1,  363.6,  357.2,  363.0,  378.7,  391.5,  399.1,  401.4,  401.4,  400.8,  404.3,  385.6,  378.4,  371.5,  365.1,  360.1,  359.1,  364.4,  369.9,  375.3,  381.2,  355.7,  346.6,  337.2,  328.2,  347.1,  342.7,  339.2,  341.0,  344.1,  374.5,  371.8,  370.4,  369.3,  368.3,  369.8,  369.2,  369.4,  370.3,  372.8,  368.6,  367.7,  359.0,  345.3,  341.0,  339.8,  340.2,  346.3,  357.3,  343.7,  336.8,  335.8,  337.6,  344.1,  355.8,  341.7,  340.3,  341.5,  353.8,  339.8,  338.6,  340.5,  2.395,  -0.072,  0.072,  -0.067,  627.503,  388.984,  7.293,  20.302,  -11.274,  7.326,  -15.541,  4.849,  -0.049,  -0.833,  8.430,  -4.089,  -8.852,  1.608,  -1.966,  -2.457,  4.311,  1.521,  0.488,  0.257,  0.264,  -4.830,  -2.407,  -0.585,  -0.932,  -1.335,  1.235,  1.296,  -0.720,  -0.543,  0.074,  -0.939,  -0.303,  0.151,  -0.561,  0.239, 0.00, 0.00, 0.00, 0.00, 0.00, 0.00, 0.00, 0.00, 0.00, 0.00, 0.37, 1.09, 0.16, 0.94, 0.00, 0.00, 0.24, 0.00, 0.00, 0.00, 1.00, 0.00, 0.00, 0.00, 0.00, 0.00, 0.00, 1.00, 1.00, 0.00, 0.00, 0.00, 0.00, 0.00, 1.00
20,  0,  0.634,  0.98,  1,  -0.021571,  -0.056905,  -0.998147,  -0.084297,  0.007812,  -0.996410,  -0.053,  -0.025,  531.6,  534.8,  544.5,  554.9,  559.9,  557.6,  547.0,  536.6,  521.3,  525.7,  534.1,  546.2,  558.8,  568.0,  574.4,  567.8,  557.6,  546.6,  536.6,  527.7,  542.3,  546.6,  550.7,  552.0,  549.9,  545.6,  541.6,  540.2,  675.1,  678.2,  688.8,  700.6,  706.8,  703.7,  693.1,  680.4,  664.8,  672.0,  681.8,  694.1,  705.3,  713.2,  718.4,  712.9,  705.7,  696.3,  685.1,  673.9,  685.3,  691.3,  696.7,  698.3,  695.2,  689.1,  683.8,  682.2,  295.0,  284.1,  278.9,  282.2,  292.3,  303.8,  308.4,  305.0,  303.8,  295.8,  290.2,  286.3,  287.2,  291.6,  298.3,  303.9,  307.2,  309.5,  309.9,  308.4,  298.5,  299.9,  297.8,  293.2,  289.1,  287.6,  289.8,  294.3,  289.9,  277.6,  271.8,  275.9,  287.6,  300.0,  305.8,  302.7,  295.6,  286.9,  281.6,  279.9,  282.9,  287.7,  294.9,  298.8,  300.9,  301.7,  300.7,  299.2,  295.8,  298.0,  295.1,  288.8,  282.9,  280.7,  283.6,  289.9,  -42.3,  -41.0,  -37.2,  -33.1,  -31.1,  -32.0,  -36.1,  -40.3,  -46.9,  -44.8,  -41.2,  -36.3,  -31.4,  -28.0,  -25.6,  -28.1,  -32.0,  -36.2,  -40.3,  -44.1,  -38.1,  -36.4,  -34.8,  -34.3,  -35.1,  -36.8,  -38.4,  -39.0,  12.5,  13.7,  17.6,  22.0,  24.2,  23.0,  19.1,  14.4,  8.8,  11.4,  14.9,  19.4,  23.5,  26.6,  28.8,  26.5,  23.6,  20.1,  16.1,  12.1,  16.3,  18.5,  20.5,  21.1,  20.0,  17.8,  15.8,  15.2,  -25.4,  -29.6,  -31.6,  -30.2,  -26.3,  -21.8,  -20.1,  -21.4,  -22.2,  -25.1,  -27.1,  -28.5,  -28.2,  -26.6,  -24.1,  -21.8,  -20.5,  -19.6,  -19.5,  -20.3,  -24.0,  -23.4,  -24.2,  -26.0,  -27.6,  -28.2,  -27.4,  -25.6,  -25.0,  -29.6,  -31.9,  -30.5,  -26.2,  -21.6,  -19.4,  -20.5,  -23.0,  -26.1,  -28.0,  -28.7,  -27.8,  -26.3,  -23.9,  -22.2,  -21.3,  -20.8,  -21.1,  -21.7,  -23.1,  -22.3,  -23.4,  -25.8,  -27.9,  -28.6,  -27.5,  -25.2,  341.4,  341.4,  340.8,  340.0,  339.4,  339.6,  340.0,  340.8,  346.0,  342.9,  340.1,  338.3,  338.7,  340.1,  341.7,  340.4,  339.2,  339.4,  340.9,  343.3,  341.4,  341.0,  340.8,  340.8,  341.0,  341.3,  341.6,  341.6,  312.8,  314.1,  315.9,  317.0,  316.8,  315.4,  313.7,  312.7,  312.5,  312.1,  312.2,  313.1,  315.4,  318.1,  320.9,  317.6,  314.5,  312.1,  311.3,  311.7,  314.4,  315.0,  315.9,  316.6,  316.7,  316.1,  315.2,  314.5,  -5.2,  11.2,  355.4,  -0.137,  0.039,  -0.070,  455.4,  461.0,  470.9,  482.5,  501.3,  528.7,  560.8,  599.4,  644.7,  689.8,  728.5,  758.8,  778.0,  786.5,  789.5,  790.2,  788.5,  479.3,  496.1,  524.2,  554.5,  583.8,  648.3,  679.2,  710.2,  739.8,  759.0,  620.2,  621.1,  622.0,  623.1,  592.2,  609.1,  626.2,  643.9,  660.0,  519.1,  535.6,  557.5,  576.4,  557.6,  535.7,  663.6,  681.9,  703.7,  721.3,  705.6,  684.3,  570.3,  591.0,  612.5,  629.2,  647.6,  671.4,  694.9,  672.8,  650.5,  630.7,  613.4,  592.1,  580.0,  613.6,  630.1,  649.3,  683.7,  648.8,  629.8,  613.3,  324.3,  371.4,  418.3,  463.2,  503.7,  538.3,  565.1,  581.2,  582.0,  573.0,  550.5,  520.0,  482.9,  440.0,  395.0,  349.4,  304.7,  285.7,  259.9,  247.4,  248.1,  255.7,  252.5,  242.7,  240.5,  248.9,  271.4,  285.7,  310.3,  334.7,  360.4,  394.7,  398.1,  401.0,  395.6,  389.5,  303.8,  290.0,  288.2,  300.2,  306.0,  308.5,  296.7,  282.3,  282.6,  294.2,  299.8,  300.0,  465.1,  446.2,  437.9,  441.1,  436.0,  443.1,  457.2,  467.9,  472.0,  474.4,  474.3,  471.7,  463.1,  453.2,  453.3,  450.6,  456.7,  452.1,  455.0,  454.7,  -89.9,  -86.9,  -81.7,  -75.2,  -64.6,  -50.4,  -34.6,  -16.9,  1.9,  20.7,  38.3,  53.2,  63.0,  67.2,  68.6,  68.8,  68.6,  -70.8,  -62.3,  -49.2,  -35.7,  -23.2,  3.4,  16.4,  29.7,  42.8,  51.9,  -8.0,  -7.5,  -7.0,  -6.4,  -19.0,  -12.1,  -5.4,  1.5,  7.9,  -51.8,  -44.4,  -35.0,  -26.9,  -34.7,  -44.1,  10.0,  17.7,  27.0,  34.7,  27.6,  18.6,  -28.7,  -19.4,  -10.7,  -4.2,  3.0,  12.4,  22.5,  12.9,  4.0,  -3.6,  -10.3,  -18.9,  -24.5,  -10.3,  -3.8,  3.6,  17.7,  3.4,  -3.9,  -10.4,  -17.4,  5.6,  28.1,  49.3,  67.0,  80.8,  89.4,  92.1,  90.8,  88.5,  82.5,  71.7,  56.1,  36.7,  16.0,  -4.8,  -25.6,  -32.7,  -43.3,  -47.8,  -46.7,  -43.0,  -44.2,  -48.9,  -50.6,  -47.7,  -38.6,  -30.3,  -19.7,  -9.8,  0.2,  13.8,  15.0,  15.9,  13.9,  11.6,  -24.1,  -29.8,  -30.4,  -25.2,  -22.8,  -21.8,  -26.8,  -32.8,  -32.8,  -28.1,  -25.4,  -25.3,  43.2,  34.1,  30.4,  31.6,  29.6,  33.0,  39.8,  42.5,  43.2,  44.0,  44.2,  44.0,  42.0,  36.5,  36.4,  35.4,  39.2,  35.8,  36.9,  36.9,  426.3,  424.9,  422.5,  417.6,  407.8,  396.4,  381.6,  364.3,  357.9,  363.5,  379.1,  391.8,  399.3,  401.3,  401.4,  400.8,  404.2,  385.7,  378.6,  371.7,  365.5,  360.6,  359.7,  364.9,  370.3,  375.5,  381.4,  356.2,  347.2,  338.0,  329.0,  347.8,  343.4,  340.0,  341.7,  344.8,  374.7,  372.1,  370.7,  369.6,  368.7,  370.1,  369.7,  369.8,  370.7,  373.2,  369.0,  368.1,  359.8,  346.2,  341.8,  340.6,  341.1,  347.2,  358.3,  344.6,  337.5,  336.4,  338.2,  344.9,  356.7,  342.4,  341.1,  342.3,  354.8,  340.5,  339.3,  341.1,  2.391,  -0.069,  0.072,  -0.069,  627.558,  389.174,  5.908,  20.692,  -11.478,  6.178,  -15.293,  4.988,  -0.388,  -0.822,  8.667,  -4.121,  -9.560,  1.993,  -2.265,  -2.588,  4.348,  1.400,  0.581,  -0.055,  0.666,  -4.605,  -2.498,  -0.584,  -0.709,  -1.190,  1.405,  1.084,  -0.605,  -0.574,  0.089,  -0.933,  -0.321,  0.118,  -0.574,  0.243, 0.00, 0.00, 0.00, 0.00, 0.00, 0.00, 0.00, 0.00, 0.00, 0.01, 0.37, 1.11, 0.09, 1.03, 0.00, 0.00, 0.13, 0.00, 0.00, 0.00, 1.00, 0.00, 0.00, 0.00, 0.00, 0.00, 0.00, 1.00, 1.00, 0.00, 0.00, 0.00, 0.00, 0.00, 0.00
21,  0,  0.667,  0.98,  1,  -0.019907,  -0.043560,  -0.998852,  -0.085188,  0.027820,  -0.995976,  -0.053,  -0.008,  531.2,  534.6,  544.3,  554.6,  559.6,  557.2,  546.6,  536.2,  521.2,  525.6,  534.0,  545.9,  558.5,  567.8,  574.3,  567.6,  557.1,  546.0,  536.0,  527.2,  542.0,  546.3,  550.3,  551.7,  549.7,  545.4,  541.4,  540.0,  674.6,  677.9,  688.7,  700.8,  706.9,  703.7,  692.8,  679.9,  664.8,  671.8,  681.4,  693.7,  705.1,  713.3,  719.0,  713.3,  705.8,  696.1,  684.8,  673.8,  685.0,  691.2,  696.8,  698.5,  695.3,  689.1,  683.5,  681.8,  295.4,  284.7,  279.3,  282.5,  292.4,  303.9,  308.5,  305.3,  304.3,  296.1,  290.2,  286.3,  287.4,  291.9,  298.6,  303.7,  306.4,  308.6,  309.3,  308.3,  299.0,  300.3,  298.1,  293.6,  289.5,  288.2,  290.4,  294.9,  289.7,  277.7,  272.3,  276.6,  288.2,  300.2,  305.6,  302.3,  295.9,  287.0,  281.4,  279.5,  282.5,  287.7,  295.3,  298.3,  299.7,  300.2,  299.5,  298.6,  296.0,  298.2,  295.5,  289.3,  283.4,  281.1,  283.9,  290.0,  -42.7,  -41.4,  -37.5,  -33.4,  -31.3,  -32.3,  -36.4,  -40.6,  -47.2,  -45.1,  -41.5,  -36.6,  -31.8,  -28.2,  -25.8,  -28.3,  -32.3,  -36.6,  -40.7,  -44.5,  -38.4,  -36.7,  -35.1,  -34.6,  -35.4,  -37.1,  -38.7,  -39.3,  12.5,  13.7,  17.7,  22.1,  24.4,  23.0,  19.0,  14.3,  8.9,  11.4,  14.9,  19.4,  23.6,  26.8,  29.1,  26.7,  23.8,  20.1,  16.0,  12.1,  16.3,  18.5,  20.6,  21.3,  20.1,  17.9,  15.8,  15.1,  -25.3,  -29.6,  -31.6,  -30.3,  -26.4,  -21.9,  -20.1,  -21.4,  -22.1,  -25.2,  -27.3,  -28.7,  -28.3,  -26.6,  -24.1,  -22.0,  -20.9,  -20.0,  -19.9,  -20.4,  -23.9,  -23.4,  -24.2,  -26.0,  -27.6,  -28.2,  -27.3,  -25.6,  -25.3,  -29.8,  -31.9,  -30.4,  -26.1,  -21.7,  -19.6,  -20.7,  -23.0,  -26.2,  -28.3,  -29.0,  -28.1,  -26.4,  -23.8,  -22.5,  -21.8,  -21.5,  -21.6,  -22.0,  -23.1,  -22.4,  -23.4,  -25.7,  -27.9,  -28.7,  -27.6,  -25.3,  343.3,  343.7,  343.2,  342.1,  341.1,  340.9,  341.3,  342.3,  347.9,  345.1,  342.4,  340.7,  340.8,  342.0,  343.3,  341.9,  340.6,  340.9,  342.5,  345.0,  343.0,  342.6,  342.4,  342.5,  342.9,  343.4,  343.6,  343.4,  314.8,  316.5,  318.2,  319.0,  318.4,  316.7,  315.0,  314.3,  314.7,  314.5,  314.6,  315.4,  317.4,  320.0,  322.4,  319.2,  316.1,  313.9,  313.2,  313.7,  316.2,  316.5,  317.4,  318.3,  318.6,  318.2,  317.4,  316.5,  -5.2,  11.3,  354.7,  -0.133,  0.036,  -0.072,  455.0,  460.8,  470.9,  482.7,  501.8,  529.2,  560.9,  598.9,  643.9,  689.0,  727.8,  758.4,  777.9,  786.6,  789.6,  790.2,  788.2,  479.1,  495.6,  523.9,  554.4,  583.7,  647.9,  678.8,  709.8,  739.5,  758.7,  620.1,  621.1,  622.1,  623.3,  592.2,  609.1,  626.4,  644.2,  660.4,  518.7,  535.3,  557.1,  576.2,  557.3,  535.4,  663.5,  681.8,  703.6,  721.2,  705.5,  684.2,  570.4,  591.3,  613.0,  629.6,  648.0,  671.8,  695.4,  673.2,  650.8,  631.1,  613.8,  592.4,  580.1,  614.0,  630.5,  649.7,  684.2,  649.1,  630.2,  613.7,  324.1,  371.5,  418.6,  463.7,  504.2,  538.6,  565.2,  581.5,  582.6,  573.9,  551.4,  520.7,  483.1,  439.8,  394.4,  348.7,  303.8,  286.2,  260.3,  247.7,  248.4,  255.9,  252.6,  242.7,  240.3,  248.7,  271.3,  285.7,  310.5,  335.2,  361.1,  395.0,  398.4,  401.3,  395.9,  389.7,  303.8,  290.0,  288.2,  300.1,  305.8,  308.4,  296.4,  282.0,  282.2,  293.8,  299.4,  299.5,  465.2,  446.5,  438.1,  441.4,  436.3,  443.3,  457.1,  467.9,  472.1,  474.5,  474.3,  471.8,  463.3,  453.4,  453.6,  450.9,  456.7,  452.2,  455.1,  454.7,  -89.9,  -86.8,  -81.5,  -74.9,  -64.3,  -50.1,  -34.5,  -17.1,  1.6,  20.3,  38.0,  53.1,  63.0,  67.3,  68.6,  68.8,  68.5,  -70.8,  -62.3,  -49.2,  -35.7,  -23.1,  3.3,  16.1,  29.5,  42.6,  51.6,  -8.1,  -7.5,  -6.9,  -6.2,  -19.0,  -12.1,  -5.3,  1.6,  8.0,  -51.8,  -44.4,  -35.0,  -26.9,  -34.8,  -44.1,  9.9,  17.6,  26.9,  34.6,  27.5,  18.5,  -28.6,  -19.2,  -10.5,  -4.0,  3.1,  12.6,  22.7,  13.1,  4.2,  -3.4,  -10.1,  -18.7,  -24.4,  -10.2,  -3.7,  3.8,  17.9,  3.5,  -3.8,  -10.2,  -17.5,  5.6,  28.2,  49.4,  67.1,  80.8,  89.4,  92.2,  91.0,  88.8,  82.9,  72.0,  56.2,  36.6,  15.8,  -5.2,  -25.9,  -32.5,  -43.1,  -47.6,  -46.5,  -42.8,  -44.1,  -48.8,  -50.6,  -47.7,  -38.6,  -30.2,  -19.6,  -9.6,  0.4,  13.9,  15.0,  16.0,  14.0,  11.7,  -24.0,  -29.7,  -30.3,  -25.2,  -22.8,  -21.8,  -26.8,  -32.9,  -32.9,  -28.2,  -25.5,  -25.4,  43.2,  34.2,  30.5,  31.6,  29.7,  33.0,  39.7,  42.4,  43.1,  43.9,  44.1,  44.0,  42.1,  36.5,  36.4,  35.5,  39.2,  35.8,  36.8,  36.8,  425.3,  424.0,  421.6,  416.7,  407.1,  395.8,  381.3,  364.2,  357.8,  363.4,  379.1,  392.0,  399.5,  401.5,  401.5,  400.8,  404.2,  385.0,  377.8,  371.0,  364.7,  359.8,  358.9,  364.1,  369.5,  374.8,  380.7,  355.4,  346.3,  337.0,  328.0,  346.9,  342.4,  338.9,  340.7,  343.9,  373.9,  371.2,  369.8,  368.7,  367.8,  369.2,  368.8,  369.0,  369.8,  372.4,  368.2,  367.3,  359.4,  345.7,  341.1,  339.9,  340.4,  346.7,  358.0,  344.0,  336.8,  335.7,  337.5,  344.3,  356.2,  341.8,  340.5,  341.7,  354.5,  339.8,  338.6,  340.4,  2.395,  -0.065,  0.068,  -0.071,  627.560,  389.283,  6.985,  19.858,  -10.692,  6.987,  -15.472,  5.821,  -0.396,  -1.274,  8.312,  -4.492,  -9.412,  2.391,  -1.767,  -2.722,  4.042,  0.933,  0.868,  -0.624,  0.660,  -4.661,  -2.204,  -0.496,  -0.304,  -0.974,  1.655,  1.058,  -0.647,  -0.394,  0.099,  -1.021,  -0.087,  0.141,  -0.404,  0.217, 0.00, 0.00, 0.00, 0.00, 0.00, 0.00, 0.00, 0.00, 0.00, 0.01, 0.42, 1.24, 0.06, 1.03, 0.00, 0.00, 0.01, 0.00, 0.00, 0.00, 1.00, 0.00, 0.00, 0.00, 0.00, 0.00, 0.00, 1.00, 1.00, 0.00, 0.00, 0.00, 0.00, 0.00, 0.00
22,  0,  0.701,  0.98,  1,  -0.029627,  -0.035162,  -0.998942,  -0.060283,  0.050173,  -0.996920,  -0.045,  0.008,  530.6,  534.1,  544.0,  554.4,  559.3,  556.7,  546.0,  535.5,  520.5,  525.0,  533.7,  545.6,  558.2,  567.7,  574.3,  567.7,  557.2,  546.0,  535.7,  526.6,  541.4,  545.8,  549.9,  551.4,  549.3,  545.0,  540.9,  539.4,  676.1,  679.6,  690.2,  701.6,  707.3,  703.8,  693.2,  680.8,  665.2,  672.2,  681.6,  693.7,  705.1,  713.5,  719.3,  713.6,  705.9,  696.0,  684.9,  674.0,  685.6,  691.9,  697.8,  699.7,  696.6,  690.3,  684.5,  682.5,  295.2,  284.5,  279.3,  282.6,  292.5,  304.0,  308.4,  305.2,  304.0,  295.3,  289.1,  285.3,  286.7,  291.7,  298.9,  304.0,  306.6,  308.6,  309.3,  308.3,  298.9,  300.3,  298.1,  293.6,  289.5,  288.1,  290.3,  294.8,  289.9,  278.3,  273.2,  277.5,  288.7,  300.2,  305.4,  302.1,  295.6,  287.0,  281.2,  278.8,  281.5,  286.9,  294.7,  298.3,  300.1,  300.8,  300.2,  299.0,  296.3,  298.7,  295.9,  289.6,  283.4,  281.0,  283.8,  290.2,  -42.5,  -41.2,  -37.3,  -33.1,  -31.1,  -32.1,  -36.3,  -40.4,  -47.1,  -44.9,  -41.2,  -36.4,  -31.6,  -28.0,  -25.5,  -28.0,  -31.9,  -36.3,  -40.4,  -44.3,  -38.2,  -36.5,  -34.9,  -34.3,  -35.2,  -36.9,  -38.5,  -39.1,  13.2,  14.5,  18.5,  22.8,  24.8,  23.4,  19.5,  14.9,  9.2,  11.8,  15.2,  19.6,  24.0,  27.3,  29.7,  27.3,  24.2,  20.4,  16.3,  12.4,  16.7,  19.1,  21.3,  22.0,  20.9,  18.5,  16.4,  15.6,  -25.1,  -29.3,  -31.3,  -30.0,  -26.1,  -21.6,  -19.9,  -21.2,  -22.0,  -25.2,  -27.5,  -28.8,  -28.3,  -26.4,  -23.8,  -21.7,  -20.6,  -19.8,  -19.6,  -20.2,  -23.7,  -23.1,  -24.0,  -25.7,  -27.3,  -27.9,  -27.1,  -25.3,  -25.6,  -30.0,  -32.0,  -30.5,  -26.3,  -22.0,  -20.0,  -21.1,  -23.5,  -26.7,  -28.8,  -29.7,  -28.9,  -27.1,  -24.5,  -22.8,  -22.0,  -21.6,  -21.8,  -22.2,  -23.3,  -22.5,  -23.6,  -26.0,  -28.3,  -29.1,  -28.0,  -25.6,  339.7,  340.1,  339.6,  338.6,  337.6,  337.4,  337.6,  338.7,  344.4,  341.7,  339.0,  337.4,  337.6,  338.8,  340.2,  338.7,  337.4,  337.5,  339.0,  341.6,  339.4,  339.0,  338.8,  339.0,  339.4,  339.8,  340.0,  339.8,  319.6,  321.0,  322.5,  323.2,  322.8,  321.4,  320.0,  319.3,  320.1,  319.6,  319.4,  320.1,  322.1,  324.8,  327.6,  324.0,  321.0,  318.9,  318.3,  318.9,  320.9,  321.3,  322.1,  322.9,  323.1,  322.7,  321.9,  321.1,  -5.1,  11.1,  354.6,  -0.130,  0.037,  -0.075,  455.0,  460.8,  471.0,  482.9,  501.9,  529.5,  561.6,  600.3,  645.4,  690.2,  728.7,  759.1,  778.2,  786.7,  789.6,  790.1,  787.9,  478.2,  495.1,  523.0,  553.1,  582.0,  649.0,  679.6,  710.1,  739.5,  758.8,  620.1,  621.2,  622.4,  623.8,  592.8,  609.8,  626.9,  644.6,  660.7,  518.4,  534.9,  557.1,  576.2,  557.2,  535.0,  663.5,  681.7,  703.8,  721.6,  705.9,  684.4,  571.0,  592.0,  613.5,  630.2,  648.5,  672.2,  695.8,  673.8,  651.5,  631.8,  614.5,  593.1,  580.7,  614.6,  631.1,  650.2,  684.6,  649.7,  630.8,  614.3,  324.3,  371.5,  418.3,  463.2,  503.7,  538.3,  565.2,  581.7,  582.5,  573.5,  551.0,  520.5,  482.9,  439.3,  393.6,  347.4,  302.2,  283.4,  258.1,  246.2,  247.3,  255.1,  251.6,  241.5,  238.7,  246.5,  268.4,  285.8,  310.8,  335.5,  361.5,  395.4,  399.0,  401.8,  396.2,  389.9,  303.5,  289.3,  287.6,  300.1,  306.0,  308.6,  296.3,  281.6,  281.6,  293.4,  299.4,  299.7,  465.4,  446.6,  438.3,  441.5,  436.4,  443.3,  457.1,  467.7,  471.7,  474.1,  474.0,  471.6,  463.4,  453.6,  453.7,  450.9,  456.6,  452.1,  455.0,  454.7,  -89.8,  -86.7,  -81.3,  -74.7,  -64.2,  -50.0,  -34.2,  -16.5,  2.2,  20.8,  38.4,  53.3,  63.0,  67.2,  68.5,  68.6,  68.1,  -71.0,  -62.5,  -49.5,  -36.2,  -23.8,  3.7,  16.4,  29.6,  42.5,  51.6,  -8.1,  -7.4,  -6.8,  -6.1,  -18.7,  -11.8,  -5.1,  1.8,  8.1,  -52.0,  -44.6,  -35.0,  -26.9,  -34.8,  -44.3,  9.9,  17.6,  27.0,  34.7,  27.7,  18.6,  -28.3,  -19.0,  -10.3,  -3.8,  3.3,  12.8,  22.8,  13.3,  4.4,  -3.1,  -9.8,  -18.4,  -24.1,  -9.9,  -3.5,  4.0,  18.0,  3.8,  -3.5,  -10.0,  -17.3,  5.6,  28.0,  49.1,  66.8,  80.6,  89.5,  92.3,  90.9,  88.6,  82.7,  71.8,  56.0,  36.3,  15.4,  -5.7,  -26.6,  -33.7,  -43.9,  -48.2,  -46.9,  -43.1,  -44.4,  -49.2,  -51.1,  -48.6,  -39.8,  -30.1,  -19.5,  -9.4,  0.6,  14.1,  15.3,  16.2,  14.1,  11.8,  -24.2,  -30.0,  -30.6,  -25.2,  -22.7,  -21.7,  -26.8,  -33.1,  -33.1,  -28.3,  -25.5,  -25.3,  43.3,  34.2,  30.5,  31.7,  29.7,  33.0,  39.7,  42.3,  43.0,  43.8,  44.0,  43.9,  42.1,  36.6,  36.5,  35.5,  39.1,  35.8,  36.8,  36.8,  424.6,  423.4,  421.0,  416.2,  406.8,  395.7,  381.4,  364.3,  357.6,  363.1,  378.7,  391.7,  399.1,  400.7,  400.5,  399.6,  402.6,  384.3,  377.2,  370.4,  364.2,  359.5,  358.2,  363.5,  368.9,  374.3,  380.3,  355.1,  346.2,  337.0,  328.2,  347.0,  342.7,  339.2,  340.9,  344.0,  373.8,  371.0,  369.6,  368.5,  367.6,  369.1,  368.6,  368.8,  369.7,  372.3,  368.1,  367.0,  359.3,  345.6,  341.2,  340.0,  340.5,  346.7,  358.0,  344.0,  336.7,  335.7,  337.5,  344.2,  356.1,  341.8,  340.5,  341.7,  354.4,  339.8,  338.7,  340.4,  2.397,  -0.062,  0.069,  -0.073,  627.842,  388.914,  4.733,  19.864,  -11.986,  6.569,  -15.019,  5.796,  -1.342,  0.076,  7.607,  -4.985,  -9.508,  2.309,  -2.724,  -3.033,  5.057,  0.834,  1.037,  -0.735,  0.364,  -4.483,  -2.998,  -0.574,  -1.004,  -1.226,  1.662,  1.027,  -1.034,  -0.282,  0.215,  -1.008,  -0.146,  0.028,  -0.476,  0.233, 0.00, 0.00, 0.00, 0.00, 0.00, 0.00, 0.00, 0.00, 0.00, 0.03, 0.42, 1.36, 0.16, 1.10, 0.00, 0.00, 0.00, 0.00, 0.00, 0.00, 1.00, 0.00, 0.00, 0.00, 0.00, 0.00, 0.00, 1.00, 1.00, 0.00, 0.00, 0.00, 0.00, 0.00, 0.00
23,  0,  0.734,  0.98,  1,  -0.031286,  -0.007089,  -0.999485,  -0.042646,  0.045656,  -0.998047,  -0.037,  0.019,  530.0,  533.4,  543.2,  553.8,  558.8,  556.3,  545.6,  535.1,  519.0,  523.6,  532.7,  545.3,  558.3,  567.9,  574.7,  568.0,  557.2,  545.5,  534.5,  525.1,  540.7,  545.3,  549.6,  551.1,  548.9,  544.3,  540.0,  538.5,  676.7,  680.2,  690.7,  702.0,  707.5,  704.0,  693.5,  681.3,  664.8,  671.9,  681.2,  693.3,  704.9,  713.8,  720.1,  714.1,  706.0,  695.7,  684.5,  673.5,  686.2,  692.4,  698.0,  700.0,  697.0,  690.9,  685.2,  683.3,  295.0,  284.4,  279.1,  282.3,  292.1,  303.5,  308.1,  304.9,  303.7,  294.7,  288.2,  284.3,  286.2,  291.5,  298.6,  302.9,  304.7,  306.5,  307.7,  307.3,  298.8,  300.2,  297.9,  293.3,  289.0,  287.6,  289.9,  294.6,  288.5,  277.3,  272.3,  276.5,  287.5,  298.7,  303.6,  300.4,  294.7,  286.5,  280.6,  277.9,  280.3,  285.7,  293.3,  297.4,  299.3,  300.0,  299.4,  298.4,  294.8,  297.1,  294.4,  288.3,  282.4,  280.1,  282.8,  288.9,  -42.0,  -40.8,  -37.0,  -32.9,  -30.8,  -31.8,  -35.9,  -40.0,  -47.0,  -44.8,  -41.0,  -36.0,  -31.1,  -27.5,  -25.1,  -27.5,  -31.5,  -35.9,  -40.3,  -44.2,  -37.9,  -36.1,  -34.5,  -33.9,  -34.8,  -36.6,  -38.2,  -38.8,  13.5,  14.8,  18.8,  23.0,  25.0,  23.6,  19.6,  15.1,  9.1,  11.7,  15.1,  19.6,  24.0,  27.5,  30.1,  27.5,  24.3,  20.4,  16.3,  12.3,  17.0,  19.3,  21.4,  22.2,  21.1,  18.8,  16.7,  15.9,  -24.8,  -28.9,  -30.9,  -29.6,  -25.8,  -21.4,  -19.7,  -21.0,  -21.9,  -25.1,  -27.4,  -28.8,  -28.1,  -26.1,  -23.6,  -21.8,  -21.0,  -20.3,  -20.0,  -20.3,  -23.3,  -22.8,  -23.7,  -25.4,  -27.1,  -27.7,  -26.8,  -25.0,  -26.2,  -30.5,  -32.4,  -30.9,  -26.8,  -22.6,  -20.7,  -21.8,  -24.0,  -27.0,  -29.1,  -30.2,  -29.4,  -27.7,  -25.0,  -23.3,  -22.3,  -21.9,  -22.1,  -22.6,  -24.0,  -23.2,  -24.2,  -26.5,  -28.7,  -29.6,  -28.5,  -26.2,  334.2,  334.5,  334.2,  333.3,  332.4,  332.2,  332.4,  333.3,  339.9,  337.0,  334.2,  332.5,  332.9,  334.2,  335.7,  334.0,  332.7,  332.8,  334.2,  336.7,  334.0,  333.6,  333.5,  333.6,  334.0,  334.4,  334.6,  334.4,  321.1,  322.4,  323.8,  324.3,  323.7,  322.4,  321.0,  320.6,  321.9,  321.2,  320.8,  321.4,  323.3,  325.9,  328.8,  325.0,  322.1,  320.2,  319.7,  320.5,  322.1,  322.4,  323.2,  323.9,  324.2,  323.9,  323.2,  322.5,  -5.1,  10.7,  352.8,  -0.122,  0.035,  -0.076,  454.7,  460.7,  471.1,  483.4,  502.7,  530.2,  562.0,  600.2,  645.1,  689.6,  728.2,  758.7,  778.0,  786.5,  789.5,  790.0,  787.7,  476.6,  493.9,  521.6,  551.3,  579.8,  650.2,  680.4,  710.6,  739.7,  759.1,  620.0,  621.2,  622.4,  623.9,  592.9,  609.9,  627.1,  644.7,  660.7,  517.5,  534.2,  556.7,  576.2,  556.8,  534.2,  663.0,  681.5,  703.9,  722.0,  706.1,  684.2,  571.1,  592.3,  613.9,  630.5,  648.7,  672.3,  695.9,  673.9,  651.7,  632.2,  614.9,  593.3,  580.8,  615.0,  631.5,  650.5,  684.6,  650.0,  631.2,  614.8,  323.8,  371.2,  418.2,  463.3,  504.0,  538.5,  565.2,  581.6,  582.4,  573.4,  550.6,  519.9,  482.1,  438.3,  392.5,  346.4,  301.4,  278.9,  254.5,  243.4,  245.0,  253.1,  248.9,  238.8,  235.6,  243.0,  264.4,  285.2,  310.5,  335.5,  361.7,  395.4,  399.0,  401.9,  396.3,  390.0,  302.5,  288.3,  286.6,  299.3,  305.3,  307.8,  295.5,  280.6,  280.5,  292.2,  298.5,  298.9,  465.0,  446.6,  438.1,  441.4,  436.1,  443.0,  456.3,  467.1,  471.3,  473.9,  473.8,  471.2,  463.1,  453.5,  453.6,  450.8,  456.0,  451.6,  454.6,  454.3,  -89.4,  -86.3,  -80.8,  -74.1,  -63.5,  -49.5,  -33.9,  -16.5,  2.1,  20.5,  38.0,  53.0,  62.8,  66.9,  68.2,  68.2,  67.7,  -71.3,  -62.6,  -49.8,  -36.7,  -24.5,  4.1,  16.6,  29.6,  42.4,  51.6,  -8.1,  -7.4,  -6.7,  -6.0,  -18.6,  -11.7,  -5.0,  1.8,  8.1,  -52.1,  -44.6,  -35.0,  -26.7,  -34.8,  -44.4,  9.6,  17.4,  26.9,  34.7,  27.7,  18.5,  -28.2,  -18.8,  -10.1,  -3.7,  3.4,  12.7,  22.8,  13.3,  4.5,  -3.0,  -9.6,  -18.3,  -24.0,  -9.7,  -3.3,  4.1,  18.0,  3.9,  -3.4,  -9.8,  -17.5,  5.4,  27.9,  48.9,  66.7,  80.4,  89.1,  92.0,  90.6,  88.2,  82.2,  71.4,  55.5,  35.7,  14.8,  -6.2,  -26.9,  -35.4,  -45.2,  -49.0,  -47.5,  -43.6,  -45.0,  -50.0,  -52.1,  -49.8,  -41.4,  -30.2,  -19.5,  -9.4,  0.6,  14.0,  15.2,  16.1,  14.1,  11.7,  -24.5,  -30.2,  -30.8,  -25.4,  -22.8,  -21.9,  -27.0,  -33.3,  -33.4,  -28.7,  -25.7,  -25.5,  42.9,  34.0,  30.3,  31.5,  29.5,  32.7,  39.3,  41.9,  42.6,  43.5,  43.6,  43.5,  41.8,  36.3,  36.2,  35.3,  38.7,  35.4,  36.4,  36.5,  422.3,  421.2,  418.7,  414.1,  405.1,  394.2,  380.2,  363.2,  356.4,  361.8,  377.6,  390.8,  398.0,  399.3,  399.0,  398.0,  401.0,  382.1,  374.9,  367.9,  361.5,  356.6,  354.8,  360.6,  366.4,  372.5,  378.9,  352.9,  344.0,  334.7,  325.8,  345.0,  340.6,  337.2,  338.9,  342.1,  372.1,  369.0,  367.5,  366.5,  365.6,  367.2,  366.4,  366.8,  367.8,  370.7,  366.2,  365.0,  357.8,  343.9,  339.3,  338.2,  338.6,  345.1,  356.7,  342.2,  335.0,  334.0,  335.7,  342.5,  354.6,  340.2,  338.8,  340.0,  353.0,  338.1,  336.9,  338.7,  2.409,  -0.055,  0.066,  -0.075,  627.791,  388.100,  5.156,  19.678,  -11.875,  8.054,  -13.285,  6.420,  -2.222,  1.256,  5.599,  -5.143,  -8.977,  2.247,  -3.412,  -3.569,  6.523,  0.403,  1.481,  -1.561,  -0.629,  -4.873,  -2.845,  -0.868,  -1.151,  -1.254,  2.017,  1.056,  -0.791,  -0.205,  0.084,  -1.082,  0.110,  0.012,  -0.414,  0.135, 0.00, 0.05, 0.00, 0.00, 0.00, 0.00, 0.00, 0.00, 0.00, 0.02, 0.37, 1.45, 0.18, 1.07, 0.00, 0.00, 0.00, 0.00, 0.00, 0.00, 1.00, 0.00, 0.00, 0.00, 0.00, 0.00, 0.00, 1.00, 1.00, 0.00, 0.00, 0.00, 0.00, 0.00, 0.00
24,  0,  0.767,  0.98,  1,  -0.032083,  0.010898,  -0.999426,  -0.023764,  0.030863,  -0.999241,  -0.028,  0.021,  530.1,  533.4,  543.2,  553.6,  558.6,  556.2,  545.5,  535.1,  519.2,  523.1,  531.9,  544.8,  558.4,  568.4,  575.5,  568.3,  557.2,  545.3,  534.3,  525.1,  540.7,  545.3,  549.7,  551.2,  548.9,  544.3,  539.9,  538.4,  677.3,  680.8,  691.1,  702.4,  707.9,  704.5,  694.1,  682.0,  665.2,  671.9,  681.1,  693.0,  704.7,  713.9,  720.4,  714.4,  706.0,  695.6,  684.3,  673.4,  687.2,  693.0,  698.2,  700.0,  697.2,  691.5,  686.2,  684.5,  294.8,  284.0,  278.9,  282.4,  292.5,  303.9,  308.3,  304.8,  302.6,  294.1,  287.9,  284.1,  286.1,  291.4,  298.5,  302.8,  304.8,  306.5,  307.5,  306.7,  298.7,  300.2,  297.9,  293.2,  288.7,  287.1,  289.4,  294.2,  287.2,  276.4,  271.6,  275.6,  286.1,  297.0,  301.8,  298.8,  293.9,  286.0,  280.2,  277.4,  279.7,  284.9,  292.4,  296.1,  297.8,  298.4,  298.0,  297.4,  293.0,  295.1,  292.7,  287.2,  281.8,  279.8,  282.2,  287.7,  -41.1,  -39.8,  -36.1,  -32.1,  -30.2,  -31.1,  -35.2,  -39.1,  -46.1,  -44.1,  -40.3,  -35.3,  -30.3,  -26.7,  -24.2,  -26.8,  -30.8,  -35.3,  -39.6,  -43.4,  -37.1,  -35.3,  -33.7,  -33.1,  -33.9,  -35.7,  -37.4,  -37.9,  14.0,  15.3,  19.3,  23.6,  25.6,  24.2,  20.2,  15.7,  9.5,  12.0,  15.4,  19.9,  24.4,  28.0,  30.7,  28.2,  24.7,  20.7,  16.5,  12.5,  17.7,  19.9,  21.9,  22.6,  21.6,  19.4,  17.4,  16.7,  -24.4,  -28.4,  -30.2,  -28.8,  -25.0,  -20.8,  -19.2,  -20.6,  -21.9,  -24.9,  -26.9,  -28.1,  -27.4,  -25.6,  -23.0,  -21.3,  -20.5,  -19.9,  -19.6,  -20.1,  -22.9,  -22.3,  -23.1,  -24.9,  -26.6,  -27.2,  -26.4,  -24.6,  -27.3,  -31.5,  -33.4,  -31.9,  -27.9,  -23.7,  -21.8,  -22.9,  -24.8,  -27.7,  -29.9,  -31.0,  -30.3,  -28.5,  -25.9,  -24.2,  -23.3,  -23.0,  -23.1,  -23.4,  -25.1,  -24.4,  -25.3,  -27.5,  -29.5,  -30.3,  -29.3,  -27.2,  326.9,  326.6,  325.8,  324.9,  324.5,  325.0,  325.6,  326.5,  333.6,  330.0,  326.6,  324.3,  324.5,  326.1,  327.9,  326.5,  325.5,  325.9,  327.6,  330.3,  326.8,  326.4,  326.1,  325.9,  326.1,  326.5,  326.8,  327.0,  327.7,  329.3,  330.6,  331.0,  330.1,  328.5,  327.1,  326.9,  328.8,  328.2,  327.7,  328.1,  329.7,  332.1,  334.7,  331.1,  328.2,  326.4,  326.1,  327.2,  328.6,  328.8,  329.4,  330.2,  330.7,  330.5,  329.9,  329.1,  -5.0,  10.5,  352.0,  -0.122,  0.034,  -0.079,  455.1,  461.1,  471.6,  483.9,  503.1,  530.4,  562.1,  600.2,  645.0,  689.7,  728.3,  759.1,  778.2,  786.6,  789.5,  789.6,  787.0,  476.1,  492.6,  520.0,  549.5,  577.9,  651.3,  681.2,  711.1,  739.8,  758.9,  620.1,  621.3,  622.6,  624.1,  593.0,  610.1,  627.5,  645.1,  661.2,  517.5,  534.1,  556.6,  576.2,  556.8,  534.2,  662.9,  681.4,  703.9,  722.0,  706.2,  684.2,  571.4,  592.6,  614.2,  631.0,  649.2,  672.6,  696.2,  674.2,  652.1,  632.5,  615.3,  593.6,  581.0,  615.4,  631.9,  651.0,  684.8,  650.4,  631.6,  615.1,  323.6,  371.1,  418.1,  463.4,  504.1,  538.6,  565.2,  581.5,  582.2,  573.0,  549.9,  519.1,  481.3,  437.4,  391.5,  345.1,  300.0,  277.3,  252.8,  241.4,  243.3,  251.6,  247.0,  236.6,  233.1,  240.5,  262.0,  285.0,  310.5,  335.6,  362.0,  395.4,  399.1,  402.0,  396.3,  389.8,  301.9,  287.9,  286.3,  298.9,  305.0,  307.5,  294.8,  280.0,  279.7,  291.3,  297.7,  298.2,  465.1,  446.6,  438.1,  441.3,  435.9,  442.7,  456.0,  466.7,  470.8,  473.5,  473.4,  471.0,  463.2,  453.6,  453.5,  450.7,  455.8,  451.3,  454.3,  454.1,  -88.9,  -85.8,  -80.3,  -73.7,  -63.3,  -49.3,  -33.8,  -16.5,  2.0,  20.5,  38.0,  53.1,  62.8,  66.8,  68.0,  67.9,  67.2,  -71.4,  -63.0,  -50.4,  -37.3,  -25.3,  4.6,  16.9,  29.7,  42.4,  51.4,  -8.0,  -7.3,  -6.6,  -5.9,  -18.5,  -11.6,  -4.8,  2.0,  8.3,  -52.0,  -44.5,  -34.9,  -26.7,  -34.7,  -44.3,  9.6,  17.3,  26.8,  34.7,  27.6,  18.4,  -28.0,  -18.6,  -10.0,  -3.5,  3.5,  12.8,  22.9,  13.4,  4.6,  -2.8,  -9.5,  -18.1,  -23.8,  -9.5,  -3.1,  4.3,  18.1,  4.0,  -3.2,  -9.6,  -17.5,  5.3,  27.7,  48.8,  66.6,  80.3,  89.0,  91.8,  90.2,  87.8,  81.7,  70.9,  55.1,  35.3,  14.3,  -6.8,  -27.4,  -36.0,  -45.9,  -49.8,  -48.1,  -44.1,  -45.7,  -50.8,  -53.0,  -50.8,  -42.4,  -30.2,  -19.4,  -9.3,  0.7,  13.9,  15.2,  16.1,  14.0,  11.7,  -24.6,  -30.3,  -30.9,  -25.5,  -22.9,  -22.0,  -27.2,  -33.5,  -33.7,  -29.1,  -26.0,  -25.7,  42.9,  34.0,  30.2,  31.4,  29.3,  32.6,  39.1,  41.6,  42.3,  43.2,  43.4,  43.3,  41.7,  36.3,  36.1,  35.2,  38.6,  35.2,  36.2,  36.3,  420.7,  419.7,  417.4,  413.1,  404.4,  393.6,  379.5,  362.5,  355.4,  360.7,  376.5,  390.1,  397.5,  398.5,  398.1,  396.9,  399.9,  381.2,  374.2,  367.1,  360.8,  356.0,  354.0,  359.9,  365.6,  371.8,  378.3,  352.3,  343.3,  334.1,  325.1,  344.3,  340.0,  336.6,  338.3,  341.6,  371.2,  368.0,  366.5,  365.7,  364.7,  366.3,  365.6,  366.1,  367.1,  370.1,  365.5,  364.2,  357.0,  343.2,  338.5,  337.4,  337.8,  344.5,  356.3,  341.4,  333.9,  332.9,  334.6,  341.5,  353.7,  339.4,  338.0,  339.3,  352.4,  337.2,  336.0,  337.8,  2.415,  -0.055,  0.064,  -0.078,  627.882,  387.540,  4.150,  19.385,  -12.710,  8.802,  -13.340,  6.609,  -3.597,  1.881,  4.501,  -4.721,  -9.388,  2.620,  -2.949,  -3.809,  7.473,  0.532,  1.722,  -2.193,  -1.121,  -4.673,  -3.003,  -1.229,  -1.206,  -1.636,  2.357,  1.327,  -0.517,  -0.269,  0.243,  -0.881,  0.110,  -0.065,  -0.279,  0.050, 0.00, 0.09, 0.00, 0.00, 0.00, 0.00, 0.00, 0.00, 0.00, 0.06, 0.27, 1.47, 0.29, 1.08, 0.00, 0.00, 0.00, 0.00, 0.00, 0.00, 1.00, 0.00, 0.00, 0.00, 0.00, 0.00, 0.00, 1.00, 1.00, 0.00, 0.00, 0.00, 0.00, 0.00, 0.00
25,  0,  0.801,  0.98,  1,  -0.033595,  0.008357,  -0.999401,  -0.034398,  0.035465,  -0.998779,  -0.034,  0.022,  530.1,  533.5,  543.3,  553.8,  558.7,  556.2,  545.5,  535.0,  519.2,  523.3,  532.2,  545.1,  558.5,  568.5,  575.5,  568.5,  557.4,  545.5,  534.5,  525.2,  540.7,  545.3,  549.7,  551.2,  549.0,  544.4,  540.1,  538.5,  676.8,  680.3,  690.8,  702.1,  707.7,  704.2,  693.7,  681.5,  664.9,  671.8,  681.0,  693.0,  704.7,  713.9,  720.3,  714.4,  706.1,  695.6,  684.3,  673.3,  686.7,  692.5,  698.0,  699.8,  696.9,  691.1,  685.7,  683.8,  294.6,  283.8,  278.7,  282.2,  292.4,  303.9,  308.2,  304.7,  302.5,  293.9,  287.8,  284.1,  286.1,  291.4,  298.6,  303.1,  305.1,  306.8,  307.7,  306.8,  298.5,  300.1,  297.8,  293.1,  288.6,  287.0,  289.3,  294.0,  287.2,  276.2,  271.3,  275.5,  286.2,  297.2,  302.0,  298.9,  293.9,  285.8,  279.9,  277.2,  279.5,  284.7,  292.3,  296.0,  297.7,  298.4,  298.0,  297.3,  293.2,  295.4,  292.9,  287.2,  281.7,  279.5,  282.0,  287.7,  -41.1,  -39.8,  -36.0,  -32.0,  -30.2,  -31.1,  -35.2,  -39.2,  -46.0,  -44.0,  -40.2,  -35.2,  -30.2,  -26.7,  -24.2,  -26.7,  -30.7,  -35.2,  -39.5,  -43.3,  -37.1,  -35.3,  -33.7,  -33.1,  -33.9,  -35.7,  -37.4,  -37.9,  13.6,  15.0,  19.0,  23.2,  25.2,  23.8,  19.8,  15.3,  9.2,  11.8,  15.2,  19.6,  24.1,  27.7,  30.4,  27.8,  24.5,  20.5,  16.3,  12.3,  17.3,  19.5,  21.6,  22.3,  21.3,  19.1,  17.0,  16.3,  -24.5,  -28.5,  -30.3,  -28.9,  -25.1,  -20.9,  -19.3,  -20.6,  -21.9,  -24.9,  -27.0,  -28.2,  -27.4,  -25.6,  -23.0,  -21.3,  -20.4,  -19.8,  -19.6,  -20.1,  -23.0,  -22.4,  -23.2,  -24.9,  -26.6,  -27.2,  -26.4,  -24.7,  -26.9,  -31.2,  -33.1,  -31.6,  -27.5,  -23.3,  -21.4,  -22.5,  -24.5,  -27.5,  -29.6,  -30.7,  -30.0,  -28.2,  -25.6,  -23.9,  -23.1,  -22.7,  -22.8,  -23.1,  -24.8,  -24.0,  -25.0,  -27.1,  -29.3,  -30.0,  -29.1,  -26.9,  327.0,  326.8,  326.0,  325.1,  324.7,  325.0,  325.6,  326.5,  333.4,  330.0,  326.7,  324.5,  324.7,  326.2,  328.0,  326.6,  325.5,  325.9,  327.5,  330.3,  326.9,  326.5,  326.1,  326.1,  326.3,  326.7,  327.0,  327.1,  323.7,  325.2,  326.6,  327.0,  326.1,  324.5,  323.2,  322.9,  324.6,  324.0,  323.7,  324.1,  325.9,  328.3,  330.9,  327.2,  324.2,  322.4,  322.1,  323.1,  324.6,  324.8,  325.5,  326.3,  326.7,  326.6,  325.9,  325.0,  -4.9,  10.4,  352.0,  -0.120,  0.031,  -0.079,  455.0,  461.0,  471.6,  484.1,  503.7,  531.1,  562.5,  600.3,  644.8,  689.4,  727.9,  758.9,  778.2,  786.6,  789.3,  789.4,  786.7,  476.2,  492.9,  520.3,  549.8,  578.1,  651.4,  681.4,  711.5,  740.3,  759.1,  620.2,  621.5,  622.8,  624.4,  593.1,  610.3,  627.7,  645.4,  661.6,  517.6,  534.2,  556.8,  576.4,  556.9,  534.2,  662.8,  681.3,  703.9,  722.0,  706.2,  684.1,  571.8,  593.1,  614.7,  631.5,  649.7,  673.1,  696.7,  674.8,  652.8,  633.2,  615.9,  594.2,  581.4,  616.0,  632.4,  651.5,  685.3,  651.0,  632.2,  615.7,  321.9,  369.9,  417.4,  463.1,  503.9,  538.2,  564.5,  580.9,  581.7,  572.8,  549.9,  519.1,  481.1,  437.0,  390.9,  344.3,  298.9,  276.5,  252.1,  240.7,  242.6,  250.9,  246.2,  235.9,  232.6,  240.3,  262.3,  284.9,  310.4,  335.6,  362.0,  395.3,  398.9,  401.9,  396.2,  389.8,  301.9,  287.8,  286.2,  298.9,  305.1,  307.5,  294.7,  279.8,  279.6,  291.2,  297.6,  298.2,  464.9,  446.4,  437.8,  441.0,  435.5,  442.4,  455.5,  466.4,  470.8,  473.4,  473.4,  470.9,  463.0,  453.4,  453.3,  450.4,  455.3,  451.1,  454.2,  454.0,  -88.9,  -85.8,  -80.3,  -73.6,  -63.0,  -49.0,  -33.6,  -16.5,  2.0,  20.4,  37.9,  53.1,  62.8,  66.8,  68.0,  67.8,  67.1,  -71.3,  -62.9,  -50.2,  -37.2,  -25.2,  4.6,  17.0,  29.9,  42.6,  51.5,  -8.0,  -7.3,  -6.6,  -5.8,  -18.5,  -11.5,  -4.7,  2.1,  8.4,  -51.9,  -44.5,  -34.8,  -26.6,  -34.6,  -44.3,  9.5,  17.3,  26.8,  34.7,  27.7,  18.4,  -27.9,  -18.4,  -9.8,  -3.3,  3.7,  13.0,  23.1,  13.6,  4.9,  -2.6,  -9.2,  -17.9,  -23.7,  -9.3,  -2.9,  4.5,  18.3,  4.2,  -3.0,  -9.4,  -18.3,  4.7,  27.4,  48.6,  66.5,  80.2,  88.8,  91.6,  90.2,  87.8,  81.8,  71.0,  55.1,  35.1,  14.1,  -7.1,  -27.9,  -36.3,  -46.1,  -50.0,  -48.4,  -44.4,  -46.0,  -51.0,  -53.3,  -50.9,  -42.3,  -30.2,  -19.5,  -9.3,  0.7,  13.9,  15.1,  16.1,  14.0,  11.6,  -24.7,  -30.4,  -30.9,  -25.5,  -22.9,  -22.0,  -27.3,  -33.5,  -33.8,  -29.1,  -26.1,  -25.7,  42.8,  33.9,  30.1,  31.2,  29.2,  32.4,  38.9,  41.5,  42.3,  43.2,  43.4,  43.3,  41.7,  36.2,  36.0,  35.0,  38.4,  35.1,  36.2,  36.3,  420.5,  419.6,  417.2,  412.9,  404.3,  393.7,  379.7,  362.9,  355.9,  361.2,  377.0,  390.6,  397.9,  398.8,  398.4,  397.2,  400.2,  380.9,  373.9,  366.8,  360.7,  355.9,  353.7,  359.8,  365.7,  372.0,  378.6,  352.4,  343.4,  334.2,  325.2,  344.3,  339.9,  336.6,  338.4,  341.8,  371.0,  367.8,  366.3,  365.6,  364.6,  366.1,  365.6,  366.1,  367.2,  370.2,  365.5,  364.2,  357.2,  343.2,  338.5,  337.5,  337.9,  344.7,  356.7,  341.5,  333.8,  332.8,  334.5,  341.5,  353.9,  339.5,  338.1,  339.4,  352.8,  337.1,  335.9,  337.7,  2.414,  -0.052,  0.061,  -0.078,  628.116,  387.238,  4.261,  19.369,  -12.497,  9.185,  -13.317,  6.539,  -3.766,  1.968,  3.894,  -5.211,  -9.997,  2.775,  -3.059,  -3.833,  7.318,  0.867,  1.778,  -2.974,  -0.918,  -4.793,  -2.732,  -0.909,  -1.190,  -1.376,  2.531,  1.405,  -0.395,  -0.497,  0.230,  -0.826,  0.007,  -0.027,  -0.311,  0.001, 0.00, 0.09, 0.00, 0.00, 0.00, 0.00, 0.00, 0.00, 0.00, 0.03, 0.21, 1.52, 0.32, 1.09, 0.00, 0.00, 0.00, 0.00, 0.00, 0.00, 1.00, 0.00, 0.00, 0.00, 0.00, 0.00, 0.00, 1.00, 1.00, 0.00, 0.00, 0.00, 0.00, 0.00, 0.00
26,  0,  0.834,  0.98,  1,  -0.037276,  0.007115,  -0.999280,  -0.027814,  0.042248,  -0.998720,  -0.033,  0.025,  530.7,  534.0,  543.7,  554.0,  559.0,  556.7,  546.0,  535.7,  519.7,  524.1,  533.1,  545.8,  559.0,  568.8,  575.8,  569.0,  558.0,  546.3,  535.2,  525.8,  541.2,  545.8,  550.1,  551.6,  549.4,  544.7,  540.4,  539.0,  677.7,  681.3,  691.6,  702.7,  708.0,  704.4,  694.1,  682.1,  665.7,  672.3,  681.2,  693.3,  705.2,  714.1,  720.3,  714.4,  706.2,  696.1,  684.8,  673.9,  687.3,  693.0,  698.4,  700.3,  697.5,  691.8,  686.4,  684.5,  294.5,  283.8,  278.7,  282.0,  291.9,  303.2,  307.7,  304.4,  302.3,  293.8,  287.5,  283.8,  285.9,  291.2,  298.0,  302.8,  304.9,  306.7,  307.7,  306.7,  298.3,  299.8,  297.5,  292.8,  288.4,  286.9,  289.2,  293.9,  287.2,  276.2,  271.2,  275.4,  286.1,  297.2,  302.1,  299.0,  293.0,  285.1,  279.6,  277.0,  279.4,  284.3,  291.8,  296.1,  298.2,  299.0,  298.3,  297.1,  293.1,  295.2,  292.7,  287.0,  281.4,  279.2,  281.7,  287.5,  -41.3,  -40.0,  -36.3,  -32.3,  -30.4,  -31.3,  -35.3,  -39.3,  -46.3,  -44.2,  -40.4,  -35.4,  -30.4,  -26.9,  -24.4,  -26.8,  -30.8,  -35.3,  -39.6,  -43.5,  -37.3,  -35.5,  -33.9,  -33.3,  -34.2,  -36.0,  -37.6,  -38.2,  14.2,  15.6,  19.5,  23.7,  25.7,  24.3,  20.3,  15.8,  9.7,  12.1,  15.5,  20.0,  24.6,  28.2,  30.8,  28.2,  24.9,  21.0,  16.8,  12.7,  17.8,  20.0,  22.1,  22.8,  21.8,  19.6,  17.5,  16.8,  -24.7,  -28.8,  -30.7,  -29.3,  -25.6,  -21.3,  -19.7,  -21.0,  -22.2,  -25.2,  -27.4,  -28.6,  -27.8,  -26.0,  -23.5,  -21.6,  -20.7,  -20.1,  -19.8,  -20.3,  -23.3,  -22.7,  -23.6,  -25.3,  -27.0,  -27.6,  -26.8,  -25.0,  -27.3,  -31.6,  -33.6,  -32.1,  -27.9,  -23.7,  -21.7,  -22.9,  -25.2,  -28.1,  -30.2,  -31.2,  -30.4,  -28.8,  -26.1,  -24.3,  -23.3,  -22.8,  -23.1,  -23.6,  -25.2,  -24.4,  -25.4,  -27.6,  -29.8,  -30.6,  -29.6,  -27.3,  330.5,  330.5,  329.9,  329.0,  328.4,  328.6,  329.0,  329.9,  336.9,  333.5,  330.4,  328.4,  328.7,  330.2,  331.9,  330.4,  329.2,  329.5,  331.0,  333.6,  330.4,  330.0,  329.8,  329.8,  330.0,  330.4,  330.7,  330.7,  328.5,  329.8,  331.0,  331.4,  330.9,  329.7,  328.5,  328.2,  329.7,  328.9,  328.3,  328.6,  330.4,  332.9,  335.6,  332.1,  329.3,  327.5,  327.1,  328.2,  329.6,  329.9,  330.5,  331.1,  331.4,  331.2,  330.6,  329.9,  -4.8,  10.2,  353.3,  -0.118,  0.031,  -0.078,  455.2,  461.3,  471.8,  484.0,  503.3,  530.6,  562.2,  600.4,  645.3,  690.0,  728.7,  759.6,  778.8,  787.0,  789.5,  789.6,  787.0,  476.7,  493.5,  520.9,  550.5,  579.0,  651.9,  682.1,  712.3,  741.0,  759.6,  620.7,  622.0,  623.5,  625.0,  593.9,  611.1,  628.3,  645.8,  661.8,  518.3,  534.8,  557.4,  576.8,  557.5,  534.9,  663.5,  681.7,  704.2,  722.2,  706.5,  684.6,  572.2,  593.6,  615.2,  632.0,  650.2,  673.6,  697.0,  675.3,  653.3,  633.7,  616.4,  594.7,  581.9,  616.4,  632.9,  652.0,  685.7,  651.4,  632.7,  616.1,  321.7,  369.3,  416.4,  461.7,  502.3,  536.7,  563.3,  580.1,  581.1,  572.1,  549.1,  518.1,  480.1,  436.1,  390.1,  343.7,  298.3,  277.1,  252.5,  241.0,  242.6,  250.8,  246.3,  236.1,  233.0,  240.9,  262.9,  284.7,  310.0,  335.1,  361.4,  394.7,  398.4,  401.3,  395.6,  389.3,  301.7,  287.6,  285.9,  298.6,  304.8,  307.3,  294.4,  279.6,  279.4,  291.1,  297.5,  298.0,  464.2,  445.7,  437.3,  440.4,  435.0,  441.6,  454.8,  465.9,  470.3,  473.0,  473.0,  470.4,  462.3,  452.8,  452.7,  449.8,  454.6,  450.7,  453.8,  453.6,  -89.0,  -85.9,  -80.5,  -73.8,  -63.3,  -49.3,  -33.8,  -16.5,  2.2,  20.7,  38.3,  53.5,  63.2,  67.2,  68.2,  68.0,  67.3,  -71.3,  -62.8,  -50.1,  -37.0,  -24.9,  4.8,  17.4,  30.3,  43.0,  51.9,  -7.8,  -7.1,  -6.3,  -5.6,  -18.2,  -11.3,  -4.5,  2.3,  8.5,  -51.7,  -44.3,  -34.7,  -26.5,  -34.5,  -44.1,  9.8,  17.5,  27.0,  34.9,  27.9,  18.6,  -27.7,  -18.3,  -9.6,  -3.1,  3.9,  13.3,  23.3,  13.9,  5.1,  -2.4,  -9.1,  -17.7,  -23.6,  -9.2,  -2.7,  4.7,  18.5,  4.4,  -2.8,  -9.3,  -18.5,  4.5,  27.0,  48.1,  65.9,  79.7,  88.4,  91.5,  90.2,  87.8,  81.7,  70.7,  54.7,  34.7,  13.7,  -7.4,  -28.2,  -36.2,  -46.1,  -50.0,  -48.5,  -44.6,  -46.2,  -51.2,  -53.2,  -50.8,  -42.1,  -30.4,  -19.7,  -9.6,  0.5,  13.7,  15.0,  16.0,  13.8,  11.5,  -24.8,  -30.5,  -31.1,  -25.8,  -23.1,  -22.1,  -27.5,  -33.7,  -33.9,  -29.3,  -26.2,  -25.9,  42.7,  33.7,  30.0,  31.2,  29.1,  32.3,  38.8,  41.5,  42.3,  43.2,  43.4,  43.3,  41.5,  36.1,  36.0,  35.0,  38.3,  35.1,  36.2,  36.3,  421.5,  420.7,  418.5,  414.2,  405.4,  394.6,  380.6,  363.7,  356.9,  362.4,  378.1,  391.5,  398.7,  399.6,  399.1,  397.8,  400.7,  382.0,  375.0,  368.0,  361.8,  357.1,  355.2,  361.2,  366.9,  373.0,  379.5,  353.6,  344.8,  335.7,  326.9,  345.7,  341.5,  338.2,  339.9,  343.1,  371.9,  368.9,  367.5,  366.8,  365.7,  367.2,  366.9,  367.3,  368.4,  371.3,  366.8,  365.5,  358.3,  344.6,  340.0,  339.0,  339.3,  346.1,  357.9,  343.0,  335.4,  334.4,  336.1,  342.9,  355.2,  340.9,  339.6,  340.8,  354.0,  338.6,  337.4,  339.2,  2.406,  -0.051,  0.061,  -0.077,  628.567,  386.788,  2.837,  19.609,  -12.830,  7.685,  -13.551,  6.156,  -3.852,  1.715,  5.085,  -5.106,  -10.441,  2.212,  -3.159,  -3.768,  7.418,  0.744,  1.609,  -2.822,  -0.694,  -4.693,  -2.766,  -0.848,  -1.155,  -1.263,  2.179,  1.137,  -0.441,  -0.537,  0.261,  -0.885,  -0.072,  -0.004,  -0.356,  0.024, 0.00, 0.05, 0.00, 0.00, 0.00, 0.00, 0.00, 0.00, 0.00, 0.03, 0.17, 1.47, 0.31, 1.02, 0.00, 0.00, 0.00, 0.00, 0.00, 0.00, 1.00, 0.00, 0.00, 0.00, 0.00, 0.00, 0.00, 1.00, 1.00, 0.00, 0.00, 0.00, 0.00, 0.00, 0.00
27,  0,  0.868,  0.98,  1,  -0.035714,  -0.006439,  -0.999341,  -0.067097,  0.048762,  -0.996554,  -0.051,  0.021,  531.3,  534.7,  544.4,  554.8,  559.8,  557.4,  546.7,  536.3,  520.9,  525.2,  534.0,  546.3,  559.3,  569.1,  575.9,  569.2,  558.4,  546.7,  535.9,  526.7,  541.9,  546.5,  550.8,  552.3,  550.1,  545.5,  541.2,  539.7,  676.0,  679.6,  690.5,  702.2,  707.9,  704.3,  693.4,  680.7,  665.4,  672.1,  681.3,  693.7,  705.4,  714.0,  720.1,  714.4,  706.7,  697.1,  685.7,  674.4,  685.9,  692.1,  697.9,  699.8,  696.8,  690.6,  684.9,  682.9,  293.8,  283.1,  277.9,  281.1,  290.9,  302.2,  306.7,  303.5,  302.4,  293.6,  287.1,  283.3,  285.1,  290.4,  297.3,  301.6,  303.5,  305.3,  306.5,  306.0,  297.6,  299.0,  296.7,  292.0,  287.6,  286.2,  288.5,  293.2,  287.4,  275.5,  270.3,  274.7,  286.3,  298.2,  303.5,  300.0,  293.2,  284.8,  279.4,  277.1,  279.5,  284.1,  291.5,  296.2,  298.7,  300.0,  299.2,  297.5,  293.8,  296.2,  293.4,  287.2,  281.1,  278.7,  281.5,  287.7,  -41.7,  -40.4,  -36.6,  -32.5,  -30.6,  -31.5,  -35.6,  -39.7,  -46.5,  -44.4,  -40.7,  -35.7,  -30.8,  -27.2,  -24.7,  -27.1,  -31.1,  -35.6,  -39.9,  -43.8,  -37.6,  -35.8,  -34.1,  -33.6,  -34.4,  -36.2,  -37.9,  -38.5,  12.9,  14.3,  18.3,  22.7,  24.7,  23.3,  19.2,  14.7,  9.1,  11.5,  14.8,  19.3,  23.7,  27.0,  29.5,  27.1,  24.1,  20.5,  16.4,  12.4,  16.6,  18.9,  21.0,  21.8,  20.7,  18.4,  16.3,  15.5,  -25.4,  -29.5,  -31.5,  -30.1,  -26.3,  -22.0,  -20.3,  -21.6,  -22.5,  -25.7,  -28.0,  -29.3,  -28.6,  -26.7,  -24.1,  -22.4,  -21.6,  -20.9,  -20.5,  -20.9,  -23.9,  -23.4,  -24.2,  -26.0,  -27.7,  -28.3,  -27.4,  -25.6,  -26.1,  -30.5,  -32.6,  -31.0,  -26.8,  -22.4,  -20.4,  -21.6,  -24.1,  -27.0,  -29.0,  -29.9,  -29.2,  -27.7,  -25.2,  -23.3,  -22.1,  -21.5,  -21.8,  -22.4,  -23.9,  -23.1,  -24.1,  -26.5,  -28.7,  -29.6,  -28.5,  -26.2,  335.6,  335.8,  335.3,  334.3,  333.4,  333.3,  333.7,  334.7,  341.5,  338.5,  335.5,  333.7,  333.9,  335.2,  336.7,  335.1,  334.0,  334.2,  335.7,  338.4,  335.3,  334.9,  334.7,  334.8,  335.2,  335.6,  335.8,  335.7,  315.1,  316.4,  317.8,  318.5,  318.1,  316.8,  315.4,  314.8,  315.3,  314.8,  314.5,  315.2,  317.1,  319.7,  322.3,  319.0,  316.1,  314.0,  313.4,  314.1,  316.4,  316.7,  317.5,  318.2,  318.4,  318.1,  317.3,  316.6,  -4.6,  10.2,  354.0,  -0.119,  0.031,  -0.077,  455.9,  461.8,  472.2,  484.5,  503.8,  531.2,  563.0,  601.1,  645.9,  690.2,  728.5,  759.0,  778.4,  787.1,  789.8,  790.1,  787.6,  477.8,  494.6,  522.0,  551.7,  580.4,  651.7,  682.1,  712.3,  741.1,  759.7,  621.2,  622.6,  624.1,  625.7,  594.8,  611.7,  628.8,  646.3,  662.1,  518.9,  535.5,  557.9,  577.4,  558.2,  535.7,  663.8,  682.0,  704.4,  722.4,  706.6,  684.9,  572.2,  593.3,  615.1,  632.3,  650.9,  674.7,  697.7,  676.6,  654.4,  634.3,  616.5,  594.5,  582.0,  616.4,  633.3,  652.7,  686.7,  652.4,  633.2,  616.2,  321.7,  369.5,  416.9,  462.1,  502.3,  536.1,  562.3,  578.9,  580.2,  571.7,  549.1,  518.4,  480.6,  436.6,  390.5,  344.0,  298.6,  277.7,  253.0,  241.4,  242.4,  250.0,  246.1,  236.2,  233.5,  241.5,  263.2,  283.8,  309.0,  333.9,  360.0,  394.0,  397.6,  400.5,  394.8,  388.6,  301.2,  287.2,  285.5,  298.0,  304.1,  306.6,  294.3,  279.6,  279.5,  291.1,  297.4,  297.9,  463.6,  445.0,  436.6,  439.9,  434.5,  441.4,  454.8,  467.3,  472.4,  475.1,  474.9,  471.5,  461.8,  452.4,  452.5,  449.7,  454.6,  451.9,  454.9,  454.5,  -88.7,  -85.6,  -80.3,  -73.7,  -63.1,  -49.0,  -33.5,  -16.2,  2.4,  20.8,  38.3,  53.3,  63.1,  67.3,  68.4,  68.4,  67.7,  -70.9,  -62.4,  -49.7,  -36.6,  -24.4,  4.8,  17.4,  30.4,  43.2,  52.0,  -7.6,  -6.9,  -6.1,  -5.3,  -17.9,  -11.1,  -4.3,  2.4,  8.7,  -51.5,  -44.1,  -34.5,  -26.3,  -34.2,  -43.8,  10.0,  17.7,  27.1,  35.0,  28.0,  18.8,  -27.8,  -18.4,  -9.7,  -3.0,  4.2,  13.7,  23.6,  14.4,  5.5,  -2.2,  -9.0,  -17.9,  -23.6,  -9.2,  -2.6,  5.0,  18.9,  4.8,  -2.6,  -9.3,  -18.5,  4.6,  27.2,  48.4,  65.9,  79.4,  88.0,  91.0,  90.0,  87.8,  81.9,  70.9,  55.0,  35.0,  13.9,  -7.3,  -28.2,  -36.0,  -45.9,  -50.0,  -48.7,  -45.0,  -46.3,  -51.2,  -53.2,  -50.6,  -42.0,  -30.8,  -20.1,  -10.0,  0.0,  13.5,  14.7,  15.7,  13.6,  11.2,  -25.0,  -30.7,  -31.3,  -26.0,  -23.4,  -22.5,  -27.6,  -33.8,  -33.9,  -29.2,  -26.3,  -26.0,  42.5,  33.5,  29.8,  31.0,  28.9,  32.2,  38.7,  42.1,  43.2,  44.1,  44.3,  43.8,  41.4,  36.1,  35.9,  35.0,  38.3,  35.7,  36.7,  36.8,  421.5,  420.7,  418.6,  414.5,  405.4,  394.5,  380.4,  363.9,  357.4,  363.1,  378.8,  391.9,  398.9,  400.1,  399.6,  398.5,  401.4,  382.7,  375.8,  368.8,  362.6,  357.7,  356.1,  361.9,  367.7,  373.6,  380.0,  354.2,  345.4,  336.3,  327.5,  346.3,  342.0,  338.8,  340.4,  343.6,  372.4,  369.5,  368.1,  367.3,  366.3,  367.8,  367.4,  367.8,  368.7,  371.6,  367.1,  366.0,  358.7,  345.1,  340.5,  339.3,  339.7,  346.2,  357.7,  343.8,  336.6,  335.7,  337.4,  344.0,  355.6,  341.5,  340.1,  341.3,  354.1,  339.6,  338.5,  340.2,  2.402,  -0.053,  0.060,  -0.076,  629.031,  386.742,  1.174,  18.991,  -11.805,  8.214,  -13.007,  5.105,  -2.617,  1.601,  5.810,  -4.601,  -9.936,  1.072,  -1.937,  -3.255,  6.305,  0.912,  1.244,  -2.669,  -0.797,  -5.482,  -2.602,  -1.028,  -1.341,  -0.666,  1.865,  0.944,  -1.180,  -0.195,  0.036,  -0.951,  -0.213,  -0.025,  -0.536,  0.146, 0.00, 0.00, 0.00, 0.00, 0.00, 0.00, 0.00, 0.16, 0.00, 0.00, 0.15, 1.23, 0.19, 0.72, 0.00, 0.00, 0.00, 0.00, 0.00, 0.00, 1.00, 0.00, 0.00, 0.00, 0.00, 0.00, 0.00, 1.00, 1.00, 0.00, 0.00, 0.00, 0.00, 0.00, 0.00
28,  0,  0.901,  0.98,  1,  -0.033222,  -0.006832,  -0.999425,  -0.054483,  0.066885,  -0.996272,  -0.044,  0.030,  532.0,  535.4,  545.2,  555.7,  560.7,  558.2,  547.4,  537.0,  521.7,  526.3,  535.1,  547.2,  560.1,  569.9,  576.8,  570.0,  559.1,  547.5,  536.7,  527.6,  542.7,  547.3,  551.6,  553.1,  550.9,  546.3,  542.0,  540.5,  677.3,  681.0,  691.7,  703.2,  708.7,  705.1,  694.3,  681.9,  666.1,  673.1,  682.4,  694.7,  706.4,  714.9,  720.7,  715.1,  707.4,  697.6,  686.2,  674.9,  687.0,  693.1,  698.9,  700.9,  697.9,  691.7,  686.0,  684.0,  292.8,  282.1,  276.7,  279.7,  289.4,  300.9,  305.5,  302.5,  301.5,  292.4,  285.8,  281.9,  283.8,  289.2,  296.2,  300.7,  302.6,  304.4,  305.6,  305.1,  296.6,  297.9,  295.5,  290.8,  286.5,  285.2,  287.5,  292.3,  286.3,  274.6,  269.6,  274.1,  285.5,  297.1,  302.2,  298.7,  291.4,  283.5,  278.3,  276.1,  278.7,  283.6,  291.1,  294.8,  296.7,  297.4,  296.6,  295.3,  292.8,  295.2,  292.5,  286.3,  280.2,  277.8,  280.4,  286.7,  -41.3,  -40.0,  -36.2,  -32.1,  -30.1,  -31.0,  -35.1,  -39.2,  -45.9,  -43.8,  -40.1,  -35.2,  -30.4,  -26.7,  -24.2,  -26.7,  -30.7,  -35.1,  -39.4,  -43.3,  -37.1,  -35.3,  -33.7,  -33.1,  -34.0,  -35.8,  -37.5,  -38.0,  13.6,  15.0,  19.0,  23.3,  25.3,  23.8,  19.8,  15.2,  9.5,  12.0,  15.4,  19.9,  24.3,  27.7,  30.1,  27.7,  24.6,  20.9,  16.7,  12.7,  17.2,  19.4,  21.6,  22.4,  21.3,  19.0,  16.9,  16.1,  -25.7,  -29.8,  -31.8,  -30.6,  -26.8,  -22.4,  -20.7,  -21.9,  -22.7,  -26.0,  -28.4,  -29.7,  -29.0,  -27.0,  -24.4,  -22.6,  -21.8,  -21.1,  -20.8,  -21.1,  -24.2,  -23.7,  -24.5,  -26.4,  -28.0,  -28.6,  -27.7,  -25.9,  -26.8,  -31.2,  -33.2,  -31.6,  -27.4,  -23.0,  -21.1,  -22.3,  -25.0,  -27.8,  -29.7,  -30.6,  -29.8,  -28.2,  -25.7,  -24.0,  -23.1,  -22.7,  -22.9,  -23.5,  -24.6,  -23.7,  -24.8,  -27.1,  -29.4,  -30.2,  -29.2,  -26.8,  334.3,  334.8,  334.3,  333.2,  332.0,  331.6,  331.9,  333.1,  339.8,  337.0,  334.2,  332.5,  332.5,  333.6,  334.9,  333.2,  332.1,  332.3,  333.8,  336.6,  333.9,  333.4,  333.2,  333.4,  333.9,  334.4,  334.6,  334.4,  318.5,  319.8,  321.3,  322.1,  321.6,  320.3,  318.8,  318.1,  318.9,  318.4,  318.3,  319.0,  321.0,  323.6,  326.3,  322.8,  319.8,  317.6,  317.0,  317.7,  319.7,  320.1,  320.9,  321.7,  321.9,  321.5,  320.7,  320.0,  -4.2,  10.1,  353.2,  -0.116,  0.027,  -0.077,  456.6,  462.2,  472.4,  484.8,  504.0,  531.5,  563.6,  602.2,  647.2,  691.5,  729.1,  759.2,  778.7,  787.6,  790.6,  790.9,  788.2,  479.5,  495.3,  522.6,  552.7,  581.7,  652.0,  682.5,  712.9,  741.8,  759.9,  622.0,  623.4,  625.0,  626.8,  595.6,  612.6,  629.7,  647.2,  663.1,  519.7,  536.4,  558.6,  578.2,  559.1,  536.8,  664.6,  682.9,  705.2,  723.1,  707.3,  685.6,  573.9,  593.7,  615.9,  633.1,  651.6,  676.1,  698.6,  678.8,  656.5,  636.4,  618.3,  595.6,  584.0,  617.3,  634.3,  653.6,  687.5,  654.0,  634.8,  617.6,  321.7,  369.0,  416.0,  460.8,  501.0,  535.1,  562.1,  579.7,  581.6,  572.7,  549.1,  517.7,  479.9,  436.1,  390.2,  343.7,  298.2,  278.3,  253.4,  241.1,  241.9,  249.7,  246.1,  235.7,  233.0,  241.5,  263.5,  283.0,  308.0,  332.6,  358.5,  392.4,  396.0,  399.0,  393.4,  387.3,  300.3,  286.3,  284.6,  296.8,  302.6,  305.2,  292.8,  278.4,  278.4,  289.8,  295.8,  296.2,  463.6,  443.1,  433.6,  437.0,  431.6,  439.5,  454.9,  471.2,  478.2,  480.9,  480.5,  475.3,  461.5,  451.1,  451.2,  448.5,  454.7,  455.1,  458.2,  457.5,  -87.7,  -84.9,  -79.8,  -73.3,  -62.9,  -48.9,  -33.2,  -15.7,  3.0,  21.4,  38.6,  53.4,  63.2,  67.5,  68.7,  68.6,  67.8,  -69.9,  -61.9,  -49.4,  -36.1,  -23.8,  4.9,  17.6,  30.6,  43.4,  51.9,  -7.3,  -6.5,  -5.7,  -4.9,  -17.5,  -10.7,  -4.0,  2.8,  9.1,  -51.0,  -43.6,  -34.1,  -25.9,  -33.8,  -43.3,  10.3,  18.0,  27.4,  35.2,  28.2,  19.0,  -27.0,  -18.2,  -9.3,  -2.6,  4.5,  14.2,  23.8,  15.2,  6.3,  -1.4,  -8.4,  -17.5,  -22.7,  -8.8,  -2.2,  5.3,  19.2,  5.4,  -2.0,  -8.7,  -18.3,  4.3,  26.7,  47.6,  65.2,  78.9,  87.8,  91.4,  90.7,  88.4,  81.9,  70.6,  54.6,  34.8,  13.8,  -7.4,  -28.3,  -35.6,  -45.6,  -50.0,  -48.8,  -45.0,  -46.4,  -51.4,  -53.4,  -50.6,  -41.8,  -31.1,  -20.5,  -10.5,  -0.6,  12.8,  14.1,  15.1,  13.0,  10.7,  -25.3,  -31.0,  -31.6,  -26.5,  -24.0,  -23.0,  -28.1,  -34.2,  -34.3,  -29.7,  -26.9,  -26.6,  42.3,  32.6,  28.5,  29.7,  27.6,  31.3,  38.6,  43.6,  45.5,  46.4,  46.5,  45.3,  41.1,  35.4,  35.3,  34.4,  38.2,  36.9,  37.9,  37.9,  418.4,  418.0,  416.8,  413.3,  404.8,  394.2,  380.2,  364.1,  357.9,  363.6,  378.8,  391.6,  398.7,  400.0,  399.2,  398.0,  400.5,  381.2,  374.5,  367.9,  361.9,  357.4,  356.4,  362.0,  367.7,  373.2,  379.1,  353.3,  344.6,  335.6,  326.9,  345.1,  341.2,  338.2,  340.0,  343.0,  371.2,  368.3,  367.0,  366.2,  365.3,  366.7,  366.5,  366.8,  367.8,  370.6,  366.3,  365.2,  357.4,  343.6,  338.7,  337.5,  337.9,  344.4,  356.0,  343.4,  336.7,  335.8,  337.5,  343.7,  354.5,  340.3,  338.8,  339.9,  352.8,  339.2,  338.2,  339.9,  2.408,  -0.049,  0.053,  -0.077,  629.939,  386.523,  -0.996,  17.932,  -9.776,  10.775,  -14.763,  0.019,  -0.793,  2.077,  6.966,  -4.565,  -8.314,  0.277,  1.041,  -3.106,  5.983,  1.100,  1.361,  -2.446,  0.284,  -5.467,  -2.546,  -1.583,  -0.725,  -0.317,  1.579,  1.280,  -1.518,  -0.525,  0.192,  -1.155,  -0.391,  0.054,  -0.442,  0.234, 0.04, 0.00, 0.00, 0.00, 0.00, 0.00, 0.00, 0.60, 0.01, 0.00, 0.07, 0.75, 0.06, 0.35, 0.24, 0.13, 0.00, 0.00, 0.00, 0.00, 1.00, 0.00, 0.00, 0.00, 0.00, 0.00, 0.00, 0.00, 1.00, 0.00, 0.00, 0.00, 0.00, 0.00, 0.00
29,  0,  0.934,  0.98,  1,  -0.022246,  -0.009723,  -0.999705,  -0.031913,  0.057912,  -0.997811,  -0.027,  0.024,  532.7,  536.1,  545.9,  556.4,  561.5,  559.0,  548.3,  537.7,  522.5,  527.0,  535.8,  548.0,  560.8,  570.5,  577.3,  570.6,  559.8,  548.3,  537.6,  528.5,  543.4,  548.1,  552.4,  553.9,  551.7,  547.0,  542.7,  541.2,  678.5,  682.1,  692.7,  704.2,  709.7,  706.1,  695.5,  683.2,  667.3,  674.0,  683.0,  694.8,  706.4,  715.4,  721.9,  716.0,  707.9,  697.7,  686.5,  675.7,  688.0,  694.4,  700.4,  702.4,  699.3,  692.9,  687.0,  685.0,  291.5,  280.8,  275.3,  278.4,  288.2,  299.7,  304.4,  301.3,  300.2,  291.1,  284.5,  280.6,  282.4,  287.8,  295.1,  299.7,  301.8,  303.6,  304.6,  304.0,  295.3,  296.7,  294.3,  289.5,  285.2,  283.8,  286.2,  291.0,  284.0,  273.5,  269.2,  273.5,  283.9,  294.4,  298.7,  295.5,  290.4,  282.4,  276.8,  274.4,  277.1,  282.8,  290.7,  293.4,  294.3,  294.5,  293.9,  293.4,  290.8,  293.2,  290.8,  284.9,  279.1,  276.7,  279.1,  285.0,  -41.0,  -39.8,  -36.0,  -31.8,  -29.8,  -30.7,  -34.8,  -39.0,  -45.6,  -43.5,  -39.8,  -35.0,  -30.1,  -26.5,  -24.0,  -26.5,  -30.5,  -34.9,  -39.1,  -42.9,  -36.9,  -35.1,  -33.4,  -32.8,  -33.7,  -35.6,  -37.2,  -37.8,  14.3,  15.8,  19.9,  24.2,  26.2,  24.7,  20.6,  16.0,  10.2,  12.7,  16.0,  20.5,  24.9,  28.5,  31.1,  28.6,  25.3,  21.4,  17.2,  13.3,  17.9,  20.3,  22.6,  23.4,  22.3,  19.9,  17.6,  16.8,  -26.2,  -30.3,  -32.4,  -31.1,  -27.3,  -22.9,  -21.1,  -22.4,  -23.2,  -26.5,  -28.8,  -30.2,  -29.5,  -27.5,  -24.8,  -23.0,  -22.1,  -21.4,  -21.1,  -21.6,  -24.7,  -24.1,  -25.0,  -26.9,  -28.6,  -29.1,  -28.2,  -26.4,  -28.3,  -32.4,  -34.2,  -32.6,  -28.6,  -24.5,  -22.7,  -23.9,  -26.0,  -28.9,  -31.0,  -32.0,  -31.1,  -29.2,  -26.3,  -25.1,  -24.5,  -24.3,  -24.4,  -24.7,  -25.8,  -24.9,  -25.9,  -28.2,  -30.5,  -31.3,  -30.4,  -28.1,  334.5,  334.9,  334.4,  333.3,  332.2,  331.9,  332.3,  333.4,  339.8,  337.0,  334.3,  332.5,  332.7,  333.7,  335.0,  333.5,  332.3,  332.5,  334.0,  336.7,  334.1,  333.6,  333.4,  333.6,  334.1,  334.6,  334.8,  334.6,  325.9,  328.0,  329.6,  329.7,  328.4,  326.3,  324.7,  324.7,  326.5,  326.4,  326.4,  326.9,  328.4,  330.5,  332.6,  328.9,  326.0,  324.1,  323.8,  324.8,  326.5,  326.5,  327.4,  328.6,  329.3,  329.3,  328.4,  327.2,  -3.5,  9.9,  353.0,  -0.111,  0.013,  -0.082,  456.9,  462.7,  473.2,  486.1,  505.5,  532.3,  564.3,  603.3,  648.3,  692.1,  728.3,  758.2,  777.9,  787.3,  791.1,  791.9,  789.3,  480.9,  495.7,  523.2,  553.9,  582.8,  651.5,  682.2,  713.0,  741.9,  759.5,  622.4,  624.2,  626.2,  628.3,  596.4,  613.8,  631.5,  649.1,  665.1,  520.3,  537.0,  559.3,  579.0,  560.0,  537.6,  665.5,  683.5,  705.7,  723.5,  707.9,  686.2,  579.8,  597.7,  620.0,  636.5,  653.8,  678.1,  699.0,  682.9,  661.8,  642.6,  625.0,  601.4,  590.2,  621.9,  637.9,  656.1,  688.2,  658.3,  640.1,  623.5,  320.9,  368.2,  415.0,  459.3,  500.0,  535.0,  563.7,  583.4,  586.2,  576.9,  552.2,  519.4,  480.5,  435.5,  388.6,  341.7,  295.9,  278.3,  252.3,  239.4,  239.9,  248.1,  244.8,  234.8,  232.0,  241.1,  263.7,  282.6,  307.4,  331.5,  356.9,  389.4,  393.2,  396.2,  390.1,  383.6,  299.4,  285.1,  283.4,  295.6,  301.5,  304.1,  291.3,  276.8,  277.0,  288.2,  294.0,  294.4,  463.8,  439.0,  427.5,  430.7,  425.1,  434.2,  453.4,  474.6,  484.1,  487.3,  487.1,  480.3,  461.2,  445.8,  445.3,  442.9,  453.0,  460.2,  463.4,  462.8,  -86.6,  -83.9,  -78.7,  -72.1,  -61.9,  -48.5,  -33.0,  -15.4,  3.4,  21.8,  38.3,  52.9,  62.9,  67.4,  69.0,  69.2,  68.4,  -69.1,  -61.5,  -49.0,  -35.5,  -23.4,  4.7,  17.5,  30.7,  43.5,  51.8,  -7.1,  -6.2,  -5.3,  -4.4,  -17.1,  -10.2,  -3.3,  3.5,  9.8,  -50.6,  -43.2,  -33.8,  -25.5,  -33.3,  -42.8,  10.7,  18.2,  27.6,  35.4,  28.4,  19.3,  -24.5,  -16.6,  -7.7,  -1.4,  5.3,  15.0,  24.0,  16.9,  8.4,  1.0,  -5.8,  -15.2,  -20.1,  -7.0,  -0.8,  6.2,  19.4,  7.1,  0.0,  -6.4,  -18.5,  3.9,  25.9,  46.6,  64.5,  78.7,  88.8,  93.6,  93.2,  90.6,  83.3,  71.4,  54.9,  34.5,  13.0,  -8.4,  -29.4,  -35.4,  -45.9,  -50.5,  -49.6,  -45.7,  -47.0,  -51.9,  -53.9,  -50.8,  -41.7,  -31.3,  -20.7,  -10.9,  -1.1,  11.6,  12.9,  14.0,  11.7,  9.3,  -25.6,  -31.4,  -32.1,  -26.9,  -24.4,  -23.4,  -28.8,  -34.9,  -34.9,  -30.4,  -27.6,  -27.3,  42.3,  30.9,  26.0,  27.2,  25.1,  29.1,  38.0,  45.1,  47.9,  49.0,  49.1,  47.3,  40.9,  33.3,  33.0,  32.1,  37.5,  38.9,  40.1,  40.0,  414.0,  414.1,  413.0,  410.0,  402.9,  393.7,  381.5,  366.5,  360.3,  365.7,  379.4,  391.7,  398.8,  400.2,  399.6,  398.8,  401.2,  379.6,  373.3,  366.8,  361.3,  357.5,  357.1,  362.8,  368.3,  373.7,  379.0,  353.4,  344.8,  336.1,  327.6,  344.3,  340.6,  338.0,  339.9,  343.1,  370.2,  367.4,  366.1,  365.2,  364.8,  366.1,  366.3,  366.5,  367.8,  370.7,  366.3,  364.9,  356.3,  342.5,  337.6,  336.5,  336.9,  343.9,  355.8,  344.3,  337.8,  337.1,  338.4,  343.7,  354.0,  339.6,  338.1,  339.1,  352.8,  340.1,  339.2,  340.7,  2.409,  -0.045,  0.032,  -0.082,  631.626,  385.887,  -6.455,  14.330,  -5.185,  15.149,  -16.626,  -7.809,  3.218,  2.437,  7.843,  -7.819,  -7.880,  0.958,  2.612,  -3.138,  7.550,  -0.921,  1.491,  -4.550,  1.790,  -3.093,  -1.346,  -0.311,  -1.036,  -0.950,  1.407,  1.942,  -1.854,  -0.525,  0.257,  -1.348,  -0.224,  -0.190,  -0.423,  0.110, 0.19, 0.00, 0.00, 0.00, 0.00, 0.05, 0.06, 1.25, 0.07, 0.00, 0.05, 0.34, 0.01, 0.07, 0.86, 0.54, 0.00, 0.00, 0.00, 0.00, 1.00, 0.00, 0.00, 0.00, 1.00, 0.00, 0.00, 0.00, 0.00, 0.00, 0.00, 0.00, 0.00, 0.00, 0.00
30,  0,  0.968,  0.98,  1,  -0.014929,  -0.015211,  -0.999773,  -0.021583,  0.041380,  -0.998910,  -0.018,  0.013,  533.4,  536.7,  546.6,  557.2,  562.3,  559.9,  549.1,  538.5,  523.1,  527.0,  535.6,  548.1,  561.5,  571.6,  578.6,  571.6,  560.6,  548.9,  538.2,  529.1,  544.3,  548.9,  553.1,  554.5,  552.4,  547.8,  543.6,  542.2,  679.9,  683.6,  694.0,  705.3,  710.6,  707.0,  696.5,  684.5,  668.4,  675.1,  684.2,  696.0,  707.4,  716.3,  722.7,  716.7,  708.5,  698.3,  687.3,  676.7,  689.5,  695.5,  701.2,  703.1,  700.3,  694.2,  688.5,  686.6,  289.8,  278.8,  273.4,  276.9,  287.1,  298.8,  303.4,  300.0,  298.6,  289.8,  283.5,  279.4,  281.0,  286.2,  293.6,  298.0,  300.2,  302.2,  303.1,  302.4,  293.5,  295.0,  292.7,  288.0,  283.6,  282.1,  284.4,  289.1,  282.1,  271.6,  267.2,  271.5,  282.0,  292.4,  296.8,  293.6,  288.6,  280.7,  275.2,  272.9,  275.6,  281.1,  288.9,  291.9,  293.1,  293.3,  292.7,  291.9,  288.6,  290.9,  288.6,  282.9,  277.3,  274.9,  277.3,  282.9,  -40.0,  -38.8,  -35.0,  -30.9,  -28.9,  -29.9,  -34.0,  -38.0,  -44.7,  -42.7,  -39.1,  -34.2,  -29.2,  -25.6,  -23.1,  -25.6,  -29.6,  -34.0,  -38.2,  -42.0,  -35.9,  -34.1,  -32.5,  -32.0,  -32.8,  -34.6,  -36.2,  -36.7,  15.0,  16.5,  20.6,  24.9,  26.8,  25.3,  21.2,  16.7,  10.7,  13.3,  16.7,  21.1,  25.6,  29.1,  31.8,  29.1,  25.8,  21.9,  17.7,  13.8,  18.7,  21.0,  23.2,  24.0,  22.9,  20.6,  18.4,  17.6,  -26.4,  -30.5,  -32.4,  -31.0,  -27.2,  -22.8,  -21.1,  -22.5,  -23.5,  -26.6,  -28.7,  -30.0,  -29.4,  -27.6,  -25.0,  -23.2,  -22.3,  -21.6,  -21.4,  -21.8,  -24.9,  -24.4,  -25.2,  -26.9,  -28.6,  -29.2,  -28.4,  -26.6,  -29.4,  -33.5,  -35.3,  -33.7,  -29.6,  -25.5,  -23.7,  -24.9,  -27.0,  -29.9,  -32.0,  -32.9,  -32.0,  -30.1,  -27.3,  -25.9,  -25.2,  -25.0,  -25.2,  -25.6,  -27.0,  -26.1,  -27.0,  -29.3,  -31.5,  -32.4,  -31.4,  -29.2,  328.5,  328.4,  327.6,  326.6,  326.0,  326.3,  326.9,  327.9,  334.4,  331.1,  327.9,  325.8,  325.9,  327.3,  328.9,  327.6,  326.6,  327.0,  328.6,  331.3,  328.3,  327.9,  327.5,  327.5,  327.8,  328.2,  328.5,  328.6,  329.7,  331.6,  333.1,  333.3,  332.1,  330.1,  328.6,  328.5,  330.4,  330.0,  329.8,  330.2,  331.7,  333.9,  336.2,  332.6,  329.7,  327.9,  327.6,  328.7,  330.3,  330.4,  331.2,  332.3,  332.9,  332.8,  332.0,  331.0,  -3.3,  9.7,  352.0,  -0.120,  0.016,  -0.082,  456.7,  463.1,  474.4,  487.9,  507.4,  533.7,  565.2,  603.8,  648.5,  692.2,  728.3,  757.9,  777.2,  786.7,  790.9,  792.3,  790.0,  481.2,  496.2,  523.9,  554.6,  583.2,  653.2,  683.6,  713.9,  742.4,  759.6,  623.6,  625.3,  627.3,  629.4,  597.1,  614.4,  632.1,  649.6,  665.3,  520.6,  537.7,  560.2,  579.7,  560.6,  538.1,  666.4,  684.4,  706.7,  724.4,  708.9,  687.0,  582.1,  596.5,  618.6,  636.0,  654.2,  678.3,  696.7,  683.7,  663.3,  643.0,  624.2,  600.6,  592.7,  620.6,  637.4,  656.5,  685.8,  659.8,  640.5,  622.9,  320.3,  368.9,  416.7,  461.6,  503.3,  539.1,  569.1,  589.2,  592.1,  582.1,  555.6,  520.7,  480.5,  434.6,  387.3,  340.1,  294.2,  277.1,  250.6,  237.5,  237.8,  246.0,  242.6,  232.9,  230.0,  238.8,  261.2,  281.2,  305.8,  329.9,  355.2,  386.7,  390.5,  393.6,  387.4,  381.1,  298.1,  283.8,  282.0,  294.2,  299.9,  302.4,  289.8,  275.4,  275.6,  286.5,  292.3,  292.8,  464.1,  433.9,  420.5,  423.8,  418.1,  429.3,  453.8,  479.2,  491.2,  494.9,  494.6,  485.3,  460.8,  440.8,  440.1,  438.0,  453.2,  464.9,  468.7,  468.0,  -86.1,  -83.1,  -77.7,  -70.8,  -60.7,  -47.6,  -32.5,  -15.1,  3.5,  21.8,  38.0,  52.3,  62.0,  66.4,  68.3,  68.9,  68.4,  -68.5,  -61.2,  -48.6,  -35.2,  -23.2,  5.4,  18.1,  31.1,  43.7,  51.7,  -6.6,  -5.8,  -4.9,  -4.0,  -16.9,  -9.9,  -3.1,  3.7,  9.9,  -50.3,  -42.8,  -33.3,  -25.0,  -33.0,  -42.5,  11.0,  18.6,  28.0,  35.6,  28.8,  19.6,  -23.4,  -16.9,  -8.2,  -1.5,  5.4,  15.0,  22.8,  17.1,  9.0,  1.1,  -6.1,  -15.4,  -19.0,  -7.5,  -1.0,  6.3,  18.3,  7.7,  0.2,  -6.7,  -18.6,  4.2,  26.6,  47.3,  65.6,  80.2,  90.9,  95.8,  95.4,  92.5,  84.3,  71.3,  54.4,  33.8,  12.4,  -9.0,  -30.0,  -35.8,  -46.5,  -51.2,  -50.4,  -46.6,  -48.0,  -52.7,  -54.7,  -51.7,  -42.7,  -31.8,  -21.4,  -11.6,  -1.8,  10.5,  11.9,  13.0,  10.6,  8.3,  -26.1,  -31.9,  -32.5,  -27.4,  -25.0,  -24.0,  -29.3,  -35.4,  -35.4,  -31.0,  -28.3,  -28.0,  42.0,  28.7,  23.2,  24.4,  22.2,  27.0,  37.7,  46.7,  50.6,  52.0,  52.1,  49.1,  40.5,  31.2,  30.8,  30.1,  37.2,  40.7,  42.1,  42.1,  410.8,  411.1,  410.3,  407.4,  400.6,  391.7,  380.3,  365.8,  359.6,  364.5,  376.9,  388.4,  395.0,  396.4,  396.0,  396.1,  398.9,  377.8,  372.3,  366.1,  361.0,  357.7,  357.7,  363.0,  368.1,  373.4,  378.1,  353.5,  345.2,  337.1,  329.0,  344.2,  340.6,  338.0,  339.7,  342.6,  368.8,  366.1,  365.0,  363.7,  363.7,  364.9,  365.6,  365.7,  366.9,  369.6,  365.4,  364.1,  353.4,  340.5,  335.8,  334.4,  334.9,  341.3,  351.9,  342.9,  337.6,  337.3,  338.6,  342.6,  351.4,  338.2,  336.4,  337.3,  349.6,  339.8,  339.1,  340.7,  2.418,  -0.054,  0.035,  -0.082,  632.063,  385.550,  -16.220,  15.119,  -3.158,  18.006,  -18.170,  -16.118,  6.756,  1.210,  7.263,  -11.109,  -6.221,  0.444,  5.003,  0.531,  9.792,  -1.954,  1.853,  -4.104,  1.390,  -3.192,  -1.727,  0.129,  -0.687,  -1.464,  1.592,  2.026,  -1.442,  -0.569,  0.364,  -1.246,  -0.403,  -0.074,  -0.379,  0.126, 0.45, 0.06, 0.00, 0.00, 0.00, 0.20, 0.21, 1.86, 0.19, 0.00, 0.00, 0.10, 0.00, 0.00, 1.76, 1.15, 0.00, 0.00, 0.00, 0.00, 1.00, 0.00, 0.00, 0.00, 1.00, 0.00, 0.00, 0.00, 0.00, 0.00, 0.00, 1.00, 0.00, 0.00, 0.00
31,  0,  1.001,  0.98,  1,  -0.003325,  -0.020361,  -0.999787,  -0.030234,  0.038609,  -0.998797,  -0.017,  0.009,  533.8,  537.8,  548.2,  558.9,  563.6,  560.6,  549.2,  538.6,  523.4,  528.3,  537.1,  549.3,  562.3,  572.4,  579.8,  572.4,  561.0,  549.0,  538.2,  529.1,  544.7,  549.5,  554.1,  555.9,  553.8,  549.0,  544.4,  542.6,  679.6,  683.1,  693.8,  705.3,  711.0,  707.5,  696.8,  684.4,  668.0,  675.2,  684.7,  696.6,  708.1,  717.0,  723.3,  717.5,  709.4,  699.0,  687.6,  676.6,  689.3,  695.6,  701.5,  703.4,  700.3,  694.0,  688.1,  686.2,  288.6,  277.7,  272.3,  275.6,  285.6,  297.4,  302.0,  298.7,  297.9,  288.6,  281.8,  277.9,  279.8,  285.1,  292.2,  296.9,  298.8,  300.6,  301.7,  301.3,  292.9,  294.4,  291.9,  287.1,  282.6,  281.1,  283.6,  288.4,  280.9,  270.0,  265.4,  269.8,  280.5,  291.4,  296.0,  292.7,  287.2,  279.4,  273.9,  271.5,  274.1,  279.7,  287.3,  290.4,  291.5,  291.8,  291.2,  290.5,  287.6,  290.0,  287.5,  281.5,  275.6,  273.2,  275.7,  281.7,  -39.4,  -38.0,  -34.1,  -30.0,  -28.1,  -29.2,  -33.4,  -37.4,  -43.9,  -41.8,  -38.1,  -33.4,  -28.6,  -24.9,  -22.3,  -24.9,  -29.0,  -33.4,  -37.6,  -41.3,  -35.2,  -33.4,  -31.7,  -31.1,  -31.9,  -33.7,  -35.5,  -36.1,  14.5,  15.9,  19.9,  24.2,  26.2,  24.7,  20.7,  16.2,  10.2,  12.9,  16.4,  20.8,  25.1,  28.6,  31.2,  28.7,  25.4,  21.5,  17.3,  13.3,  18.1,  20.4,  22.6,  23.4,  22.3,  19.9,  17.7,  17.0,  -26.5,  -30.6,  -32.6,  -31.2,  -27.4,  -23.0,  -21.3,  -22.6,  -23.4,  -26.7,  -29.0,  -30.3,  -29.6,  -27.6,  -25.1,  -23.2,  -22.5,  -21.8,  -21.5,  -21.9,  -24.8,  -24.2,  -25.1,  -26.9,  -28.7,  -29.3,  -28.4,  -26.5,  -28.9,  -33.1,  -35.0,  -33.4,  -29.3,  -25.2,  -23.4,  -24.5,  -26.7,  -29.5,  -31.5,  -32.5,  -31.7,  -29.8,  -27.2,  -25.8,  -25.1,  -24.8,  -25.0,  -25.3,  -26.5,  -25.7,  -26.7,  -29.0,  -31.2,  -32.1,  -31.1,  -28.8,  324.4,  325.2,  324.8,  323.3,  321.8,  321.1,  321.5,  322.9,  329.7,  327.0,  324.4,  322.6,  322.3,  323.0,  324.0,  322.3,  321.2,  321.5,  323.3,  326.2,  323.8,  323.1,  322.9,  323.3,  324.0,  324.6,  324.8,  324.4,  319.9,  321.8,  323.4,  323.8,  322.7,  320.8,  319.2,  318.9,  320.5,  320.2,  320.2,  320.9,  322.6,  325.0,  327.4,  323.6,  320.5,  318.6,  318.1,  319.0,  320.7,  320.9,  321.7,  322.8,  323.4,  323.2,  322.3,  321.3,  -3.3,  9.4,  351.4,  -0.127,  0.010,  -0.082,  456.9,  463.6,  475.3,  489.0,  508.6,  534.7,  565.7,  603.3,  647.0,  689.9,  725.3,  754.9,  774.6,  785.0,  790.0,  792.0,  789.9,  481.2,  496.9,  525.0,  555.8,  584.1,  653.8,  684.0,  713.9,  742.4,  759.8,  624.6,  626.4,  628.5,  630.8,  597.4,  614.8,  632.7,  650.3,  666.0,  520.7,  538.4,  561.1,  580.9,  561.3,  538.5,  666.5,  685.0,  707.2,  725.0,  709.5,  687.4,  582.2,  595.8,  618.5,  636.2,  654.9,  678.7,  695.8,  684.3,  664.2,  643.3,  624.0,  599.7,  592.7,  620.3,  637.4,  656.9,  685.2,  661.0,  641.0,  622.9,  320.3,  370.1,  419.0,  464.8,  507.1,  543.1,  573.2,  593.0,  596.0,  585.9,  558.9,  522.8,  481.5,  434.5,  386.5,  338.7,  292.2,  275.7,  249.0,  235.9,  235.7,  243.4,  239.9,  231.1,  228.4,  237.2,  259.4,  279.3,  304.1,  328.4,  353.7,  384.0,  387.8,  391.1,  384.8,  378.6,  296.8,  282.4,  280.8,  292.9,  298.4,  300.8,  288.6,  274.1,  274.3,  285.0,  290.7,  291.3,  461.9,  429.4,  415.0,  418.3,  412.6,  424.8,  451.3,  480.7,  494.7,  498.8,  498.4,  487.3,  458.6,  435.5,  434.7,  432.8,  450.9,  467.5,  471.8,  471.1,  -85.4,  -82.2,  -76.6,  -69.7,  -59.7,  -46.9,  -32.2,  -15.3,  2.9,  20.7,  36.6,  50.7,  60.4,  65.4,  67.7,  68.9,  68.5,  -68.4,  -60.8,  -48.1,  -34.7,  -22.8,  5.6,  18.3,  31.1,  43.7,  51.8,  -6.2,  -5.4,  -4.4,  -3.5,  -16.7,  -9.8,  -2.8,  4.0,  10.2,  -50.2,  -42.4,  -32.8,  -24.5,  -32.6,  -42.2,  11.1,  18.8,  28.2,  35.9,  29.0,  19.7,  -23.3,  -17.2,  -8.2,  -1.5,  5.7,  15.1,  22.3,  17.3,  9.3,  1.3,  -6.2,  -15.8,  -18.9,  -7.6,  -1.0,  6.5,  18.0,  8.1,  0.4,  -6.7,  -18.5,  4.7,  27.5,  48.4,  66.9,  81.6,  92.4,  97.3,  96.9,  94.0,  85.4,  71.9,  54.5,  33.6,  12.0,  -9.6,  -31.0,  -36.3,  -47.2,  -51.9,  -51.3,  -47.6,  -49.1,  -53.5,  -55.4,  -52.5,  -43.5,  -32.6,  -22.0,  -12.2,  -2.4,  9.4,  10.8,  12.0,  9.6,  7.3,  -26.6,  -32.4,  -33.0,  -27.8,  -25.6,  -24.6,  -29.8,  -35.9,  -35.9,  -31.6,  -28.9,  -28.5,  41.0,  27.0,  21.1,  22.2,  20.1,  25.2,  36.6,  47.2,  51.9,  53.5,  53.5,  49.8,  39.5,  29.1,  28.7,  28.0,  36.2,  41.8,  43.3,  43.2,  408.1,  408.1,  407.1,  404.1,  397.8,  389.9,  379.4,  365.4,  359.4,  364.0,  375.5,  386.3,  392.8,  394.6,  395.1,  396.3,  399.8,  377.1,  372.0,  365.9,  360.9,  357.4,  358.0,  363.4,  368.5,  373.9,  378.5,  353.6,  345.2,  337.1,  329.0,  343.3,  339.5,  337.0,  338.8,  341.8,  368.0,  365.3,  364.2,  362.6,  362.7,  363.9,  365.2,  365.5,  366.7,  369.3,  364.9,  363.5,  352.4,  339.9,  335.0,  333.4,  334.0,  340.3,  350.4,  342.2,  337.3,  337.1,  338.5,  342.2,  350.7,  337.5,  335.5,  336.4,  348.6,  339.7,  339.1,  340.8,  2.423,  -0.065,  0.026,  -0.081,  632.217,  384.810,  -22.091,  13.808,  1.963,  21.014,  -17.554,  -19.542,  9.123,  -1.275,  5.222,  -13.579,  -4.891,  0.984,  6.440,  2.522,  10.963,  -3.447,  2.094,  -4.594,  0.332,  -2.619,  -1.533,  0.622,  -1.041,  -1.216,  1.396,  2.338,  -1.042,  -0.689,  0.521,  -1.262,  -0.486,  0.067,  -0.388,  0.054, 0.75, 0.19, 0.00, 0.00, 0.01, 0.36, 0.30, 2.20, 0.34, 0.00, 0.00, 0.04, 0.00, 0.00, 2.42, 1.62, 0.00, 1.00, 0.00, 0.00, 1.00, 0.00, 0.00, 0.00, 1.00, 0.00, 0.00, 0.00, 0.00, 0.00, 0.00, 1.00, 0.00, 0.00, 0.00
32,  0,  1.034,  0.98,  1,  0.005003,  -0.017685,  -0.999831,  -0.042193,  0.022049,  -0.998866,  -0.019,  0.002,  534.2,  538.3,  548.8,  559.5,  564.2,  561.0,  549.6,  538.9,  523.5,  528.8,  537.7,  549.7,  562.5,  572.7,  580.3,  572.7,  561.1,  549.2,  538.3,  529.3,  544.8,  550.0,  555.0,  557.0,  554.8,  549.6,  544.5,  542.5,  679.2,  682.5,  693.2,  705.0,  711.1,  707.8,  697.1,  684.4,  667.9,  675.1,  684.6,  696.7,  708.2,  717.0,  723.2,  717.7,  709.9,  699.7,  688.3,  677.0,  689.2,  695.6,  701.4,  703.2,  700.0,  693.5,  687.7,  685.9,  287.6,  276.7,  271.3,  274.4,  284.3,  296.1,  300.7,  297.5,  296.5,  287.3,  280.3,  276.5,  278.5,  283.7,  290.5,  295.4,  297.2,  299.1,  300.2,  299.9,  292.3,  293.8,  291.2,  285.9,  281.1,  279.6,  282.2,  287.5,  279.1,  267.9,  263.1,  267.5,  278.5,  289.6,  294.4,  291.2,  285.7,  277.8,  272.3,  269.9,  272.5,  277.8,  285.4,  288.4,  289.7,  290.1,  289.6,  288.9,  285.8,  288.2,  285.6,  279.6,  273.6,  271.2,  273.8,  279.9,  -38.9,  -37.5,  -33.6,  -29.5,  -27.6,  -28.7,  -32.9,  -37.0,  -43.5,  -41.2,  -37.6,  -33.0,  -28.3,  -24.6,  -21.9,  -24.5,  -28.7,  -33.0,  -37.2,  -40.9,  -34.9,  -32.9,  -31.1,  -30.4,  -31.3,  -33.3,  -35.1,  -35.8,  14.1,  15.4,  19.4,  23.7,  25.8,  24.5,  20.5,  15.9,  10.0,  12.6,  16.1,  20.5,  24.8,  28.2,  30.7,  28.3,  25.2,  21.4,  17.3,  13.2,  17.7,  20.1,  22.2,  23.0,  21.8,  19.5,  17.3,  16.6,  -26.6,  -30.7,  -32.7,  -31.4,  -27.6,  -23.2,  -21.6,  -22.8,  -23.7,  -27.0,  -29.3,  -30.5,  -29.8,  -27.9,  -25.5,  -23.5,  -22.8,  -22.2,  -21.9,  -22.2,  -24.8,  -24.2,  -25.2,  -27.1,  -29.0,  -29.6,  -28.6,  -26.6,  -29.1,  -33.3,  -35.3,  -33.7,  -29.6,  -25.4,  -23.5,  -24.7,  -26.7,  -29.6,  -31.6,  -32.5,  -31.7,  -30.0,  -27.5,  -26.1,  -25.4,  -25.0,  -25.2,  -25.5,  -26.7,  -25.9,  -26.9,  -29.2,  -31.5,  -32.3,  -31.3,  -29.0,  321.6,  322.6,  322.2,  320.6,  318.9,  318.0,  318.3,  319.9,  327.0,  324.4,  321.8,  320.0,  319.6,  320.1,  320.9,  319.1,  318.0,  318.4,  320.2,  323.2,  320.8,  320.1,  319.9,  320.3,  321.2,  321.9,  322.1,  321.6,  314.7,  316.7,  318.4,  318.9,  317.9,  315.9,  314.2,  313.7,  314.9,  314.7,  314.8,  315.6,  317.5,  320.0,  322.5,  318.7,  315.6,  313.4,  312.8,  313.5,  315.6,  315.9,  316.8,  317.9,  318.5,  318.2,  317.3,  316.2,  -3.3,  9.0,  351.9,  -0.137,  0.009,  -0.081,  456.9,  463.8,  475.9,  490.1,  510.2,  536.1,  566.0,  602.5,  645.5,  687.8,  723.0,  752.7,  772.8,  783.8,  789.2,  791.4,  789.5,  481.3,  497.5,  525.3,  555.8,  583.5,  654.5,  684.2,  713.7,  742.0,  759.6,  625.0,  626.9,  629.0,  631.3,  597.2,  614.8,  633.0,  650.9,  666.8,  520.7,  538.7,  561.5,  581.3,  561.6,  538.7,  666.6,  685.0,  707.4,  725.3,  709.8,  687.6,  580.8,  594.7,  618.6,  636.2,  654.9,  679.7,  697.2,  685.5,  664.6,  643.6,  624.0,  598.4,  591.4,  620.3,  637.4,  656.8,  686.7,  661.4,  641.4,  623.1,  320.6,  371.4,  421.2,  467.4,  509.6,  545.2,  574.8,  594.1,  597.1,  587.6,  561.4,  525.3,  483.5,  435.7,  387.0,  338.5,  291.5,  272.9,  246.3,  233.3,  232.8,  240.5,  236.9,  228.1,  225.5,  234.0,  256.0,  276.9,  301.9,  326.3,  351.8,  381.4,  385.4,  388.7,  382.3,  376.0,  295.6,  281.0,  279.4,  291.3,  296.8,  299.1,  287.0,  272.5,  272.5,  283.4,  288.9,  289.5,  460.5,  426.6,  411.5,  414.7,  409.0,  421.8,  449.5,  482.4,  497.7,  501.8,  501.4,  489.0,  457.4,  432.1,  431.1,  429.3,  449.4,  470.2,  474.4,  473.7,  -85.1,  -81.8,  -75.9,  -68.7,  -58.6,  -46.0,  -32.0,  -15.6,  2.2,  19.8,  35.4,  49.5,  59.2,  64.5,  67.0,  68.4,  68.2,  -68.3,  -60.7,  -48.1,  -34.8,  -23.1,  6.0,  18.4,  31.1,  43.7,  51.8,  -6.1,  -5.2,  -4.3,  -3.3,  -16.8,  -9.8,  -2.7,  4.2,  10.5,  -50.2,  -42.3,  -32.7,  -24.3,  -32.5,  -42.2,  11.1,  18.8,  28.3,  36.0,  29.1,  19.8,  -23.9,  -17.7,  -8.2,  -1.4,  5.7,  15.5,  22.9,  17.8,  9.5,  1.4,  -6.2,  -16.3,  -19.6,  -7.6,  -1.0,  6.5,  18.7,  8.3,  0.5,  -6.6,  -18.3,  5.3,  28.3,  49.3,  67.6,  82.0,  92.8,  97.4,  97.0,  94.2,  85.9,  72.6,  55.1,  33.9,  12.1,  -9.7,  -31.3,  -37.5,  -48.4,  -53.1,  -52.6,  -49.0,  -50.5,  -55.0,  -56.8,  -54.0,  -45.0,  -33.7,  -23.0,  -13.0,  -3.1,  8.4,  9.9,  11.1,  8.6,  6.3,  -27.1,  -33.0,  -33.6,  -28.5,  -26.2,  -25.3,  -30.5,  -36.6,  -36.7,  -32.4,  -29.7,  -29.3,  40.6,  25.9,  19.8,  20.9,  18.7,  24.1,  35.9,  47.9,  53.1,  54.7,  54.7,  50.6,  39.2,  27.8,  27.3,  26.7,  35.7,  42.9,  44.4,  44.4,  406.8,  406.1,  404.5,  401.2,  395.1,  387.6,  377.8,  364.3,  358.2,  362.1,  373.5,  384.2,  390.5,  392.3,  393.2,  395.2,  399.5,  376.8,  372.5,  366.7,  362.0,  358.5,  359.1,  364.7,  369.6,  374.9,  378.9,  354.5,  346.2,  338.2,  330.2,  343.6,  339.7,  337.2,  339.1,  342.2,  368.3,  365.7,  364.7,  362.9,  363.1,  364.1,  365.4,  365.9,  367.1,  369.4,  365.1,  363.7,  353.6,  341.2,  335.6,  333.8,  334.4,  340.9,  351.0,  342.6,  337.4,  337.4,  338.8,  343.0,  352.0,  337.9,  335.8,  336.6,  349.5,  340.1,  339.6,  341.4,  2.423,  -0.079,  0.023,  -0.080,  632.211,  383.959,  -31.718,  12.418,  6.136,  21.797,  -15.809,  -20.350,  9.738,  -1.177,  3.844,  -14.206,  -4.885,  1.480,  6.220,  2.685,  10.722,  -3.300,  3.551,  -5.347,  -0.339,  -2.065,  -1.158,  0.571,  -0.607,  -1.053,  1.536,  2.745,  -1.222,  -0.756,  0.419,  -1.324,  -0.590,  0.105,  -0.445,  0.137, 1.02, 0.39, 0.00, 0.00, 0.01, 0.45, 0.35, 2.28, 0.47, 0.00, 0.00, 0.00, 0.00, 0.00, 2.73, 1.77, 0.00, 1.00, 0.00, 0.00, 1.00, 0.00, 0.00, 0.00, 1.00, 0.00, 0.00, 0.00, 0.00, 0.00, 0.00, 1.00, 0.00, 0.00, 0.00
33,  0,  1.068,  0.98,  1,  0.006251,  -0.028236,  -0.999582,  -0.019101,  0.004983,  -0.999805,  -0.006,  -0.012,  534.0,  537.9,  548.3,  559.0,  563.7,  560.8,  549.5,  538.8,  523.5,  528.6,  537.4,  549.5,  562.3,  572.3,  579.5,  572.3,  560.9,  549.0,  538.2,  529.2,  544.8,  549.7,  554.4,  556.2,  554.0,  549.1,  544.4,  542.6,  680.4,  683.8,  694.2,  705.7,  711.5,  708.1,  697.7,  685.3,  668.6,  675.5,  684.8,  696.8,  708.4,  717.1,  723.2,  717.8,  709.9,  699.9,  688.6,  677.4,  690.2,  696.3,  701.8,  703.6,  700.5,  694.5,  689.0,  687.2,  286.6,  275.7,  270.3,  273.4,  283.2,  294.9,  299.5,  296.4,  295.6,  286.5,  279.8,  276.0,  277.7,  282.6,  289.2,  293.8,  295.6,  297.5,  298.8,  298.6,  290.8,  292.2,  289.7,  284.8,  280.3,  278.9,  281.4,  286.3,  277.3,  266.5,  261.9,  266.3,  277.0,  287.8,  292.4,  289.1,  284.1,  276.4,  270.9,  268.5,  271.1,  276.4,  284.0,  287.0,  288.1,  288.4,  287.9,  287.2,  283.8,  286.1,  283.7,  278.0,  272.3,  270.0,  272.4,  278.1,  -39.7,  -38.4,  -34.5,  -30.3,  -28.4,  -29.4,  -33.6,  -37.8,  -44.4,  -42.1,  -38.5,  -33.8,  -29.0,  -25.3,  -22.7,  -25.2,  -29.4,  -33.8,  -38.0,  -41.7,  -35.6,  -33.7,  -31.9,  -31.3,  -32.2,  -34.1,  -35.9,  -36.5,  14.9,  16.2,  20.1,  24.4,  26.5,  25.1,  21.1,  16.6,  10.5,  13.0,  16.5,  20.9,  25.3,  28.8,  31.3,  28.9,  25.8,  21.9,  17.7,  13.7,  18.5,  20.8,  22.9,  23.6,  22.5,  20.2,  18.1,  17.4,  -27.5,  -31.7,  -33.7,  -32.4,  -28.6,  -24.2,  -22.5,  -23.7,  -24.5,  -27.8,  -30.1,  -31.4,  -30.7,  -28.9,  -26.5,  -24.7,  -23.9,  -23.2,  -22.9,  -23.1,  -25.9,  -25.3,  -26.2,  -28.1,  -29.9,  -30.4,  -29.5,  -27.6,  -30.4,  -34.6,  -36.4,  -34.9,  -30.8,  -26.6,  -24.8,  -26.0,  -27.9,  -30.7,  -32.7,  -33.7,  -32.9,  -31.2,  -28.6,  -27.1,  -26.5,  -26.2,  -26.3,  -26.6,  -28.1,  -27.2,  -28.2,  -30.4,  -32.6,  -33.4,  -32.4,  -30.2,  328.1,  329.0,  328.7,  327.3,  325.6,  324.8,  325.0,  326.4,  333.2,  330.7,  328.3,  326.6,  326.4,  327.0,  327.8,  326.0,  324.8,  325.1,  326.8,  329.7,  327.4,  326.8,  326.6,  327.0,  327.8,  328.4,  328.6,  328.2,  321.4,  323.4,  325.1,  325.6,  324.6,  322.6,  320.8,  320.4,  321.8,  321.5,  321.5,  322.3,  324.1,  326.6,  329.0,  325.3,  322.2,  320.1,  319.5,  320.3,  322.3,  322.6,  323.5,  324.5,  325.1,  324.9,  323.9,  322.9,  -3.3,  8.0,  353.5,  -0.162,  0.002,  -0.078,  456.6,  463.4,  475.0,  488.7,  508.2,  534.2,  564.0,  601.6,  644.6,  686.5,  721.4,  750.9,  771.5,  783.1,  788.8,  791.1,  789.2,  481.3,  497.3,  525.1,  555.7,  583.6,  654.3,  684.2,  713.7,  742.0,  759.9,  624.9,  627.2,  629.6,  632.2,  596.9,  615.0,  633.6,  651.9,  668.1,  520.7,  538.5,  561.2,  580.8,  561.2,  538.6,  667.2,  685.2,  707.5,  725.1,  709.9,  687.9,  580.2,  594.6,  618.0,  636.7,  656.3,  680.8,  697.8,  686.1,  665.2,  643.3,  622.8,  598.0,  591.1,  619.4,  637.7,  658.1,  687.2,  661.8,  640.9,  621.6,  321.1,  370.7,  419.3,  464.6,  506.0,  541.2,  570.9,  589.6,  592.1,  583.3,  558.5,  524.3,  483.8,  436.4,  387.2,  337.8,  290.4,  271.1,  244.1,  230.8,  230.4,  238.0,  234.4,  225.5,  223.0,  231.8,  254.3,  275.4,  300.3,  324.8,  350.2,  379.8,  383.7,  387.0,  380.6,  374.4,  294.5,  280.1,  278.5,  289.8,  295.5,  297.9,  285.2,  271.3,  271.4,  282.0,  287.4,  287.9,  460.0,  424.9,  409.6,  412.7,  406.9,  420.2,  449.1,  477.7,  490.8,  494.8,  494.5,  483.9,  456.5,  431.0,  429.9,  428.0,  448.4,  463.5,  467.5,  467.0,  -85.4,  -82.0,  -76.4,  -69.5,  -59.5,  -46.8,  -32.7,  -15.9,  1.9,  19.2,  34.7,  48.7,  58.9,  64.5,  67.2,  68.6,  68.5,  -68.7,  -61.2,  -48.5,  -35.2,  -23.4,  5.9,  18.6,  31.4,  44.1,  52.3,  -6.2,  -5.1,  -4.1,  -3.0,  -17.1,  -9.8,  -2.5,  4.7,  11.1,  -50.6,  -42.7,  -33.1,  -24.7,  -32.9,  -42.5,  11.5,  19.1,  28.6,  36.3,  29.4,  20.1,  -24.2,  -17.8,  -8.5,  -1.3,  6.3,  16.0,  23.3,  18.1,  9.7,  1.3,  -6.7,  -16.5,  -19.7,  -8.0,  -0.9,  7.0,  18.9,  8.5,  0.4,  -7.2,  -18.1,  5.0,  27.4,  48.0,  65.9,  80.1,  90.7,  95.1,  94.6,  92.1,  84.6,  72.2,  55.4,  34.5,  12.3,  -10.1,  -31.9,  -38.5,  -49.7,  -54.6,  -54.1,  -50.5,  -52.1,  -56.7,  -58.4,  -55.4,  -46.1,  -34.6,  -23.8,  -13.8,  -3.7,  7.9,  9.3,  10.5,  8.0,  5.7,  -27.8,  -33.6,  -34.3,  -29.3,  -26.9,  -26.0,  -31.5,  -37.4,  -37.5,  -33.2,  -30.6,  -30.2,  40.4,  25.4,  19.2,  20.2,  18.0,  23.6,  35.9,  46.2,  50.5,  52.0,  52.1,  48.6,  38.8,  27.5,  27.0,  26.3,  35.4,  40.3,  41.8,  41.8,  407.3,  406.4,  404.9,  401.7,  395.0,  386.7,  376.4,  362.6,  356.5,  361.0,  372.8,  384.7,  391.8,  394.4,  395.4,  397.3,  401.6,  379.1,  375.2,  369.7,  365.4,  362.4,  363.0,  368.6,  373.2,  378.3,  381.9,  357.8,  349.6,  341.8,  334.0,  346.6,  342.7,  340.2,  342.3,  345.4,  370.6,  368.4,  367.6,  365.7,  365.8,  366.8,  368.3,  369.0,  370.3,  372.5,  368.3,  366.8,  353.8,  342.2,  337.6,  335.7,  336.4,  342.7,  352.3,  343.4,  337.8,  337.4,  339.0,  343.2,  352.1,  339.5,  337.4,  338.2,  350.5,  340.7,  340.1,  342.0,  2.411,  -0.106,  0.014,  -0.077,  632.009,  381.697,  -33.623,  9.998,  0.937,  19.451,  -16.524,  -18.302,  7.280,  -0.200,  3.532,  -13.362,  -6.142,  1.094,  5.810,  3.998,  10.297,  -1.798,  2.808,  -5.943,  0.897,  -3.053,  -2.454,  0.313,  -0.091,  -2.609,  0.976,  2.611,  -0.963,  -0.560,  0.652,  -1.182,  -0.322,  0.108,  -0.386,  0.001, 1.10, 0.57, 0.00, 0.00, 0.07, 0.36, 0.37, 2.26, 0.62, 0.00, 0.00, 0.00, 0.00, 0.00, 2.86, 1.55, 0.00, 1.00, 0.00, 0.00, 1.00, 0.00, 0.00, 0.00, 1.00, 0.00, 0.00, 0.00, 0.00, 0.00, 0.00, 1.00, 0.00, 0.00, 0.00
34,  0,  1.101,  0.98,  1,  0.004876,  -0.016252,  -0.999856,  -0.039952,  0.029544,  -0.998765,  -0.018,  0.007,  533.5,  537.4,  547.8,  558.6,  563.5,  560.5,  549.2,  538.4,  523.3,  528.5,  537.3,  549.2,  561.8,  571.8,  579.1,  572.0,  560.7,  548.8,  538.1,  529.1,  544.3,  549.4,  554.2,  556.0,  553.8,  548.7,  543.9,  542.1,  679.5,  682.7,  693.2,  704.8,  710.8,  707.7,  697.2,  684.7,  668.5,  675.4,  684.6,  696.4,  707.9,  716.6,  723.0,  717.5,  709.7,  699.8,  688.6,  677.5,  689.5,  695.7,  701.4,  703.1,  699.9,  693.6,  687.9,  686.2,  287.9,  277.1,  271.6,  274.5,  284.2,  295.9,  300.5,  297.6,  296.9,  288.1,  281.5,  277.6,  279.1,  283.8,  290.1,  294.8,  296.7,  298.7,  299.9,  299.9,  292.2,  293.6,  291.0,  286.0,  281.4,  280.1,  282.7,  287.7,  278.5,  267.6,  262.9,  267.1,  277.7,  288.6,  293.3,  290.2,  285.0,  277.2,  271.8,  269.4,  271.8,  276.9,  284.3,  287.3,  288.7,  289.2,  288.8,  288.2,  285.0,  287.3,  284.7,  278.9,  273.1,  270.9,  273.4,  279.3,  -40.0,  -38.7,  -34.7,  -30.5,  -28.5,  -29.5,  -33.8,  -38.0,  -44.5,  -42.2,  -38.6,  -34.0,  -29.2,  -25.5,  -22.9,  -25.4,  -29.5,  -33.9,  -38.1,  -41.8,  -35.9,  -33.9,  -32.1,  -31.5,  -32.4,  -34.4,  -36.2,  -36.8,  14.5,  15.8,  19.7,  24.1,  26.2,  24.9,  20.9,  16.3,  10.5,  13.0,  16.4,  20.8,  25.1,  28.5,  31.2,  28.7,  25.6,  21.8,  17.7,  13.7,  18.2,  20.5,  22.7,  23.4,  22.2,  19.9,  17.7,  17.0,  -27.1,  -31.3,  -33.3,  -32.1,  -28.3,  -23.8,  -22.1,  -23.3,  -24.1,  -27.2,  -29.5,  -30.8,  -30.2,  -28.5,  -26.2,  -24.3,  -23.5,  -22.8,  -22.5,  -22.7,  -25.4,  -24.9,  -25.8,  -27.7,  -29.5,  -30.1,  -29.1,  -27.2,  -29.9,  -34.1,  -36.1,  -34.5,  -30.5,  -26.3,  -24.4,  -25.5,  -27.5,  -30.4,  -32.4,  -33.3,  -32.6,  -31.0,  -28.4,  -27.0,  -26.2,  -25.8,  -26.0,  -26.2,  -27.6,  -26.8,  -27.8,  -30.0,  -32.2,  -33.1,  -32.0,  -29.8,  328.9,  330.0,  329.7,  328.2,  326.4,  325.4,  325.6,  327.1,  333.7,  331.4,  329.0,  327.4,  327.2,  327.7,  328.5,  326.6,  325.4,  325.6,  327.3,  330.2,  328.1,  327.4,  327.3,  327.8,  328.7,  329.3,  329.5,  329.0,  321.0,  323.1,  324.8,  325.2,  324.1,  322.0,  320.2,  319.9,  321.1,  320.9,  321.0,  321.8,  323.5,  325.9,  328.4,  324.6,  321.4,  319.4,  318.8,  319.6,  321.8,  322.0,  323.0,  324.1,  324.7,  324.5,  323.6,  322.5,  -3.4,  7.5,  356.6,  -0.141,  0.000,  -0.081,  456.1,  462.6,  473.4,  486.3,  505.6,  532.4,  563.5,  602.3,  646.1,  688.4,  723.7,  753.4,  774.0,  785.1,  789.8,  791.3,  788.9,  480.9,  496.8,  524.4,  555.0,  583.1,  654.0,  683.8,  713.3,  741.6,  759.7,  624.9,  627.3,  630.0,  632.8,  597.2,  615.5,  634.2,  652.4,  668.6,  520.6,  538.3,  560.8,  580.3,  560.9,  538.5,  667.1,  685.1,  707.2,  725.0,  709.6,  687.9,  576.9,  593.8,  618.0,  636.9,  656.6,  682.0,  701.0,  687.0,  664.9,  643.0,  622.5,  597.0,  587.8,  619.5,  638.0,  658.5,  690.4,  661.5,  640.7,  621.3,  321.3,  368.8,  415.4,  459.5,  499.8,  534.4,  563.3,  582.1,  584.6,  575.2,  550.5,  517.3,  478.0,  432.1,  384.2,  336.4,  290.2,  271.2,  245.0,  231.9,  231.6,  239.4,  235.5,  225.8,  223.1,  231.6,  253.6,  276.9,  301.8,  326.2,  351.7,  380.8,  384.8,  388.1,  381.6,  375.3,  295.5,  281.6,  279.9,  291.1,  296.7,  299.0,  285.9,  272.3,  272.2,  282.4,  287.9,  288.6,  456.3,  424.7,  410.8,  413.8,  408.0,  419.5,  445.1,  472.3,  484.5,  488.3,  488.1,  478.6,  453.4,  431.5,  430.6,  428.3,  444.8,  458.2,  462.1,  461.7,  -86.5,  -83.3,  -78.0,  -71.4,  -61.5,  -48.2,  -33.3,  -15.8,  2.5,  20.2,  36.2,  50.6,  60.8,  66.2,  68.4,  69.3,  68.9,  -69.3,  -61.7,  -49.1,  -35.7,  -23.6,  5.8,  18.5,  31.4,  44.1,  52.5,  -6.2,  -5.1,  -3.9,  -2.8,  -17.1,  -9.7,  -2.3,  4.9,  11.4,  -50.9,  -43.1,  -33.5,  -25.1,  -33.3,  -42.8,  11.5,  19.1,  28.6,  36.4,  29.5,  20.2,  -25.9,  -18.3,  -8.6,  -1.2,  6.5,  16.7,  25.0,  18.7,  9.7,  1.2,  -6.8,  -17.1,  -21.3,  -8.1,  -0.8,  7.2,  20.5,  8.5,  0.3,  -7.4,  -18.2,  4.1,  25.9,  46.2,  64.0,  78.1,  88.5,  93.0,  92.6,  89.9,  82.3,  70.1,  53.6,  32.9,  11.1,  -10.8,  -32.3,  -38.7,  -49.6,  -54.4,  -53.8,  -50.2,  -51.8,  -56.7,  -58.6,  -55.7,  -46.7,  -34.1,  -23.4,  -13.3,  -3.2,  8.3,  9.8,  11.0,  8.5,  6.1,  -27.5,  -33.2,  -33.9,  -29.0,  -26.6,  -25.7,  -31.4,  -37.2,  -37.4,  -33.3,  -30.6,  -30.1,  39.5,  25.6,  19.8,  20.9,  18.6,  23.6,  34.8,  44.6,  48.5,  49.9,  50.1,  47.1,  38.1,  28.0,  27.5,  26.7,  34.5,  38.6,  40.0,  40.1,  411.5,  410.8,  409.6,  406.7,  400.3,  391.9,  380.9,  366.5,  360.6,  365.5,  378.1,  390.2,  397.2,  399.3,  399.7,  401.1,  404.8,  381.4,  377.1,  371.4,  366.9,  363.9,  364.1,  369.8,  374.6,  379.8,  383.7,  359.4,  351.5,  343.9,  336.3,  349.5,  345.9,  343.5,  345.5,  348.4,  373.0,  370.7,  369.9,  368.3,  368.1,  369.1,  370.6,  371.3,  372.6,  374.9,  370.8,  369.3,  359.0,  346.4,  341.2,  339.5,  340.1,  347.0,  358.0,  347.8,  341.1,  340.5,  342.1,  347.3,  357.3,  343.1,  341.2,  342.0,  355.9,  344.0,  343.3,  345.1,  2.389,  -0.084,  0.013,  -0.080,  632.010,  380.034,  -26.885,  10.018,  0.970,  12.178,  -16.036,  -15.277,  3.382,  1.320,  2.582,  -10.264,  -7.107,  0.817,  4.731,  2.942,  9.453,  -1.160,  2.571,  -5.362,  1.196,  -3.051,  -2.992,  -0.264,  0.249,  -2.250,  0.617,  2.571,  -0.924,  -0.728,  0.479,  -1.200,  -0.263,  0.228,  -0.448,  -0.044, 1.07, 0.45, 0.00, 0.00, 0.15, 0.32, 0.44, 2.26, 0.87, 0.00, 0.03, 0.00, 0.00, 0.00, 3.06, 0.94, 0.00, 1.00, 0.00, 0.00, 1.00, 0.00, 0.00, 0.00, 1.00, 0.00, 0.00, 0.00, 0.00, 0.00, 0.00, 1.00, 0.00, 0.00, 0.00
35,  0,  1.134,  0.98,  1,  0.010632,  -0.007281,  -0.999917,  -0.067057,  0.054379,  -0.996266,  -0.028,  0.024,  533.1,  537.1,  547.5,  558.3,  563.2,  560.2,  548.9,  538.0,  523.2,  528.2,  536.8,  548.6,  561.3,  571.3,  578.5,  571.3,  560.1,  548.3,  537.8,  529.0,  544.2,  549.0,  553.7,  555.4,  553.2,  548.4,  543.8,  542.0,  677.0,  680.3,  691.6,  704.1,  710.5,  707.2,  696.0,  682.6,  668.0,  674.6,  683.9,  696.0,  707.4,  716.1,  722.6,  717.0,  709.4,  699.7,  688.2,  677.0,  687.7,  694.5,  700.5,  702.3,  698.8,  692.1,  686.1,  684.3,  289.0,  278.1,  272.4,  275.4,  285.2,  297.0,  301.8,  298.9,  298.6,  290.0,  283.6,  279.5,  280.6,  285.1,  291.4,  295.7,  297.6,  299.6,  301.0,  301.2,  293.1,  294.4,  291.9,  287.0,  282.6,  281.3,  283.8,  288.7,  279.8,  268.3,  263.3,  267.6,  278.8,  290.2,  295.3,  292.1,  286.3,  278.2,  273.0,  271.0,  273.2,  277.9,  284.8,  288.2,  289.8,  290.5,  290.1,  289.4,  286.6,  288.9,  286.2,  280.1,  274.1,  271.8,  274.5,  280.6,  -40.4,  -39.0,  -35.1,  -30.8,  -28.8,  -29.8,  -34.1,  -38.3,  -44.7,  -42.5,  -39.0,  -34.4,  -29.6,  -25.9,  -23.2,  -25.8,  -29.9,  -34.3,  -38.4,  -42.1,  -36.1,  -34.2,  -32.5,  -31.9,  -32.8,  -34.7,  -36.4,  -37.0,  13.3,  14.6,  18.7,  23.3,  25.6,  24.2,  20.0,  15.2,  10.0,  12.4,  15.8,  20.2,  24.4,  27.7,  30.2,  27.9,  24.9,  21.3,  17.2,  13.2,  17.2,  19.6,  21.8,  22.6,  21.3,  18.9,  16.7,  16.0,  -26.8,  -31.1,  -33.2,  -31.9,  -28.1,  -23.6,  -21.8,  -23.0,  -23.5,  -26.6,  -28.9,  -30.3,  -29.8,  -28.2,  -25.9,  -24.1,  -23.3,  -22.6,  -22.2,  -22.3,  -25.2,  -24.7,  -25.6,  -27.5,  -29.2,  -29.8,  -28.8,  -26.9,  -28.8,  -33.1,  -35.1,  -33.6,  -29.4,  -25.1,  -23.2,  -24.3,  -26.4,  -29.3,  -31.2,  -32.0,  -31.4,  -29.9,  -27.6,  -26.0,  -25.2,  -24.8,  -24.9,  -25.2,  -26.4,  -25.6,  -26.6,  -29.0,  -31.2,  -32.0,  -30.9,  -28.6,  330.8,  331.8,  331.5,  330.0,  328.1,  327.2,  327.4,  328.9,  335.2,  332.9,  330.5,  328.9,  328.6,  329.1,  329.9,  328.2,  327.0,  327.3,  329.0,  331.9,  330.0,  329.3,  329.1,  329.6,  330.4,  331.1,  331.3,  330.8,  314.0,  316.2,  318.0,  318.3,  317.0,  314.8,  313.0,  312.7,  313.7,  313.7,  314.0,  314.7,  316.2,  318.5,  320.4,  317.2,  314.2,  312.1,  311.6,  312.4,  314.7,  314.9,  315.9,  317.1,  317.8,  317.6,  316.6,  315.4,  -3.5,  7.3,  358.9,  -0.108,  -0.005,  -0.083,  456.3,  462.5,  472.1,  483.8,  501.8,  528.2,  561.4,  602.3,  647.8,  690.9,  726.3,  755.7,  775.8,  786.1,  789.7,  790.6,  788.2,  480.1,  495.7,  523.5,  554.4,  583.2,  653.6,  683.5,  713.4,  741.7,  759.7,  624.3,  627.0,  629.9,  632.8,  597.7,  615.9,  634.2,  651.7,  667.3,  520.4,  537.9,  560.0,  579.7,  560.4,  538.5,  666.5,  684.9,  706.7,  724.4,  708.9,  687.6,  575.5,  593.7,  618.1,  636.7,  656.5,  681.7,  701.3,  686.5,  664.5,  642.7,  622.6,  596.8,  586.0,  619.3,  637.7,  658.1,  691.2,  661.3,  640.4,  621.2,  322.2,  367.5,  411.6,  454.0,  493.1,  527.3,  555.8,  575.9,  579.3,  569.6,  544.7,  512.1,  473.7,  428.8,  382.0,  335.1,  289.3,  273.3,  247.3,  234.4,  233.7,  241.1,  236.8,  226.5,  224.0,  232.8,  254.4,  278.8,  304.1,  329.1,  355.0,  381.7,  386.3,  390.0,  383.2,  376.6,  296.8,  283.3,  281.5,  292.5,  297.9,  300.3,  287.1,  273.6,  273.5,  283.2,  288.9,  289.7,  450.0,  423.6,  412.5,  415.4,  409.6,  418.4,  439.1,  467.8,  481.1,  485.0,  484.6,  474.2,  447.6,  430.4,  429.9,  427.2,  439.2,  456.9,  461.0,  460.4,  -87.0,  -84.0,  -79.2,  -73.3,  -64.0,  -50.7,  -34.6,  -16.0,  3.2,  21.6,  37.9,  52.4,  62.6,  67.6,  69.3,  69.9,  69.2,  -70.1,  -62.4,  -49.6,  -35.9,  -23.5,  5.6,  18.3,  31.4,  44.1,  52.7,  -6.5,  -5.2,  -4.0,  -2.8,  -16.9,  -9.6,  -2.3,  4.6,  10.9,  -51.2,  -43.4,  -33.9,  -25.5,  -33.6,  -43.0,  11.3,  19.1,  28.5,  36.3,  29.3,  20.2,  -26.7,  -18.5,  -8.6,  -1.3,  6.5,  16.7,  25.3,  18.7,  9.7,  1.1,  -6.9,  -17.3,  -22.3,  -8.2,  -0.9,  7.1,  21.0,  8.5,  0.2,  -7.5,  -17.9,  3.5,  24.3,  44.1,  61.6,  75.9,  86.2,  91.3,  91.5,  88.9,  81.2,  68.8,  52.4,  31.9,  10.2,  -11.5,  -33.0,  -38.0,  -48.8,  -53.4,  -52.9,  -49.3,  -51.1,  -56.2,  -58.1,  -55.2,  -46.5,  -33.4,  -22.4,  -12.2,  -1.9,  8.7,  10.4,  11.8,  9.2,  6.6,  -27.1,  -32.6,  -33.3,  -28.6,  -26.2,  -25.3,  -31.0,  -36.8,  -37.0,  -33.0,  -30.3,  -29.8,  37.3,  25.4,  20.6,  21.7,  19.5,  23.4,  32.7,  43.3,  47.8,  49.2,  49.2,  45.8,  36.2,  27.8,  27.5,  26.5,  32.5,  38.5,  40.1,  40.0,  414.4,  414.0,  412.9,  410.6,  405.1,  397.1,  385.3,  370.2,  365.1,  371.0,  384.6,  396.1,  403.2,  405.2,  405.2,  405.9,  408.8,  383.9,  378.5,  372.2,  366.7,  362.7,  362.9,  368.6,  374.1,  379.8,  385.0,  359.6,  351.7,  344.0,  336.5,  350.8,  347.4,  345.1,  346.9,  349.7,  374.6,  372.1,  371.2,  370.1,  369.6,  370.6,  371.7,  372.4,  373.7,  376.3,  372.2,  370.6,  362.5,  349.6,  344.0,  342.5,  343.1,  350.1,  361.4,  351.5,  345.1,  344.4,  345.8,  350.9,  361.0,  346.0,  344.2,  345.0,  359.3,  347.9,  347.0,  348.8,  2.373,  -0.051,  0.007,  -0.082,  631.722,  379.020,  -17.274,  7.752,  3.313,  7.537,  -14.629,  -13.577,  2.044,  1.798,  2.951,  -7.802,  -6.861,  -3.078,  5.089,  1.853,  10.602,  -2.865,  1.459,  -3.824,  -1.137,  -1.794,  -3.057,  0.985,  -0.824,  -0.923,  0.155,  2.866,  -1.292,  -1.161,  0.126,  -1.374,  -0.615,  0.341,  -0.467,  0.160, 0.92, 0.25, 0.00, 0.00, 0.25, 0.27, 0.48, 2.29, 1.10, 0.00, 0.16, 0.10, 0.00, 0.00, 3.06, 0.38, 0.00, 0.00, 0.00, 0.00, 1.00, 0.00, 0.00, 0.00, 1.00, 1.00, 0.00, 0.00, 0.00, 0.00, 0.00, 1.00, 0.00, 0.00, 0.00
36,  0,  1.168,  0.98,  1,  0.012733,  0.008548,  -0.999882,  -0.074966,  0.083556,  -0.993679,  -0.031,  0.046,  533.0,  536.9,  547.4,  558.2,  563.1,  560.2,  548.7,  537.9,  523.3,  527.9,  536.3,  548.2,  561.2,  571.6,  579.3,  571.6,  560.0,  548.1,  537.5,  528.9,  544.2,  549.0,  553.7,  555.4,  553.3,  548.5,  543.8,  542.1,  676.5,  679.5,  690.6,  703.2,  710.0,  707.0,  695.9,  682.4,  667.4,  674.2,  683.8,  696.0,  707.3,  715.8,  722.2,  717.0,  709.7,  700.0,  688.4,  676.8,  687.4,  694.1,  699.9,  701.4,  697.9,  691.2,  685.4,  683.9,  290.2,  278.8,  273.0,  276.1,  286.3,  298.6,  303.6,  300.5,  299.9,  291.5,  285.2,  281.1,  282.1,  286.4,  292.5,  297.1,  299.2,  301.3,  302.7,  302.7,  294.3,  295.7,  293.1,  288.0,  283.5,  282.1,  284.7,  289.8,  281.2,  269.5,  264.2,  268.5,  279.8,  291.5,  296.8,  293.7,  287.4,  279.5,  274.3,  272.3,  274.5,  279.0,  285.8,  289.1,  290.7,  291.4,  291.1,  290.5,  287.8,  290.1,  287.4,  281.2,  275.3,  273.0,  275.8,  281.9,  -39.4,  -38.1,  -34.1,  -30.0,  -28.0,  -29.1,  -33.3,  -37.4,  -43.6,  -41.6,  -38.2,  -33.6,  -28.8,  -25.0,  -22.2,  -25.0,  -29.1,  -33.5,  -37.6,  -41.1,  -35.2,  -33.3,  -31.6,  -31.0,  -31.9,  -33.7,  -35.5,  -36.1,  12.9,  14.1,  18.1,  22.6,  25.0,  23.7,  19.7,  14.9,  9.6,  12.1,  15.5,  19.8,  24.0,  27.2,  29.7,  27.5,  24.6,  21.1,  16.9,  12.9,  16.8,  19.2,  21.3,  21.9,  20.7,  18.3,  16.2,  15.6,  -25.7,  -30.0,  -32.1,  -30.8,  -26.9,  -22.4,  -20.6,  -21.8,  -22.5,  -25.4,  -27.5,  -28.9,  -28.4,  -26.9,  -24.7,  -22.9,  -22.1,  -21.4,  -21.0,  -21.2,  -24.1,  -23.6,  -24.5,  -26.4,  -28.1,  -28.7,  -27.8,  -25.9,  -27.8,  -32.2,  -34.3,  -32.8,  -28.6,  -24.3,  -22.3,  -23.3,  -25.6,  -28.4,  -30.2,  -31.0,  -30.5,  -29.1,  -26.8,  -25.3,  -24.5,  -24.1,  -24.1,  -24.4,  -25.5,  -24.8,  -25.8,  -28.1,  -30.3,  -31.1,  -30.0,  -27.7,  322.4,  323.2,  322.5,  320.9,  319.2,  318.5,  319.1,  320.7,  327.3,  324.6,  321.8,  319.8,  319.4,  319.8,  320.6,  319.1,  318.2,  318.8,  320.8,  323.8,  321.5,  320.8,  320.5,  320.8,  321.6,  322.3,  322.6,  322.3,  308.8,  311.0,  313.0,  313.5,  312.3,  310.1,  308.2,  307.7,  308.3,  308.4,  308.8,  309.7,  311.5,  314.0,  316.2,  312.8,  309.6,  307.2,  306.5,  307.2,  309.8,  310.0,  311.1,  312.3,  312.9,  312.6,  311.6,  310.4,  -3.4,  7.8,  359.0,  -0.071,  -0.009,  -0.086,  456.2,  462.6,  472.1,  483.6,  501.6,  528.0,  561.9,  602.8,  648.5,  691.7,  727.0,  756.4,  776.2,  786.0,  789.4,  790.2,  787.9,  479.2,  494.7,  522.6,  554.0,  583.2,  653.5,  683.4,  713.3,  741.5,  759.3,  624.3,  627.0,  629.9,  633.0,  598.4,  616.3,  634.5,  651.5,  666.7,  520.3,  537.8,  559.9,  579.7,  560.5,  538.5,  666.2,  684.9,  706.5,  724.4,  708.8,  687.5,  575.6,  594.9,  619.7,  637.4,  656.2,  681.0,  701.1,  686.0,  664.4,  643.6,  624.5,  598.1,  585.7,  621.0,  638.3,  657.7,  691.2,  661.3,  641.4,  623.2,  321.8,  366.5,  409.9,  452.0,  491.2,  525.7,  554.9,  576.6,  580.5,  569.6,  542.7,  508.6,  469.7,  425.1,  379.4,  334.2,  289.5,  275.1,  249.2,  236.2,  235.3,  242.7,  238.2,  228.0,  225.6,  234.2,  255.2,  280.7,  306.5,  331.7,  358.0,  383.6,  388.4,  392.2,  385.2,  378.5,  298.1,  284.8,  282.9,  294.0,  299.4,  301.8,  288.4,  274.8,  274.6,  284.1,  290.0,  291.0,  448.1,  425.1,  415.4,  418.2,  412.4,  419.3,  436.5,  467.7,  482.3,  486.6,  486.2,  475.1,  446.3,  431.4,  431.2,  428.1,  437.2,  459.2,  463.7,  463.0,  -87.1,  -84.1,  -79.4,  -73.6,  -64.4,  -51.2,  -34.7,  -15.9,  3.6,  22.2,  38.6,  53.0,  63.1,  67.8,  69.4,  69.9,  69.3,  -70.4,  -62.6,  -49.6,  -35.7,  -23.3,  5.5,  18.1,  31.1,  43.8,  52.3,  -6.4,  -5.2,  -3.9,  -2.7,  -16.6,  -9.4,  -2.2,  4.5,  10.6,  -51.1,  -43.3,  -33.8,  -25.4,  -33.5,  -42.8,  11.1,  19.0,  28.3,  36.2,  29.2,  20.1,  -26.8,  -18.1,  -8.0,  -1.0,  6.4,  16.4,  25.3,  18.6,  9.7,  1.4,  -6.1,  -16.8,  -22.5,  -7.5,  -0.7,  7.0,  21.1,  8.5,  0.6,  -6.7,  -18.1,  3.1,  23.6,  43.3,  61.0,  75.7,  86.5,  92.4,  93.0,  89.8,  81.1,  67.7,  50.8,  30.2,  9.0,  -12.0,  -33.0,  -37.2,  -47.7,  -52.3,  -51.8,  -48.1,  -50.1,  -55.1,  -57.1,  -54.3,  -45.9,  -32.4,  -21.4,  -11.0,  -0.8,  9.4,  11.2,  12.7,  10.0,  7.4,  -26.4,  -31.9,  -32.5,  -27.8,  -25.5,  -24.5,  -30.3,  -36.1,  -36.3,  -32.5,  -29.7,  -29.1,  36.6,  26.1,  21.8,  22.8,  20.6,  23.8,  31.7,  43.4,  48.5,  50.1,  50.1,  46.3,  35.7,  28.3,  28.1,  26.9,  31.8,  39.6,  41.3,  41.2,  414.8,  414.8,  413.8,  411.6,  406.8,  399.6,  388.4,  373.5,  369.0,  375.0,  388.3,  398.7,  405.1,  406.5,  406.4,  407.3,  409.8,  383.1,  376.8,  369.9,  363.7,  359.0,  359.5,  365.4,  371.4,  377.6,  383.6,  357.3,  349.2,  341.3,  333.7,  349.2,  345.9,  343.7,  345.5,  348.3,  373.3,  370.5,  369.4,  368.6,  368.1,  369.2,  370.2,  370.9,  372.2,  375.2,  370.9,  369.2,  363.7,  350.4,  344.3,  343.0,  343.6,  350.8,  363.0,  353.1,  346.7,  346.1,  347.2,  352.1,  362.5,  346.5,  344.8,  345.8,  360.8,  349.3,  348.3,  349.8,  2.373,  -0.014,  0.003,  -0.086,  631.852,  379.694,  -11.629,  8.419,  7.316,  7.744,  -12.490,  -13.137,  2.351,  1.047,  3.041,  -7.097,  -6.840,  -3.151,  4.721,  0.064,  11.417,  -5.681,  0.852,  -3.088,  -2.203,  -0.422,  -1.858,  1.263,  -1.360,  0.001,  -0.122,  2.762,  -0.902,  -1.434,  0.001,  -1.338,  -0.647,  0.435,  -0.379,  0.081, 0.87, 0.00, 0.00, 0.00, 0.24, 0.30, 0.42, 2.22, 1.18, 0.00, 0.34, 0.10, 0.00, 0.00, 2.80, 0.00, 0.00, 0.00, 0.00, 0.00, 1.00, 0.00, 0.00, 0.00, 1.00, 1.00, 0.00, 0.00, 0.00, 0.00, 0.00, 1.00, 0.00, 0.00, 0.00
37,  0,  1.201,  0.98,  1,  0.008120,  0.015246,  -0.999851,  -0.070194,  0.094146,  -0.993081,  -0.031,  0.055,  533.2,  537.1,  547.5,  558.3,  563.2,  560.4,  549.0,  538.1,  523.5,  528.3,  536.9,  548.8,  561.6,  571.8,  579.2,  571.7,  560.4,  548.7,  538.0,  529.2,  544.3,  549.2,  553.9,  555.7,  553.4,  548.5,  543.8,  542.0,  676.8,  679.8,  690.8,  703.3,  709.9,  706.9,  696.0,  682.6,  667.3,  674.1,  683.6,  695.9,  707.5,  716.0,  722.3,  717.1,  709.7,  700.1,  688.4,  676.7,  687.7,  694.1,  699.8,  701.3,  697.9,  691.4,  685.8,  684.2,  292.0,  280.8,  275.0,  278.1,  288.1,  300.2,  305.1,  302.1,  301.4,  292.9,  286.4,  282.5,  283.8,  288.5,  295.0,  299.5,  301.5,  303.5,  304.7,  304.5,  296.2,  297.6,  294.9,  289.8,  285.3,  283.9,  286.5,  291.6,  283.0,  271.2,  265.8,  270.1,  281.4,  293.2,  298.6,  295.5,  288.8,  281.1,  276.1,  274.1,  276.2,  280.5,  287.3,  290.6,  292.1,  292.8,  292.5,  291.9,  289.4,  291.6,  288.9,  282.8,  276.9,  274.8,  277.5,  283.6,  -39.7,  -38.4,  -34.4,  -30.3,  -28.3,  -29.3,  -33.5,  -37.7,  -44.0,  -41.8,  -38.3,  -33.7,  -28.9,  -25.2,  -22.5,  -25.2,  -29.3,  -33.6,  -37.7,  -41.4,  -35.5,  -33.6,  -31.8,  -31.2,  -32.1,  -34.0,  -35.8,  -36.4,  13.1,  14.2,  18.3,  22.8,  25.1,  23.9,  19.9,  15.1,  9.7,  12.1,  15.5,  19.9,  24.2,  27.5,  30.0,  27.8,  24.9,  21.3,  17.1,  13.0,  17.0,  19.3,  21.4,  22.0,  20.8,  18.5,  16.4,  15.8,  -25.3,  -29.5,  -31.6,  -30.4,  -26.5,  -22.0,  -20.2,  -21.4,  -22.1,  -25.1,  -27.3,  -28.6,  -28.1,  -26.4,  -24.1,  -22.3,  -21.5,  -20.8,  -20.5,  -20.8,  -23.7,  -23.1,  -24.1,  -26.0,  -27.7,  -28.3,  -27.4,  -25.4,  -27.4,  -31.8,  -33.9,  -32.4,  -28.2,  -23.8,  -21.8,  -22.8,  -25.3,  -28.0,  -29.8,  -30.6,  -30.0,  -28.7,  -26.5,  -25.0,  -24.2,  -23.8,  -23.8,  -24.1,  -25.2,  -24.4,  -25.5,  -27.7,  -29.9,  -30.6,  -29.6,  -27.3,  325.6,  326.4,  325.9,  324.3,  322.6,  321.9,  322.3,  323.9,  330.3,  327.7,  325.1,  323.3,  322.9,  323.5,  324.3,  322.7,  321.7,  322.1,  323.9,  326.9,  324.7,  324.0,  323.8,  324.2,  324.9,  325.6,  325.9,  325.5,  311.0,  313.0,  314.9,  315.5,  314.4,  312.4,  310.5,  310.0,  310.7,  310.6,  310.8,  311.7,  313.6,  316.0,  318.4,  315.0,  311.9,  309.6,  308.9,  309.5,  312.0,  312.3,  313.3,  314.4,  314.9,  314.6,  313.7,  312.6,  -3.3,  8.5,  359.0,  -0.057,  -0.013,  -0.087,  455.6,  462.5,  472.3,  483.8,  501.4,  527.6,  561.6,  603.4,  650.0,  693.8,  728.8,  757.5,  776.5,  785.7,  789.0,  789.7,  787.4,  479.4,  495.1,  522.9,  554.2,  583.6,  653.6,  683.4,  713.3,  741.3,  759.2,  624.9,  627.8,  630.8,  634.0,  598.9,  617.0,  635.3,  652.6,  667.9,  520.8,  538.2,  560.3,  580.0,  560.8,  538.9,  666.4,  684.9,  706.5,  724.3,  708.9,  687.6,  576.0,  595.4,  620.1,  637.9,  656.9,  681.5,  701.6,  686.4,  664.7,  643.8,  624.7,  598.5,  586.0,  621.3,  638.8,  658.3,  691.8,  661.8,  641.8,  623.5,  321.6,  366.1,  409.1,  451.1,  490.6,  526.0,  556.1,  578.2,  581.8,  570.3,  543.1,  508.6,  469.1,  424.6,  379.1,  334.1,  289.6,  276.3,  250.7,  237.9,  237.1,  244.6,  240.0,  229.9,  227.2,  235.5,  256.3,  282.6,  308.5,  333.8,  360.1,  385.9,  390.8,  394.6,  387.6,  380.6,  299.9,  286.4,  284.6,  295.9,  301.4,  303.8,  290.1,  276.2,  275.9,  285.7,  291.7,  292.8,  451.8,  428.8,  419.3,  422.1,  416.3,  423.1,  440.3,  470.2,  484.2,  488.4,  487.9,  477.4,  449.8,  434.5,  434.3,  431.2,  440.9,  462.3,  466.8,  466.1,  -87.4,  -84.2,  -79.3,  -73.5,  -64.4,  -51.4,  -34.9,  -15.7,  4.2,  23.0,  39.4,  53.6,  63.2,  67.7,  69.1,  69.6,  69.0,  -70.0,  -62.1,  -49.2,  -35.5,  -23.1,  5.6,  18.1,  31.0,  43.7,  52.2,  -6.1,  -4.9,  -3.6,  -2.3,  -16.4,  -9.1,  -1.8,  5.0,  11.1,  -50.7,  -43.0,  -33.6,  -25.2,  -33.2,  -42.5,  11.1,  19.0,  28.3,  36.1,  29.2,  20.1,  -26.6,  -17.9,  -7.8,  -0.8,  6.6,  16.7,  25.6,  18.7,  9.8,  1.5,  -6.1,  -16.7,  -22.4,  -7.4,  -0.5,  7.2,  21.4,  8.7,  0.7,  -6.6,  -18.2,  2.9,  23.2,  42.8,  60.7,  75.9,  87.3,  93.3,  93.6,  90.1,  81.3,  67.7,  50.5,  30.0,  8.9,  -12.0,  -33.0,  -36.5,  -46.9,  -51.4,  -50.8,  -47.2,  -49.1,  -54.2,  -56.2,  -53.7,  -45.5,  -31.5,  -20.5,  -10.2,  0.1,  10.4,  12.2,  13.6,  10.9,  8.2,  -25.6,  -31.1,  -31.7,  -27.0,  -24.6,  -23.6,  -29.5,  -35.4,  -35.7,  -31.8,  -28.9,  -28.3,  38.2,  27.6,  23.3,  24.3,  22.1,  25.3,  33.4,  44.5,  49.2,  50.8,  50.8,  47.3,  37.2,  29.5,  29.3,  28.1,  33.4,  40.9,  42.5,  42.4,  414.9,  414.8,  413.6,  411.4,  406.9,  400.2,  389.6,  374.4,  369.3,  375.0,  388.5,  398.9,  405.2,  406.4,  406.1,  406.9,  409.8,  381.5,  375.1,  368.1,  361.9,  357.4,  358.2,  364.5,  370.6,  377.2,  383.6,  356.0,  348.2,  340.5,  333.1,  349.2,  345.8,  343.5,  345.1,  347.9,  372.1,  369.3,  368.3,  367.6,  367.1,  368.0,  369.6,  370.3,  371.8,  375.0,  370.5,  368.7,  364.0,  350.5,  344.5,  343.2,  343.8,  351.2,  363.8,  353.3,  346.6,  346.0,  347.2,  352.3,  362.7,  346.4,  344.8,  345.8,  361.5,  349.3,  348.3,  349.8,  2.375,  0.000,  -0.001,  -0.087,  632.203,  381.462,  -11.210,  9.814,  6.833,  8.066,  -12.293,  -12.865,  1.641,  0.813,  3.969,  -5.324,  -7.725,  -1.829,  2.963,  0.111,  11.078,  -4.600,  1.891,  -2.567,  -2.732,  -0.737,  -2.583,  2.020,  -1.485,  -1.012,  -0.243,  2.883,  -0.792,  -1.271,  0.137,  -1.279,  -0.640,  0.311,  -0.406,  0.060, 0.88, 0.03, 0.00, 0.00, 0.14, 0.23, 0.32, 2.03, 1.05, 0.00, 0.48, 0.10, 0.00, 0.00, 2.33, 0.00, 0.00, 0.00, 0.00, 0.00, 1.00, 0.00, 0.00, 0.00, 1.00, 1.00, 0.00, 0.00, 0.00, 0.00, 0.00, 1.00, 0.00, 0.00, 0.00
38,  0,  1.235,  0.98,  1,  0.000600,  0.017249,  -0.999851,  -0.077258,  0.082312,  -0.993608,  -0.038,  0.050,  533.6,  537.1,  547.1,  557.9,  563.1,  560.6,  549.6,  538.8,  523.7,  528.1,  536.7,  548.9,  562.1,  572.1,  579.3,  572.1,  561.0,  549.2,  538.6,  529.7,  544.7,  549.5,  553.9,  555.4,  553.1,  548.4,  543.9,  542.4,  676.9,  679.9,  690.9,  703.5,  710.3,  707.3,  696.3,  682.9,  668.0,  674.8,  684.3,  696.5,  707.9,  716.3,  722.7,  717.5,  710.2,  700.7,  689.1,  677.5,  688.0,  694.4,  700.1,  701.6,  698.1,  691.7,  686.0,  684.5,  293.4,  282.2,  276.5,  279.6,  289.8,  301.9,  306.8,  303.6,  302.7,  294.3,  288.2,  284.0,  285.1,  289.5,  295.7,  300.6,  303.0,  305.2,  306.4,  306.0,  297.3,  298.7,  296.2,  291.2,  286.7,  285.4,  287.9,  292.8,  284.4,  272.5,  267.0,  271.2,  282.6,  294.5,  300.0,  297.0,  290.2,  282.5,  277.5,  275.6,  277.6,  281.7,  288.2,  292.2,  294.3,  295.3,  294.9,  293.9,  290.8,  292.9,  290.1,  284.0,  278.2,  276.1,  278.9,  285.0,  -39.9,  -38.7,  -34.8,  -30.6,  -28.6,  -29.5,  -33.7,  -37.8,  -44.3,  -42.2,  -38.7,  -33.9,  -29.0,  -25.3,  -22.7,  -25.3,  -29.4,  -33.8,  -37.9,  -41.6,  -35.7,  -33.9,  -32.2,  -31.6,  -32.5,  -34.4,  -36.1,  -36.6,  13.1,  14.3,  18.3,  22.9,  25.2,  24.0,  19.9,  15.1,  9.9,  12.3,  15.7,  20.1,  24.3,  27.5,  30.0,  27.8,  25.0,  21.4,  17.3,  13.2,  17.1,  19.4,  21.5,  22.1,  20.9,  18.5,  16.5,  15.9,  -25.0,  -29.2,  -31.3,  -30.0,  -26.1,  -21.6,  -19.8,  -21.1,  -21.8,  -24.8,  -26.9,  -28.3,  -27.9,  -26.3,  -24.1,  -22.2,  -21.2,  -20.4,  -20.0,  -20.4,  -23.5,  -22.9,  -23.8,  -25.7,  -27.4,  -28.0,  -27.1,  -25.2,  -26.8,  -31.2,  -33.4,  -32.0,  -27.8,  -23.3,  -21.2,  -22.3,  -24.7,  -27.4,  -29.2,  -30.0,  -29.5,  -28.2,  -26.1,  -24.3,  -23.4,  -22.8,  -22.9,  -23.3,  -24.6,  -23.9,  -25.0,  -27.2,  -29.4,  -30.1,  -29.0,  -26.8,  328.3,  328.7,  328.0,  326.8,  325.6,  325.4,  325.8,  327.1,  333.3,  330.4,  327.6,  325.7,  325.7,  326.6,  327.8,  326.3,  325.2,  325.6,  327.3,  330.1,  327.8,  327.2,  326.9,  327.1,  327.6,  328.2,  328.5,  328.3,  310.3,  312.4,  314.2,  314.8,  313.8,  311.7,  309.8,  309.3,  309.9,  309.8,  310.1,  310.9,  312.7,  315.2,  317.5,  314.2,  311.1,  308.7,  308.0,  308.7,  311.4,  311.7,  312.6,  313.7,  314.2,  313.9,  313.0,  311.9,  -3.0,  9.2,  358.0,  -0.067,  -0.013,  -0.088,  455.6,  462.3,  472.4,  484.2,  502.0,  528.2,  562.1,  604.4,  651.5,  695.6,  730.6,  758.7,  777.0,  785.6,  788.6,  789.5,  787.1,  480.3,  496.1,  523.8,  554.8,  584.0,  654.2,  684.1,  713.8,  741.7,  759.6,  625.2,  628.3,  631.4,  634.7,  599.8,  617.9,  636.1,  653.4,  668.7,  521.1,  538.3,  560.5,  580.4,  561.2,  539.2,  666.8,  685.4,  707.1,  724.8,  709.5,  688.2,  577.9,  597.2,  620.9,  638.7,  657.6,  681.8,  701.7,  686.2,  664.8,  644.1,  625.1,  600.1,  588.0,  622.1,  639.6,  659.1,  691.7,  661.8,  642.0,  623.9,  321.7,  366.4,  409.7,  451.9,  491.6,  527.4,  557.8,  579.4,  582.7,  571.6,  545.0,  510.5,  470.9,  426.2,  380.5,  335.1,  290.2,  277.3,  252.0,  239.4,  238.9,  246.0,  241.4,  231.2,  228.5,  236.6,  257.4,  283.6,  309.9,  335.7,  362.5,  389.1,  393.8,  397.6,  390.7,  383.6,  301.4,  287.8,  285.9,  297.1,  303.0,  305.6,  291.5,  277.6,  277.4,  287.2,  293.5,  294.5,  456.0,  433.2,  423.6,  426.5,  420.8,  427.9,  445.1,  471.1,  483.1,  486.9,  486.6,  477.6,  453.9,  439.6,  439.4,  436.4,  445.4,  460.9,  465.1,  464.4,  -87.4,  -84.2,  -79.2,  -73.2,  -64.1,  -51.0,  -34.6,  -15.2,  4.8,  23.7,  40.2,  54.1,  63.5,  67.6,  69.0,  69.4,  68.7,  -69.5,  -61.6,  -48.8,  -35.2,  -22.8,  5.8,  18.3,  31.2,  43.8,  52.4,  -6.0,  -4.7,  -3.3,  -2.0,  -16.0,  -8.7,  -1.5,  5.3,  11.4,  -50.5,  -42.9,  -33.4,  -25.0,  -33.0,  -42.4,  11.3,  19.2,  28.5,  36.3,  29.4,  20.3,  -25.7,  -17.1,  -7.5,  -0.5,  6.9,  16.7,  25.6,  18.6,  9.8,  1.6,  -5.9,  -16.0,  -21.4,  -7.0,  -0.1,  7.5,  21.2,  8.6,  0.8,  -6.4,  -18.1,  3.0,  23.5,  43.2,  61.1,  76.4,  87.7,  93.5,  93.6,  90.4,  82.0,  68.6,  51.4,  30.7,  9.5,  -11.6,  -32.6,  -36.0,  -46.2,  -50.7,  -50.1,  -46.5,  -48.5,  -53.6,  -55.7,  -53.1,  -44.9,  -31.0,  -19.9,  -9.5,  0.9,  11.6,  13.4,  14.7,  12.1,  9.4,  -24.9,  -30.4,  -31.2,  -26.4,  -23.9,  -22.9,  -28.9,  -34.8,  -35.1,  -31.2,  -28.1,  -27.6,  39.7,  29.2,  25.0,  26.0,  23.8,  27.2,  35.2,  44.6,  48.5,  49.9,  49.9,  47.1,  38.7,  31.4,  31.2,  30.1,  35.1,  40.1,  41.6,  41.5,  414.6,  414.6,  413.6,  411.2,  406.2,  399.1,  388.1,  372.8,  367.7,  373.7,  387.9,  399.0,  405.5,  406.6,  406.0,  406.1,  408.6,  380.7,  374.5,  367.6,  361.6,  357.3,  357.9,  364.2,  370.3,  376.8,  383.3,  355.7,  347.9,  340.2,  332.7,  349.0,  345.6,  343.2,  344.9,  347.7,  371.7,  369.0,  368.0,  367.3,  366.7,  367.7,  369.3,  369.9,  371.4,  374.7,  370.2,  368.5,  362.2,  348.9,  343.6,  342.4,  343.0,  350.1,  362.2,  351.2,  344.7,  343.9,  345.2,  350.2,  360.5,  345.4,  343.9,  345.0,  359.6,  347.3,  346.3,  347.8,  2.380,  -0.005,  -0.003,  -0.088,  632.798,  383.233,  -8.481,  10.668,  0.554,  9.163,  -14.058,  -10.533,  0.267,  0.970,  3.860,  -5.561,  -8.409,  -1.940,  2.193,  0.150,  10.456,  -3.494,  1.856,  -1.994,  -1.920,  -2.020,  -2.947,  2.014,  -1.162,  -1.232,  -0.266,  2.978,  -1.005,  -0.951,  0.016,  -1.368,  -0.554,  0.161,  -0.461,  0.151, 0.89, 0.03, 0.00, 0.00, 0.04, 0.12, 0.17, 1.75, 0.88, 0.00, 0.42, 0.00, 0.00, 0.00, 1.94, 0.00, 0.00, 0.00, 0.00, 0.00, 1.00, 0.00, 0.00, 0.00, 1.00, 1.00, 0.00, 0.00, 0.00, 0.00, 0.00, 0.00, 0.00, 0.00, 0.00
39,  0,  1.268,  0.98,  1,  0.003556,  0.009778,  -0.999946,  -0.067604,  0.095428,  -0.993138,  -0.032,  0.053,  534.2,  537.9,  548.3,  559.2,  564.3,  561.6,  550.2,  539.3,  524.5,  529.0,  537.4,  549.5,  562.6,  573.0,  580.7,  573.0,  561.7,  550.1,  539.6,  530.7,  545.3,  550.4,  555.2,  556.9,  554.5,  549.5,  544.7,  543.0,  677.8,  680.9,  691.8,  704.2,  710.7,  707.6,  696.7,  683.5,  668.2,  675.1,  684.7,  697.0,  708.5,  717.1,  723.4,  718.0,  710.4,  700.6,  688.9,  677.4,  688.6,  695.0,  700.6,  702.2,  698.8,  692.5,  686.8,  685.2,  294.6,  282.9,  277.1,  280.5,  291.3,  303.8,  308.8,  305.3,  303.6,  295.7,  289.8,  285.9,  286.8,  291.1,  297.5,  303.0,  306.0,  308.4,  309.0,  307.9,  299.1,  300.7,  298.0,  292.6,  287.6,  286.0,  288.7,  294.1,  286.3,  274.5,  269.1,  273.2,  284.5,  296.2,  301.6,  298.7,  291.8,  284.3,  279.3,  277.2,  279.4,  283.8,  290.4,  293.5,  294.9,  295.5,  295.2,  294.7,  292.5,  294.7,  291.9,  285.8,  280.0,  277.9,  280.7,  286.7,  -38.6,  -37.2,  -33.4,  -29.2,  -27.3,  -28.3,  -32.5,  -36.6,  -42.7,  -40.7,  -37.2,  -32.7,  -27.9,  -24.2,  -21.5,  -24.2,  -28.2,  -32.4,  -36.4,  -40.0,  -34.4,  -32.5,  -30.8,  -30.2,  -31.1,  -33.0,  -34.7,  -35.4,  13.6,  14.8,  18.8,  23.3,  25.6,  24.3,  20.3,  15.6,  10.1,  12.6,  16.0,  20.5,  24.7,  28.1,  30.6,  28.3,  25.3,  21.6,  17.4,  13.4,  17.5,  19.8,  21.9,  22.5,  21.3,  19.0,  16.9,  16.3,  -23.8,  -28.1,  -30.2,  -28.8,  -24.8,  -20.3,  -18.5,  -19.8,  -20.8,  -23.6,  -25.5,  -26.7,  -26.4,  -24.9,  -22.7,  -20.6,  -19.4,  -18.6,  -18.5,  -19.1,  -22.2,  -21.5,  -22.5,  -24.5,  -26.3,  -26.9,  -26.0,  -24.0,  -26.4,  -30.8,  -33.0,  -31.5,  -27.4,  -23.0,  -20.9,  -21.9,  -24.5,  -27.1,  -28.9,  -29.7,  -29.1,  -27.8,  -25.5,  -24.2,  -23.4,  -23.0,  -23.1,  -23.3,  -24.3,  -23.5,  -24.6,  -26.9,  -29.0,  -29.8,  -28.7,  -26.4,  319.0,  319.2,  318.4,  316.9,  315.7,  315.6,  316.3,  317.8,  323.7,  320.6,  317.8,  315.7,  315.3,  316.1,  317.2,  315.9,  315.0,  315.6,  317.5,  320.3,  318.3,  317.6,  317.3,  317.4,  317.9,  318.6,  319.0,  318.8,  313.7,  315.7,  317.4,  318.0,  317.0,  315.0,  313.3,  312.8,  313.7,  313.5,  313.6,  314.4,  316.3,  318.8,  321.2,  317.8,  314.7,  312.4,  311.7,  312.4,  314.8,  315.0,  316.0,  317.0,  317.5,  317.2,  316.3,  315.3,  -2.9,  9.8,  357.1,  -0.061,  -0.013,  -0.087,  455.9,  462.6,  472.7,  484.5,  502.4,  528.3,  561.8,  603.6,  650.9,  695.6,  731.2,  759.6,  777.7,  786.0,  788.8,  789.6,  787.2,  480.7,  496.5,  523.9,  554.6,  583.6,  655.5,  685.2,  714.6,  742.3,  760.1,  625.7,  628.6,  631.7,  634.8,  600.2,  618.1,  636.3,  653.6,  668.9,  521.9,  539.1,  561.3,  581.2,  562.0,  540.0,  667.0,  685.8,  707.5,  725.2,  709.9,  688.5,  577.9,  597.5,  621.2,  638.9,  657.8,  681.9,  702.1,  686.2,  664.7,  644.0,  625.1,  600.2,  588.0,  622.4,  639.8,  659.3,  692.1,  661.8,  642.0,  623.9,  322.4,  367.3,  410.8,  453.2,  493.0,  528.7,  558.9,  580.7,  584.4,  573.5,  546.9,  512.1,  472.1,  427.1,  381.4,  335.8,  290.7,  278.5,  253.6,  241.2,  240.9,  248.0,  243.0,  232.7,  229.8,  237.8,  258.5,  285.3,  311.8,  337.8,  364.9,  391.2,  396.2,  400.1,  393.2,  386.2,  302.9,  289.6,  287.7,  298.8,  304.7,  307.3,  293.0,  279.3,  279.0,  288.8,  295.1,  296.1,  457.5,  435.7,  426.6,  429.6,  423.9,  430.6,  446.8,  472.7,  484.7,  488.5,  488.0,  478.9,  455.5,  442.4,  442.3,  439.3,  447.2,  462.6,  466.7,  466.0,  -87.1,  -83.9,  -79.0,  -73.0,  -63.9,  -51.0,  -34.7,  -15.5,  4.6,  23.7,  40.4,  54.6,  63.8,  67.8,  69.0,  69.3,  68.6,  -69.1,  -61.2,  -48.6,  -35.2,  -22.9,  6.3,  18.7,  31.5,  43.9,  52.5,  -5.8,  -4.5,  -3.2,  -2.0,  -15.8,  -8.6,  -1.4,  5.3,  11.4,  -50.0,  -42.4,  -33.0,  -24.6,  -32.6,  -41.9,  11.4,  19.3,  28.6,  36.4,  29.5,  20.4,  -25.7,  -16.9,  -7.4,  -0.4,  7.0,  16.7,  25.7,  18.5,  9.7,  1.6,  -5.9,  -15.9,  -21.4,  -7.0,  -0.1,  7.6,  21.4,  8.6,  0.8,  -6.4,  -17.8,  3.4,  24.0,  43.8,  61.7,  76.9,  88.2,  94.0,  94.2,  91.1,  82.9,  69.4,  52.0,  31.2,  9.9,  -11.2,  -32.3,  -35.4,  -45.4,  -49.7,  -49.0,  -45.5,  -47.6,  -52.8,  -54.9,  -52.4,  -44.3,  -30.3,  -19.1,  -8.6,  1.8,  12.4,  14.2,  15.7,  13.0,  10.4,  -24.2,  -29.6,  -30.3,  -25.6,  -23.1,  -22.1,  -28.2,  -34.0,  -34.3,  -30.4,  -27.3,  -26.8,  40.3,  30.1,  26.1,  27.2,  25.0,  28.2,  35.9,  45.1,  48.9,  50.4,  50.4,  47.5,  39.3,  32.4,  32.3,  31.2,  35.8,  40.6,  42.1,  42.0,  414.0,  413.9,  412.9,  410.7,  406.0,  399.2,  388.1,  372.7,  367.4,  373.3,  387.8,  399.1,  405.6,  406.4,  405.6,  405.4,  408.0,  379.7,  373.3,  366.4,  360.4,  355.8,  356.3,  362.8,  369.0,  375.7,  382.1,  354.5,  346.6,  338.7,  331.2,  347.9,  344.5,  342.0,  343.8,  346.7,  370.7,  367.8,  366.8,  366.2,  365.5,  366.5,  368.2,  368.7,  370.2,  373.5,  368.9,  367.2,  361.8,  348.2,  342.7,  341.5,  342.1,  349.3,  361.6,  350.1,  343.5,  342.8,  344.2,  349.4,  359.9,  344.6,  343.1,  344.1,  358.9,  346.2,  345.2,  346.8,  2.386,  0.003,  -0.003,  -0.087,  633.077,  384.967,  -6.369,  10.547,  0.419,  9.696,  -14.459,  -9.543,  -0.439,  0.489,  3.222,  -5.312,  -8.494,  -1.632,  2.360,  -0.527,  10.622,  -3.422,  2.550,  -1.931,  -2.557,  -2.554,  -2.630,  1.866,  -1.009,  -0.980,  0.215,  3.026,  -1.142,  -1.306,  0.240,  -1.290,  -0.816,  0.137,  -0.381,  0.067, 0.82, 0.03, 0.00, 0.00, 0.00, 0.03, 0.06, 1.50, 0.86, 0.00, 0.42, 0.00, 0.00, 0.00, 1.73, 0.00, 0.00, 0.00, 0.00, 0.00, 1.00, 0.00, 0.00, 0.00, 1.00, 1.00, 0.00, 0.00, 0.00, 0.00, 0.00, 0.00, 0.00, 0.00, 0.00
40,  0,  1.301,  0.98,  1,  0.035782,  0.027732,  -0.998975,  -0.072711,  0.094025,  -0.992911,  -0.019,  0.061,  535.4,  539.3,  550.0,  561.2,  566.4,  563.7,  551.9,  540.7,  525.2,  529.7,  537.8,  549.9,  563.3,  574.1,  582.7,  573.8,  562.2,  550.5,  540.0,  531.5,  546.3,  552.3,  558.0,  560.1,  557.3,  551.2,  545.5,  543.5,  678.1,  681.2,  692.1,  704.5,  711.1,  708.0,  697.1,  683.9,  668.7,  675.4,  684.9,  697.2,  708.8,  717.5,  723.9,  718.5,  711.0,  701.3,  689.6,  678.0,  689.1,  695.4,  700.9,  702.5,  699.1,  692.8,  687.2,  685.7,  296.8,  284.4,  278.3,  282.2,  293.7,  306.9,  312.1,  308.3,  304.9,  297.3,  291.5,  287.6,  288.6,  292.9,  299.4,  305.4,  308.7,  311.1,  311.3,  309.6,  302.5,  304.5,  301.3,  294.7,  288.5,  286.5,  289.8,  296.4,  288.0,  276.1,  270.5,  274.5,  285.9,  297.8,  303.4,  300.5,  293.7,  286.0,  281.0,  278.8,  280.8,  284.9,  291.4,  295.1,  297.1,  298.1,  297.8,  297.0,  294.1,  296.2,  293.4,  287.3,  281.6,  279.5,  282.3,  288.4,  -36.2,  -34.9,  -31.0,  -27.0,  -25.1,  -26.1,  -30.2,  -34.3,  -40.4,  -38.4,  -35.2,  -30.8,  -26.1,  -22.5,  -19.6,  -22.6,  -26.5,  -30.6,  -34.4,  -37.7,  -32.4,  -30.2,  -28.2,  -27.5,  -28.5,  -30.7,  -32.7,  -33.4,  13.6,  14.8,  18.8,  23.3,  25.7,  24.4,  20.4,  15.6,  10.2,  12.6,  16.0,  20.5,  24.8,  28.1,  30.7,  28.4,  25.4,  21.8,  17.6,  13.5,  17.6,  19.9,  21.9,  22.6,  21.4,  19.1,  17.0,  16.4,  -21.9,  -26.2,  -28.2,  -26.7,  -22.7,  -18.1,  -16.4,  -17.9,  -19.4,  -21.8,  -23.6,  -24.8,  -24.3,  -22.9,  -20.8,  -18.6,  -17.5,  -16.7,  -16.8,  -17.5,  -19.9,  -19.1,  -20.2,  -22.5,  -24.6,  -25.4,  -24.3,  -22.0,  -25.7,  -30.2,  -32.4,  -30.9,  -26.8,  -22.3,  -20.2,  -21.2,  -23.7,  -26.4,  -28.2,  -29.0,  -28.5,  -27.2,  -25.1,  -23.5,  -22.5,  -22.0,  -22.1,  -22.4,  -23.6,  -22.9,  -24.0,  -26.2,  -28.4,  -29.1,  -28.0,  -25.7,  302.9,  302.9,  301.7,  300.1,  299.1,  299.2,  300.3,  301.9,  308.2,  304.7,  301.6,  299.0,  298.3,  298.9,  299.8,  298.8,  298.3,  299.2,  301.3,  304.4,  302.2,  301.4,  300.8,  300.7,  301.3,  302.1,  302.7,  302.8,  312.8,  314.7,  316.4,  316.9,  316.0,  314.1,  312.4,  311.9,  312.6,  312.4,  312.4,  313.2,  315.0,  317.4,  319.9,  316.5,  313.5,  311.2,  310.6,  311.3,  313.9,  314.1,  315.0,  316.0,  316.4,  316.2,  315.3,  314.4,  -2.5,  10.6,  357.3,  -0.043,  -0.015,  -0.088,  456.2,  463.0,  473.1,  485.2,  503.5,  529.8,  563.6,  605.3,  652.3,  696.5,  731.6,  760.0,  778.1,  786.6,  789.5,  790.1,  787.5,  481.3,  497.0,  524.4,  555.3,  584.4,  656.0,  685.5,  715.2,  743.0,  760.6,  626.6,  629.4,  632.5,  635.6,  600.7,  618.8,  637.3,  654.7,  670.1,  522.5,  539.9,  562.2,  582.2,  562.9,  540.6,  667.4,  686.1,  707.9,  725.9,  710.5,  689.0,  578.1,  598.3,  622.7,  640.1,  658.6,  683.0,  703.9,  687.6,  665.8,  645.5,  627.0,  601.3,  587.9,  624.0,  640.9,  660.1,  693.9,  663.0,  643.6,  625.9,  322.5,  367.8,  411.7,  454.4,  494.1,  529.6,  559.6,  581.4,  585.1,  573.9,  547.2,  512.4,  472.4,  427.6,  382.0,  336.5,  291.3,  280.3,  255.2,  242.7,  242.5,  249.9,  244.9,  234.4,  231.3,  239.5,  260.6,  287.6,  314.2,  340.2,  367.3,  393.1,  398.1,  402.0,  395.0,  387.8,  304.7,  291.2,  289.5,  301.1,  306.9,  309.4,  295.3,  280.8,  280.4,  290.4,  296.9,  298.2,  458.3,  437.4,  428.6,  431.5,  425.8,  431.9,  447.0,  474.8,  487.6,  491.5,  491.1,  481.4,  456.5,  443.4,  443.3,  440.2,  447.7,  466.4,  470.6,  469.8,  -86.9,  -83.8,  -78.7,  -72.6,  -63.4,  -50.4,  -34.1,  -14.9,  5.2,  24.2,  40.7,  54.8,  64.1,  68.1,  69.4,  69.6,  68.9,  -68.7,  -60.8,  -48.2,  -34.7,  -22.5,  6.5,  18.8,  31.6,  44.1,  52.6,  -5.4,  -4.2,  -2.9,  -1.6,  -15.6,  -8.3,  -1.1,  5.8,  11.9,  -49.7,  -42.0,  -32.5,  -24.1,  -32.2,  -41.5,  11.5,  19.4,  28.7,  36.6,  29.7,  20.5,  -25.7,  -16.6,  -6.8,  0.0,  7.3,  17.2,  26.5,  19.1,  10.2,  2.2,  -5.1,  -15.5,  -21.5,  -6.3,  0.4,  7.9,  22.2,  9.1,  1.4,  -5.6,  -17.7,  3.7,  24.4,  44.3,  62.3,  77.6,  88.9,  94.8,  95.0,  91.6,  83.2,  69.6,  52.2,  31.4,  10.2,  -10.9,  -32.1,  -34.5,  -44.6,  -48.9,  -48.2,  -44.6,  -46.7,  -51.9,  -54.1,  -51.6,  -43.4,  -29.2,  -18.1,  -7.6,  2.7,  13.2,  15.0,  16.4,  13.7,  11.0,  -23.4,  -28.9,  -29.5,  -24.6,  -22.1,  -21.1,  -27.1,  -33.3,  -33.6,  -29.7,  -26.5,  -25.9,  40.8,  30.9,  26.9,  27.9,  25.7,  28.8,  36.1,  46.1,  50.2,  51.6,  51.7,  48.7,  39.9,  32.9,  32.7,  31.6,  36.1,  42.2,  43.7,  43.6,  414.0,  413.9,  412.7,  410.5,  406.5,  400.4,  390.0,  374.8,  369.3,  374.8,  389.0,  399.9,  406.1,  406.6,  405.8,  405.8,  408.6,  378.6,  372.1,  365.0,  358.9,  354.3,  354.7,  361.3,  367.8,  374.8,  381.6,  353.4,  345.6,  337.8,  330.2,  347.3,  343.8,  341.3,  343.2,  346.2,  369.9,  366.9,  365.9,  365.3,  364.7,  365.6,  367.1,  367.8,  369.3,  372.8,  368.1,  366.3,  363.3,  349.1,  343.0,  341.8,  342.3,  350.1,  363.3,  351.4,  344.2,  343.6,  344.9,  350.6,  361.6,  344.9,  343.3,  344.4,  360.6,  346.9,  345.9,  347.5,  2.386,  0.022,  -0.006,  -0.089,  633.949,  386.547,  -5.610,  10.677,  4.231,  9.709,  -12.760,  -9.661,  0.065,  0.692,  2.520,  -4.933,  -8.890,  -0.702,  1.884,  -1.547,  10.275,  -3.135,  3.243,  -2.334,  -2.718,  -1.413,  -2.316,  2.171,  -1.419,  -0.908,  0.422,  2.892,  -1.225,  -1.306,  0.198,  -1.126,  -1.012,  0.101,  -0.439,  0.054, 0.73, 0.00, 0.00, 0.00, 0.00, 0.00, 0.00, 1.48, 0.88, 0.00, 0.36, 0.06, 0.00, 0.00, 1.59, 0.00, 0.00, 0.00, 0.00, 0.00, 1.00, 0.00, 0.00, 0.00, 1.00, 1.00, 0.00, 0.00, 0.00, 0.00, 0.00, 0.00, 0.00, 0.00, 0.00
41,  0,  1.335,  0.98,  1,  0.031257,  0.033690,  -0.998943,  -0.067574,  0.092178,  -0.993447,  -0.018,  0.063,  535.7,  539.5,  550.0,  561.3,  566.6,  564.0,  552.3,  541.1,  525.6,  530.2,  538.5,  550.5,  563.7,  574.1,  582.1,  574.0,  562.8,  551.4,  540.9,  532.2,  546.7,  552.5,  557.9,  559.8,  557.0,  551.2,  545.8,  544.0,  678.8,  681.7,  692.4,  704.8,  711.5,  708.6,  697.8,  684.6,  669.3,  675.9,  685.3,  697.7,  709.2,  717.6,  723.8,  718.7,  711.6,  702.3,  690.5,  678.8,  689.6,  695.9,  701.3,  702.8,  699.4,  693.2,  687.7,  686.3,  297.8,  285.7,  279.8,  283.6,  294.8,  307.7,  312.8,  309.0,  306.0,  298.4,  292.7,  288.8,  289.6,  293.9,  300.7,  306.4,  309.7,  312.0,  312.2,  310.6,  303.1,  305.0,  302.0,  295.8,  290.0,  288.1,  291.2,  297.4,  288.8,  276.7,  271.1,  275.2,  286.6,  298.7,  304.3,  301.4,  294.4,  286.8,  281.9,  279.7,  281.7,  285.6,  292.0,  296.0,  298.2,  299.3,  298.9,  298.0,  294.9,  297.0,  294.1,  288.0,  282.3,  280.2,  283.0,  289.1,  -37.3,  -36.0,  -32.1,  -28.0,  -26.0,  -26.9,  -31.1,  -35.3,  -41.6,  -39.5,  -36.2,  -31.7,  -27.0,  -23.4,  -20.6,  -23.4,  -27.3,  -31.4,  -35.3,  -38.8,  -33.3,  -31.2,  -29.2,  -28.6,  -29.6,  -31.7,  -33.7,  -34.4,  13.8,  14.9,  18.9,  23.4,  25.8,  24.6,  20.6,  15.8,  10.4,  12.8,  16.1,  20.6,  24.9,  28.1,  30.6,  28.4,  25.6,  22.1,  17.9,  13.7,  17.7,  20.0,  22.0,  22.6,  21.4,  19.1,  17.1,  16.6,  -22.2,  -26.6,  -28.6,  -27.1,  -23.1,  -18.5,  -16.8,  -18.2,  -19.6,  -22.2,  -24.0,  -25.2,  -24.9,  -23.4,  -21.1,  -19.0,  -17.8,  -17.0,  -17.0,  -17.8,  -20.3,  -19.6,  -20.7,  -22.9,  -24.9,  -25.7,  -24.6,  -22.4,  -25.4,  -29.8,  -32.0,  -30.6,  -26.4,  -22.0,  -19.8,  -20.8,  -23.4,  -26.0,  -27.8,  -28.6,  -28.1,  -26.9,  -24.8,  -23.1,  -22.1,  -21.5,  -21.6,  -22.0,  -23.3,  -22.6,  -23.7,  -25.9,  -28.0,  -28.7,  -27.6,  -25.4,  313.1,  313.0,  312.0,  310.7,  309.8,  310.0,  310.9,  312.2,  317.8,  314.7,  311.7,  309.5,  309.1,  309.9,  311.0,  309.9,  309.1,  309.8,  311.7,  314.5,  312.6,  311.9,  311.4,  311.4,  311.9,  312.5,  313.0,  313.1,  311.6,  313.5,  315.3,  316.0,  315.2,  313.4,  311.6,  310.9,  311.3,  311.1,  311.3,  312.2,  314.2,  316.7,  319.2,  315.9,  312.8,  310.4,  309.6,  310.2,  312.9,  313.3,  314.2,  315.1,  315.5,  315.2,  314.2,  313.3,  -2.4,  11.1,  357.4,  -0.044,  -0.015,  -0.089,  456.5,  463.3,  473.6,  485.9,  504.3,  530.6,  564.0,  605.2,  652.1,  696.6,  732.0,  760.7,  778.7,  786.9,  789.6,  790.2,  787.6,  481.6,  497.0,  524.6,  555.8,  585.2,  656.7,  686.3,  716.0,  743.7,  760.7,  627.2,  630.1,  633.1,  636.3,  602.1,  619.9,  637.8,  654.8,  669.8,  523.0,  540.3,  562.6,  582.4,  563.3,  541.1,  668.0,  686.6,  708.4,  726.1,  710.9,  689.4,  580.4,  599.7,  623.6,  640.5,  658.6,  682.5,  702.6,  687.0,  665.8,  645.9,  627.7,  602.5,  590.3,  624.9,  641.4,  660.1,  692.7,  662.9,  644.0,  626.6,  322.6,  368.0,  412.1,  454.9,  495.0,  530.8,  561.5,  584.4,  588.6,  577.1,  548.8,  512.7,  472.1,  427.1,  381.9,  336.9,  292.0,  282.1,  256.5,  243.7,  243.5,  251.1,  246.0,  235.3,  232.0,  240.2,  261.5,  288.6,  315.1,  341.2,  368.3,  394.3,  399.3,  403.2,  396.3,  389.2,  305.7,  292.3,  290.5,  301.9,  307.9,  310.5,  296.0,  281.8,  281.4,  291.3,  297.9,  299.1,  459.4,  438.3,  429.4,  432.4,  426.7,  433.1,  448.6,  477.0,  490.0,  493.9,  493.4,  483.2,  457.5,  445.0,  445.0,  442.0,  449.3,  467.8,  471.9,  471.1,  -86.7,  -83.5,  -78.5,  -72.4,  -63.0,  -50.0,  -33.9,  -14.9,  5.1,  24.3,  40.9,  55.2,  64.3,  68.2,  69.3,  69.6,  68.8,  -68.5,  -60.8,  -48.2,  -34.6,  -22.2,  6.8,  19.1,  32.0,  44.5,  52.7,  -5.2,  -3.9,  -2.7,  -1.4,  -15.0,  -7.9,  -0.9,  5.8,  11.8,  -49.4,  -41.8,  -32.4,  -24.0,  -32.0,  -41.3,  11.8,  19.6,  28.9,  36.7,  29.9,  20.7,  -24.7,  -16.1,  -6.4,  0.2,  7.3,  17.0,  25.9,  18.9,  10.2,  2.3,  -4.9,  -15.0,  -20.5,  -6.0,  0.6,  7.9,  21.7,  9.1,  1.6,  -5.3,  -17.7,  3.8,  24.6,  44.6,  62.7,  78.2,  89.8,  96.3,  96.7,  93.2,  84.0,  69.8,  52.0,  31.1,  10.2,  -10.7,  -31.7,  -33.7,  -44.0,  -48.5,  -47.8,  -44.1,  -46.3,  -51.6,  -53.8,  -51.3,  -43.0,  -28.9,  -17.7,  -7.3,  3.1,  13.6,  15.5,  16.9,  14.3,  11.6,  -22.9,  -28.4,  -29.0,  -24.2,  -21.7,  -20.7,  -26.9,  -32.9,  -33.2,  -29.3,  -26.1,  -25.5,  41.1,  31.2,  27.2,  28.3,  26.1,  29.2,  36.7,  47.0,  51.2,  52.7,  52.6,  49.3,  40.2,  33.5,  33.4,  32.3,  36.7,  42.8,  44.3,  44.2,  413.3,  413.7,  412.9,  410.8,  406.5,  400.3,  390.1,  375.4,  370.2,  375.7,  389.3,  399.8,  405.7,  406.1,  405.5,  405.4,  407.8,  378.6,  372.1,  365.2,  359.2,  354.9,  355.4,  361.8,  368.1,  375.1,  381.9,  353.8,  346.0,  338.3,  330.8,  347.5,  344.2,  341.9,  343.6,  346.6,  369.8,  366.8,  365.8,  365.3,  364.7,  365.6,  367.6,  368.1,  369.6,  373.0,  368.4,  366.7,  362.3,  348.6,  342.8,  341.7,  342.3,  349.7,  362.3,  351.3,  344.8,  344.3,  345.4,  350.3,  360.6,  344.9,  343.5,  344.6,  359.7,  347.3,  346.2,  347.7,  2.385,  0.022,  -0.006,  -0.089,  634.393,  387.729,  -7.143,  11.539,  2.211,  10.991,  -13.722,  -11.758,  0.555,  -0.338,  3.422,  -6.078,  -8.890,  -0.882,  2.519,  -0.896,  11.253,  -4.353,  2.141,  -1.990,  -2.493,  -1.368,  -2.398,  1.801,  -0.660,  -0.062,  0.749,  3.056,  -1.047,  -1.433,  0.082,  -1.165,  -1.181,  0.108,  -0.489,  0.059, 0.75, 0.06, 0.00, 0.00, 0.00, 0.00, 0.04, 1.59, 0.84, 0.00, 0.28, 0.06, 0.00, 0.00, 1.63, 0.16, 0.03, 0.00, 0.00, 0.00, 1.00, 0.00, 0.00, 0.00, 1.00, 0.00, 0.00, 0.00, 0.00, 0.00, 0.00, 0.00, 0.00, 0.00, 0.00
42,  0,  1.368,  0.98,  1,  0.000996,  0.042997,  -0.999075,  -0.054750,  0.104937,  -0.992971,  -0.027,  0.074,  535.6,  538.8,  548.7,  559.4,  564.8,  562.6,  551.7,  541.0,  525.5,  530.1,  538.6,  551.0,  564.0,  573.6,  580.6,  573.6,  563.1,  551.8,  541.4,  532.3,  546.3,  551.4,  556.0,  557.5,  555.0,  549.9,  545.3,  543.8,  679.5,  682.6,  693.3,  705.3,  711.6,  708.5,  697.8,  684.9,  669.5,  676.2,  685.5,  697.8,  709.4,  717.8,  723.9,  718.6,  711.4,  702.1,  690.6,  678.9,  689.9,  696.1,  701.6,  703.2,  700.0,  693.8,  688.3,  686.7,  298.7,  287.4,  281.9,  285.3,  295.6,  307.6,  312.4,  309.0,  306.9,  299.2,  293.6,  289.6,  290.5,  294.7,  301.2,  306.9,  310.3,  312.7,  313.1,  311.6,  302.8,  304.4,  301.8,  296.5,  291.6,  290.1,  292.7,  298.0,  289.7,  277.6,  271.9,  276.0,  287.5,  299.6,  305.3,  302.2,  295.0,  287.6,  282.7,  280.5,  282.4,  286.1,  292.5,  297.1,  299.8,  301.2,  300.7,  299.3,  295.7,  297.8,  294.9,  288.7,  282.8,  280.7,  283.6,  289.8,  -39.3,  -38.1,  -34.3,  -30.2,  -28.1,  -29.0,  -33.1,  -37.2,  -43.7,  -41.6,  -38.0,  -33.2,  -28.4,  -24.9,  -22.4,  -24.9,  -28.8,  -33.0,  -37.1,  -40.8,  -35.3,  -33.3,  -31.5,  -31.0,  -31.9,  -33.9,  -35.7,  -36.2,  14.2,  15.4,  19.3,  23.8,  26.0,  24.8,  20.8,  16.1,  10.6,  13.0,  16.3,  20.8,  25.1,  28.4,  30.9,  28.6,  25.8,  22.2,  18.1,  13.9,  18.0,  20.3,  22.3,  23.0,  21.8,  19.5,  17.5,  16.9,  -23.1,  -27.3,  -29.3,  -28.0,  -24.1,  -19.6,  -17.8,  -19.2,  -20.3,  -23.0,  -24.9,  -26.2,  -25.9,  -24.5,  -22.1,  -19.9,  -18.6,  -17.7,  -17.6,  -18.3,  -21.5,  -20.9,  -21.9,  -23.8,  -25.7,  -26.3,  -25.4,  -23.4,  -25.3,  -29.8,  -32.0,  -30.6,  -26.3,  -21.8,  -19.7,  -20.7,  -23.3,  -26.0,  -27.7,  -28.6,  -28.1,  -27.0,  -24.9,  -22.9,  -21.7,  -21.0,  -21.2,  -21.7,  -23.2,  -22.5,  -23.6,  -25.9,  -28.1,  -28.8,  -27.7,  -25.4,  329.5,  329.3,  328.5,  327.6,  327.1,  327.5,  328.1,  329.0,  334.3,  331.1,  328.3,  326.4,  326.5,  327.9,  329.5,  328.2,  327.1,  327.5,  329.0,  331.5,  329.4,  329.0,  328.6,  328.5,  328.7,  329.2,  329.5,  329.6,  314.5,  316.0,  317.6,  318.4,  317.9,  316.4,  314.8,  314.1,  314.4,  313.9,  313.8,  314.6,  316.7,  319.3,  322.0,  318.7,  315.7,  313.4,  312.6,  313.2,  315.8,  316.2,  317.1,  317.9,  318.1,  317.7,  316.9,  316.1,  -2.0,  12.4,  355.4,  -0.030,  -0.016,  -0.090,  456.4,  463.3,  474.5,  488.4,  508.4,  535.3,  568.0,  607.7,  653.0,  696.1,  730.5,  759.0,  777.4,  786.4,  790.0,  790.8,  788.6,  482.3,  497.0,  524.7,  556.0,  584.6,  657.5,  686.8,  716.4,  743.7,  759.8,  627.0,  629.8,  632.8,  636.0,  603.4,  620.4,  637.8,  654.2,  668.7,  523.2,  540.3,  562.6,  582.2,  563.3,  541.1,  668.5,  686.7,  708.5,  725.8,  711.0,  689.5,  586.9,  603.0,  625.8,  641.6,  658.3,  681.4,  699.4,  687.0,  667.1,  648.4,  631.2,  606.8,  596.7,  627.2,  642.5,  659.8,  689.6,  664.1,  646.3,  630.0,  322.2,  368.9,  414.4,  458.2,  499.5,  536.4,  568.9,  594.0,  599.4,  587.7,  557.9,  519.9,  477.7,  431.4,  384.6,  337.8,  291.4,  282.6,  256.4,  243.7,  243.8,  252.0,  246.8,  235.9,  232.5,  240.8,  262.2,  290.0,  316.5,  342.3,  369.2,  395.0,  400.2,  404.1,  397.2,  390.1,  306.7,  293.1,  291.3,  302.6,  308.9,  311.5,  296.7,  282.7,  282.3,  292.2,  299.0,  300.1,  463.7,  440.4,  430.6,  433.7,  428.2,  435.5,  453.3,  486.7,  502.1,  506.1,  505.3,  492.6,  461.4,  446.0,  445.9,  443.3,  453.9,  479.5,  483.9,  482.7,  -85.7,  -82.7,  -77.4,  -70.6,  -60.6,  -47.5,  -32.0,  -13.9,  5.5,  24.1,  40.1,  54.0,  63.1,  67.2,  68.7,  69.1,  68.4,  -67.5,  -60.2,  -47.6,  -34.2,  -22.3,  7.0,  19.2,  31.9,  44.0,  51.8,  -5.2,  -4.0,  -2.8,  -1.5,  -14.4,  -7.6,  -0.9,  5.5,  11.3,  -48.9,  -41.4,  -32.1,  -23.9,  -31.7,  -41.0,  11.9,  19.5,  28.7,  36.2,  29.6,  20.5,  -21.8,  -14.6,  -5.5,  0.6,  7.1,  16.4,  24.3,  18.8,  10.7,  3.3,  -3.5,  -13.2,  -17.7,  -5.0,  1.0,  7.7,  20.2,  9.6,  2.5,  -4.0,  -17.7,  4.2,  25.4,  45.7,  64.2,  80.0,  92.7,  100.5,  101.6,  97.9,  87.7,  72.5,  54.0,  32.8,  11.3,  -10.2,  -31.6,  -33.1,  -43.6,  -48.0,  -47.3,  -43.5,  -45.6,  -50.9,  -53.2,  -50.6,  -42.3,  -28.1,  -17.1,  -6.8,  3.4,  13.8,  15.7,  17.1,  14.5,  11.8,  -22.3,  -27.8,  -28.5,  -23.7,  -21.1,  -20.1,  -26.4,  -32.2,  -32.5,  -28.7,  -25.5,  -24.9,  42.6,  31.8,  27.5,  28.6,  26.5,  29.9,  38.3,  50.8,  56.2,  57.7,  57.5,  52.9,  41.4,  33.7,  33.5,  32.6,  38.3,  47.5,  49.1,  48.8,  408.1,  409.4,  409.2,  407.5,  402.9,  397.0,  388.2,  375.6,  371.2,  376.1,  387.8,  396.7,  401.6,  401.5,  401.0,  401.0,  402.8,  374.4,  368.3,  361.6,  356.0,  352.2,  352.8,  358.7,  364.9,  371.6,  378.2,  351.0,  343.3,  335.8,  328.5,  344.4,  341.3,  339.4,  340.8,  343.7,  366.4,  363.5,  362.6,  362.0,  361.9,  362.7,  364.3,  364.7,  366.2,  369.7,  365.3,  363.4,  359.0,  345.9,  340.4,  339.5,  340.0,  347.2,  358.9,  350.6,  345.8,  345.5,  346.2,  349.3,  357.6,  342.8,  341.5,  342.5,  356.7,  347.7,  346.8,  348.0,  2.402,  0.039,  -0.007,  -0.090,  635.117,  391.079,  -17.751,  11.929,  4.740,  17.775,  -12.381,  -17.342,  7.389,  -0.204,  6.149,  -10.833,  -8.662,  -1.678,  3.521,  -2.560,  12.084,  -6.955,  1.030,  -2.811,  -3.212,  -0.152,  -2.315,  2.676,  -0.734,  0.106,  1.645,  3.326,  -0.672,  -1.540,  -0.059,  -1.236,  -1.305,  0.048,  -0.425,  0.164, 0.91, 0.10, 0.00, 0.00, 0.00, 0.00, 0.04, 1.62, 0.57, 0.00, 0.11, 0.11, 0.00, 0.00, 1.77, 0.91, 0.03, 1.00, 1.00, 0.00, 1.00, 0.00, 0.00, 0.00, 1.00, 0.00, 0.00, 0.00, 0.00, 0.00, 0.00, 1.00, 1.00, 0.00, 0.00
43,  0,  1.401,  0.98,  1,  0.020513,  0.060003,  -0.997987,  -0.018735,  0.115871,  -0.993088,  0.001,  0.088,  536.4,  539.6,  549.5,  560.4,  565.9,  563.7,  552.7,  541.8,  526.0,  530.5,  538.9,  551.4,  564.6,  574.3,  581.5,  574.3,  563.7,  552.4,  541.9,  532.9,  546.8,  552.5,  557.6,  559.2,  556.4,  550.7,  545.6,  544.0,  681.1,  684.2,  694.5,  706.0,  712.1,  709.1,  698.8,  686.4,  670.2,  676.7,  685.7,  697.8,  709.5,  718.2,  724.3,  719.0,  711.4,  701.8,  690.3,  679.1,  691.1,  697.2,  702.7,  704.3,  701.1,  695.0,  689.5,  687.9,  299.2,  287.8,  282.3,  285.8,  296.3,  308.4,  313.2,  309.7,  306.9,  299.3,  293.8,  289.8,  290.6,  294.6,  301.1,  307.2,  310.8,  313.3,  313.6,  311.8,  303.9,  305.7,  302.8,  297.0,  291.6,  289.8,  292.7,  298.5,  289.2,  277.9,  272.6,  276.5,  287.3,  298.6,  303.8,  301.0,  294.7,  287.6,  282.5,  280.1,  282.1,  286.4,  293.1,  296.6,  298.3,  299.2,  298.8,  298.1,  295.2,  297.3,  294.5,  288.5,  282.8,  280.7,  283.5,  289.5,  -38.4,  -37.2,  -33.4,  -29.3,  -27.2,  -28.1,  -32.2,  -36.3,  -42.9,  -40.8,  -37.3,  -32.5,  -27.6,  -24.2,  -21.6,  -24.2,  -28.1,  -32.3,  -36.3,  -39.9,  -34.5,  -32.4,  -30.4,  -29.8,  -30.9,  -33.0,  -34.9,  -35.6,  15.3,  16.5,  20.4,  24.8,  27.0,  25.7,  21.8,  17.2,  11.2,  13.6,  17.0,  21.5,  26.0,  29.4,  32.0,  29.7,  26.6,  22.8,  18.6,  14.5,  19.0,  21.3,  23.4,  24.1,  22.9,  20.6,  18.5,  17.8,  -22.5,  -26.7,  -28.7,  -27.3,  -23.4,  -19.0,  -17.3,  -18.6,  -20.0,  -22.6,  -24.4,  -25.7,  -25.4,  -24.1,  -21.8,  -19.5,  -18.1,  -17.2,  -17.2,  -18.0,  -20.8,  -20.1,  -21.1,  -23.3,  -25.3,  -26.0,  -24.9,  -22.8,  -26.3,  -30.6,  -32.7,  -31.3,  -27.2,  -22.9,  -20.8,  -21.8,  -24.3,  -26.9,  -28.7,  -29.7,  -29.1,  -27.7,  -25.4,  -23.8,  -22.9,  -22.5,  -22.6,  -22.9,  -24.1,  -23.4,  -24.5,  -26.8,  -29.0,  -29.7,  -28.6,  -26.3,  324.0,  323.6,  322.7,  321.9,  321.6,  322.2,  322.9,  323.7,  329.2,  325.8,  322.8,  320.7,  320.9,  322.2,  323.9,  322.7,  321.7,  322.2,  323.8,  326.2,  324.1,  323.6,  323.2,  323.0,  323.1,  323.6,  324.0,  324.2,  324.7,  326.3,  327.9,  328.5,  327.7,  326.1,  324.5,  324.0,  325.1,  324.7,  324.5,  325.1,  327.1,  329.5,  332.2,  328.6,  325.7,  323.5,  322.9,  323.7,  325.7,  326.0,  326.9,  327.8,  328.2,  327.9,  327.0,  326.2,  -1.6,  14.1,  350.1,  -0.025,  -0.020,  -0.094,  456.2,  463.9,  476.7,  492.6,  513.9,  540.3,  572.2,  610.5,  654.7,  696.9,  729.5,  756.8,  774.4,  784.1,  789.3,  791.1,  789.5,  483.3,  497.7,  525.6,  557.2,  585.1,  658.1,  687.1,  716.2,  743.0,  758.6,  627.5,  630.2,  633.0,  636.2,  604.6,  620.9,  638.0,  654.3,  668.2,  523.7,  540.9,  563.1,  582.6,  563.8,  541.6,  669.0,  687.0,  708.6,  725.5,  711.2,  689.7,  595.8,  606.7,  628.2,  642.6,  657.8,  679.2,  693.4,  686.0,  668.5,  651.1,  634.9,  611.6,  605.2,  629.6,  643.3,  659.0,  684.1,  665.5,  649.0,  633.9,  322.3,  371.9,  419.9,  465.8,  509.8,  548.9,  583.8,  609.9,  615.5,  602.6,  570.6,  529.4,  484.4,  436.3,  388.0,  339.4,  291.3,  283.6,  256.5,  243.8,  243.7,  251.7,  246.1,  236.1,  232.3,  240.3,  261.4,  289.8,  316.3,  341.9,  368.7,  394.6,  399.9,  403.8,  397.0,  389.5,  307.5,  293.3,  291.5,  302.6,  309.0,  311.7,  296.2,  282.1,  281.8,  291.7,  298.4,  299.6,  472.3,  443.6,  431.6,  434.6,  429.4,  439.0,  462.1,  501.5,  519.8,  524.2,  523.2,  507.7,  469.0,  446.1,  445.7,  443.8,  462.4,  497.2,  502.0,  500.6,  -83.9,  -80.8,  -74.8,  -67.3,  -57.0,  -44.5,  -29.8,  -12.6,  6.2,  24.2,  39.1,  51.9,  60.3,  64.7,  67.1,  68.1,  67.8,  -65.8,  -58.9,  -46.4,  -33.1,  -21.7,  7.2,  19.0,  31.4,  43.2,  50.6,  -4.9,  -3.8,  -2.6,  -1.4,  -13.7,  -7.3,  -0.8,  5.5,  10.9,  -47.8,  -40.4,  -31.3,  -23.3,  -31.0,  -40.1,  11.9,  19.3,  28.3,  35.6,  29.3,  20.3,  -17.8,  -12.9,  -4.5,  1.0,  6.8,  15.3,  21.4,  18.2,  11.2,  4.4,  -2.0,  -11.2,  -13.9,  -4.0,  1.3,  7.3,  17.6,  10.1,  3.5,  -2.4,  -17.2,  5.5,  27.5,  48.3,  67.7,  84.3,  98.2,  106.6,  107.7,  103.4,  91.9,  75.3,  55.9,  34.2,  12.6,  -9.3,  -31.2,  -32.1,  -42.8,  -47.2,  -46.5,  -42.9,  -45.3,  -50.1,  -52.6,  -50.2,  -42.1,  -27.7,  -16.9,  -6.8,  3.2,  13.4,  15.3,  16.7,  14.1,  11.4,  -21.6,  -27.2,  -27.9,  -23.3,  -20.7,  -19.7,  -26.1,  -32.0,  -32.2,  -28.4,  -25.3,  -24.7,  45.1,  32.5,  27.4,  28.4,  26.5,  30.8,  41.0,  56.0,  62.8,  64.6,  64.2,  58.2,  43.7,  33.1,  32.9,  32.2,  40.9,  54.2,  56.0,  55.5,  399.4,  401.2,  401.1,  399.4,  395.2,  390.5,  383.9,  373.2,  368.8,  372.7,  381.8,  388.8,  392.9,  392.9,  393.2,  394.4,  396.9,  367.4,  361.9,  355.2,  349.9,  346.4,  348.0,  354.0,  360.0,  366.9,  373.7,  345.4,  337.6,  330.2,  322.7,  337.8,  334.8,  333.0,  334.3,  337.2,  359.9,  357.1,  356.2,  355.3,  355.7,  356.5,  358.3,  358.8,  360.4,  364.2,  359.5,  357.4,  351.6,  339.7,  334.6,  333.7,  334.4,  340.9,  351.2,  346.3,  343.9,  344.0,  344.3,  345.0,  350.6,  337.0,  335.6,  336.7,  349.8,  345.4,  344.8,  345.6,  2.441,  0.044,  -0.013,  -0.094,  636.019,  395.700,  -31.456,  13.709,  9.104,  30.707,  -10.505,  -26.352,  17.098,  -3.040,  9.663,  -15.069,  -6.599,  -0.546,  4.908,  -2.786,  13.785,  -9.053,  0.820,  -2.476,  -5.635,  1.504,  -1.536,  4.446,  -1.388,  -0.743,  2.296,  4.466,  0.477,  -1.477,  0.079,  -1.258,  -1.207,  0.110,  -0.164,  0.272, 1.09, 0.21, 0.08, 0.12, 0.00, 0.00, 0.04, 1.48, 0.27, 0.00, 0.00, 0.16, 0.00, 0.00, 1.79, 1.91, 0.08, 1.00, 1.00, 0.00, 1.00, 0.00, 0.00, 0.00, 1.00, 0.00, 0.00, 0.00, 0.00, 0.00, 0.00, 1.00, 1.00, 0.00, 0.00
44,  0,  1.435,  0.98,  1,  0.084348,  0.016721,  -0.996296,  -0.059421,  0.082176,  -0.994845,  0.013,  0.050,  537.2,  541.2,  552.9,  565.4,  571.4,  568.6,  555.8,  543.3,  526.7,  531.5,  539.6,  551.5,  565.1,  576.0,  584.6,  576.0,  564.7,  552.9,  542.5,  533.8,  549.3,  555.9,  562.1,  564.2,  560.9,  554.3,  548.1,  546.0,  680.1,  683.3,  694.2,  706.4,  712.8,  709.7,  698.8,  685.6,  670.7,  677.2,  686.5,  699.0,  710.8,  719.3,  725.4,  720.1,  712.8,  703.3,  691.6,  680.0,  690.8,  697.1,  702.7,  704.3,  701.0,  694.7,  689.1,  687.5,  299.5,  286.1,  279.6,  283.8,  296.3,  310.6,  316.2,  312.0,  307.4,  300.0,  294.7,  290.6,  290.6,  294.4,  301.8,  308.0,  312.2,  315.0,  314.7,  312.3,  305.6,  307.8,  304.3,  297.2,  290.6,  288.4,  291.9,  299.0,  289.5,  277.5,  272.0,  276.2,  287.7,  299.6,  305.1,  302.0,  295.1,  287.6,  282.7,  280.8,  282.9,  287.0,  293.7,  297.5,  299.5,  300.4,  299.9,  298.8,  295.7,  297.9,  295.1,  289.0,  283.1,  280.9,  283.7,  289.8,  -34.8,  -33.4,  -29.3,  -25.0,  -22.9,  -23.9,  -28.3,  -32.7,  -38.9,  -36.9,  -33.8,  -29.6,  -25.0,  -21.4,  -18.6,  -21.4,  -25.1,  -29.1,  -32.8,  -36.1,  -30.7,  -28.4,  -26.2,  -25.5,  -26.6,  -28.9,  -31.1,  -31.8,  14.3,  15.6,  19.6,  24.1,  26.3,  25.0,  21.0,  16.3,  11.0,  13.3,  16.6,  21.1,  25.5,  28.8,  31.2,  29.0,  26.1,  22.6,  18.3,  14.2,  18.2,  20.5,  22.6,  23.2,  22.1,  19.8,  17.7,  17.1,  -20.5,  -25.0,  -27.1,  -25.6,  -21.3,  -16.6,  -14.7,  -16.2,  -18.0,  -20.4,  -22.0,  -23.2,  -23.2,  -21.9,  -19.5,  -17.4,  -15.9,  -15.1,  -15.2,  -16.2,  -18.4,  -17.6,  -18.8,  -21.1,  -23.4,  -24.2,  -23.1,  -20.7,  -25.2,  -29.7,  -31.8,  -30.4,  -26.1,  -21.7,  -19.6,  -20.7,  -23.2,  -25.9,  -27.6,  -28.4,  -27.8,  -26.5,  -24.3,  -22.6,  -21.7,  -21.2,  -21.4,  -21.8,  -23.1,  -22.3,  -23.4,  -25.7,  -27.8,  -28.6,  -27.5,  -25.2,  296.2,  295.9,  294.8,  293.4,  292.7,  293.1,  294.1,  295.4,  300.1,  297.2,  294.4,  292.3,  291.8,  292.2,  293.1,  292.4,  291.8,  292.5,  294.6,  297.3,  295.7,  295.0,  294.4,  294.3,  294.7,  295.4,  296.0,  296.1,  312.9,  314.7,  316.4,  317.0,  316.2,  314.4,  312.8,  312.2,  312.7,  312.5,  312.5,  313.3,  315.2,  317.6,  320.1,  316.9,  313.9,  311.6,  310.8,  311.5,  314.1,  314.4,  315.3,  316.2,  316.6,  316.3,  315.4,  314.5,  -1.5,  15.3,  345.7,  -0.067,  -0.016,  -0.088,  457.0,  464.6,  478.2,  494.2,  514.8,  540.9,  572.1,  611.2,  655.2,  696.5,  728.6,  755.3,  772.8,  782.8,  788.6,  791.3,  789.5,  483.9,  499.5,  527.3,  558.1,  585.8,  659.1,  687.7,  715.9,  742.9,  759.9,  628.9,  631.8,  634.9,  638.2,  606.0,  622.2,  639.2,  655.6,  669.7,  524.0,  541.7,  564.6,  584.7,  565.1,  542.1,  669.2,  687.7,  709.9,  727.2,  712.7,  690.5,  595.6,  605.8,  628.4,  642.5,  656.7,  678.6,  692.8,  685.2,  667.3,  650.6,  634.5,  610.2,  605.8,  629.9,  643.3,  658.1,  682.8,  663.9,  648.3,  633.4,  321.2,  373.0,  423.8,  472.2,  519.2,  561.3,  598.6,  624.0,  628.7,  615.6,  583.2,  540.2,  494.1,  444.4,  394.4,  343.6,  293.7,  283.3,  256.4,  244.0,  243.8,  251.3,  246.0,  237.1,  233.4,  240.3,  260.7,  288.5,  315.0,  340.7,  367.8,  396.0,  400.6,  404.2,  397.8,  390.8,  308.4,  294.0,  292.1,  303.1,  310.0,  312.8,  296.8,  282.5,  282.3,  292.3,  299.4,  300.3,  481.1,  446.7,  431.2,  434.5,  429.3,  442.2,  470.7,  512.1,  530.2,  534.2,  533.5,  518.0,  477.4,  449.8,  449.1,  447.8,  471.1,  502.5,  506.8,  505.8,  -82.3,  -79.2,  -73.1,  -65.6,  -55.7,  -43.5,  -29.4,  -12.1,  6.3,  23.6,  37.8,  50.2,  58.5,  63.0,  65.6,  66.9,  66.6,  -64.7,  -57.6,  -45.4,  -32.6,  -21.4,  7.6,  19.3,  31.2,  42.9,  50.8,  -4.4,  -3.2,  -1.9,  -0.6,  -13.0,  -6.8,  -0.3,  5.9,  11.3,  -47.3,  -39.8,  -30.4,  -22.2,  -30.1,  -39.5,  11.9,  19.4,  28.6,  36.0,  29.7,  20.5,  -17.6,  -13.1,  -4.4,  0.9,  6.3,  14.7,  20.8,  17.5,  10.5,  4.1,  -2.1,  -11.5,  -13.5,  -3.9,  1.3,  6.9,  16.8,  9.2,  3.2,  -2.6,  -17.4,  5.9,  28.8,  50.4,  70.8,  88.4,  103.1,  110.7,  111.2,  106.7,  95.3,  78.5,  59.1,  37.2,  15.2,  -7.2,  -29.5,  -31.8,  -42.4,  -46.8,  -46.3,  -43.0,  -45.3,  -49.7,  -52.0,  -50.0,  -42.0,  -28.1,  -17.3,  -7.2,  2.9,  13.8,  15.4,  16.7,  14.3,  11.8,  -21.0,  -26.7,  -27.4,  -22.8,  -20.1,  -19.0,  -25.7,  -31.6,  -31.8,  -27.9,  -24.7,  -24.2,  47.9,  33.1,  26.8,  27.9,  26.0,  31.4,  43.6,  58.9,  65.5,  67.2,  67.0,  61.2,  46.3,  34.1,  33.6,  33.2,  43.6,  55.1,  56.7,  56.5,  393.3,  395.1,  395.3,  393.3,  388.9,  384.3,  378.1,  367.0,  362.0,  365.1,  373.7,  381.2,  385.6,  385.8,  386.1,  387.2,  389.7,  362.7,  358.7,  352.8,  348.6,  345.8,  347.7,  353.8,  359.0,  365.2,  370.6,  343.5,  335.9,  328.7,  321.3,  335.0,  331.8,  329.9,  331.5,  334.4,  356.5,  354.0,  353.2,  351.5,  352.1,  353.0,  355.9,  356.5,  358.1,  361.3,  356.8,  354.8,  346.1,  334.3,  329.2,  328.1,  328.7,  334.6,  344.4,  338.9,  336.8,  337.2,  337.7,  338.7,  344.8,  332.2,  330.6,  331.4,  343.2,  338.5,  338.1,  339.0,  2.473,  0.008,  -0.009,  -0.087,  636.367,  399.666,  -41.679,  15.739,  5.969,  36.838,  -16.424,  -29.745,  17.697,  -3.295,  8.460,  -19.020,  -6.348,  2.616,  4.504,  -0.369,  13.346,  -6.434,  2.703,  -1.351,  -4.744,  1.047,  -2.179,  1.944,  -0.241,  -0.478,  0.067,  4.855,  1.532,  -1.479,  0.164,  -1.121,  -0.979,  0.220,  -0.367,  0.136, 1.16, 0.26, 0.18, 0.18, 0.00, 0.00, 0.00, 1.30, 0.05, 0.00, 0.00, 0.34, 0.00, 0.00, 1.80, 2.66, 0.05, 1.00, 1.00, 0.00, 1.00, 0.00, 0.00, 0.00, 1.00, 0.00, 0.00, 0.00, 0.00, 0.00, 0.00, 1.00, 1.00, 0.00, 0.00
45,  0,  1.468,  0.98,  1,  0.082803,  0.017497,  -0.996412,  -0.045554,  0.072355,  -0.996338,  0.019,  0.045,  537.7,  541.9,  553.6,  566.0,  571.8,  568.9,  556.0,  543.6,  527.2,  532.1,  540.2,  552.3,  565.8,  576.6,  585.1,  576.4,  565.0,  553.2,  542.8,  534.2,  549.6,  556.2,  562.4,  564.6,  561.4,  554.9,  548.7,  546.5,  681.0,  684.1,  694.7,  706.8,  713.2,  710.2,  699.5,  686.6,  671.2,  677.7,  686.9,  699.1,  710.8,  719.3,  725.6,  720.2,  712.8,  703.4,  691.9,  680.4,  691.6,  697.8,  703.4,  704.9,  701.6,  695.4,  689.8,  688.3,  300.2,  286.8,  280.4,  284.8,  297.3,  311.5,  317.0,  312.7,  308.2,  300.8,  295.6,  291.5,  291.4,  295.1,  302.3,  308.5,  312.6,  315.4,  315.1,  312.9,  306.4,  308.6,  305.2,  298.1,  291.5,  289.3,  292.7,  299.8,  290.3,  278.8,  273.5,  277.6,  288.6,  300.1,  305.4,  302.5,  296.3,  289.0,  284.1,  282.0,  284.1,  288.2,  294.8,  298.5,  300.3,  301.2,  300.7,  299.9,  296.5,  298.6,  295.9,  289.9,  284.2,  282.1,  284.9,  290.8,  -34.8,  -33.4,  -29.3,  -24.9,  -22.9,  -23.9,  -28.4,  -32.7,  -38.9,  -36.8,  -33.7,  -29.5,  -24.9,  -21.3,  -18.5,  -21.3,  -25.1,  -29.1,  -32.9,  -36.1,  -30.7,  -28.4,  -26.2,  -25.5,  -26.6,  -28.9,  -31.1,  -31.8,  14.9,  16.1,  20.1,  24.6,  26.9,  25.6,  21.6,  16.9,  11.3,  13.7,  17.0,  21.5,  25.9,  29.2,  31.8,  29.5,  26.5,  22.9,  18.7,  14.6,  18.8,  21.1,  23.2,  23.8,  22.6,  20.3,  18.2,  17.6,  -20.3,  -24.9,  -26.9,  -25.4,  -21.1,  -16.3,  -14.5,  -16.0,  -17.9,  -20.2,  -21.8,  -23.0,  -23.0,  -21.8,  -19.4,  -17.3,  -15.9,  -15.0,  -15.2,  -16.1,  -18.2,  -17.4,  -18.5,  -20.9,  -23.2,  -24.0,  -22.9,  -20.5,  -25.3,  -29.7,  -31.8,  -30.3,  -26.2,  -21.8,  -19.8,  -20.8,  -23.1,  -25.8,  -27.5,  -28.4,  -27.8,  -26.5,  -24.2,  -22.6,  -21.7,  -21.2,  -21.4,  -21.7,  -23.1,  -22.4,  -23.4,  -25.7,  -27.8,  -28.6,  -27.5,  -25.3,  297.6,  297.4,  296.3,  294.9,  294.1,  294.4,  295.4,  296.8,  301.4,  298.6,  295.8,  293.8,  293.2,  293.6,  294.5,  293.7,  293.1,  293.8,  295.9,  298.6,  297.1,  296.4,  295.8,  295.8,  296.2,  296.9,  297.5,  297.6,  317.9,  319.8,  321.5,  322.0,  321.0,  319.1,  317.3,  316.9,  317.7,  317.5,  317.4,  318.2,  320.0,  322.3,  324.8,  321.4,  318.4,  316.2,  315.6,  316.4,  318.8,  319.1,  320.0,  321.0,  321.5,  321.3,  320.4,  319.4,  -1.4,  16.3,  344.4,  -0.060,  -0.019,  -0.086,  456.6,  464.7,  478.9,  495.4,  516.5,  542.5,  573.0,  611.6,  655.4,  696.7,  728.1,  754.2,  771.4,  781.9,  788.2,  790.7,  788.9,  484.5,  500.5,  528.6,  559.7,  587.2,  659.2,  687.7,  716.1,  743.2,  759.9,  629.8,  632.5,  635.5,  638.7,  605.5,  621.9,  639.5,  656.6,  670.9,  524.6,  542.4,  565.1,  585.0,  565.5,  542.6,  669.8,  688.1,  710.0,  727.1,  712.9,  690.8,  595.2,  605.3,  628.4,  642.7,  657.3,  679.2,  693.2,  686.0,  667.7,  650.5,  634.3,  609.5,  604.9,  629.6,  643.2,  658.3,  683.5,  664.9,  648.8,  633.7,  321.0,  374.7,  427.1,  476.7,  524.7,  567.4,  604.7,  629.6,  634.0,  621.1,  589.4,  546.3,  499.2,  448.4,  397.2,  345.2,  294.0,  285.1,  257.6,  245.1,  244.8,  252.5,  247.4,  238.7,  235.1,  242.2,  263.2,  289.1,  315.4,  340.9,  367.8,  395.9,  400.8,  404.6,  398.0,  390.7,  309.4,  294.7,  292.9,  304.1,  310.6,  313.3,  298.1,  283.5,  283.2,  293.7,  300.3,  301.2,  484.4,  449.3,  433.9,  437.0,  432.2,  445.1,  474.4,  517.8,  536.5,  540.6,  539.7,  523.2,  480.9,  449.7,  449.0,  447.9,  474.8,  511.9,  516.5,  515.2,  -82.1,  -78.7,  -72.3,  -64.5,  -54.4,  -42.5,  -28.8,  -11.9,  6.3,  23.5,  37.4,  49.3,  57.4,  62.0,  64.9,  66.3,  66.1,  -64.0,  -56.8,  -44.6,  -31.8,  -20.7,  7.6,  19.2,  31.1,  42.9,  50.7,  -4.0,  -2.9,  -1.7,  -0.5,  -13.1,  -6.8,  -0.2,  6.2,  11.7,  -46.7,  -39.2,  -30.0,  -21.9,  -29.8,  -39.0,  12.0,  19.5,  28.5,  35.8,  29.5,  20.5,  -17.7,  -13.2,  -4.4,  1.0,  6.5,  15.0,  20.9,  17.8,  10.6,  4.1,  -2.2,  -11.8,  -13.8,  -3.9,  1.2,  6.9,  17.1,  9.6,  3.4,  -2.4,  -17.5,  6.6,  30.1,  52.0,  72.6,  90.5,  105.3,  112.6,  112.7,  108.2,  97.2,  80.5,  60.8,  38.6,  16.3,  -6.5,  -29.3,  -30.8,  -41.7,  -46.0,  -45.6,  -42.2,  -44.5,  -48.8,  -51.0,  -49.0,  -40.9,  -27.6,  -17.0,  -7.1,  2.9,  13.6,  15.3,  16.7,  14.3,  11.6,  -20.5,  -26.3,  -26.9,  -22.3,  -19.7,  -18.7,  -25.0,  -31.0,  -31.2,  -27.2,  -24.2,  -23.7,  49.2,  34.1,  27.7,  28.8,  27.1,  32.5,  45.0,  61.1,  67.9,  69.5,  69.3,  63.1,  47.6,  33.9,  33.5,  33.2,  45.1,  58.8,  60.4,  60.1,  391.9,  393.1,  392.6,  390.2,  385.6,  381.7,  376.4,  365.4,  360.0,  362.6,  370.9,  378.2,  382.3,  382.6,  383.3,  385.1,  388.5,  360.4,  356.4,  350.6,  346.1,  343.2,  345.6,  351.9,  357.2,  363.8,  369.7,  341.0,  333.3,  326.0,  318.6,  332.7,  329.1,  326.9,  328.5,  331.6,  353.9,  351.7,  351.1,  349.3,  349.9,  350.5,  353.4,  354.4,  356.1,  359.4,  354.6,  352.5,  345.8,  333.9,  328.5,  327.4,  328.1,  334.5,  344.5,  338.7,  336.4,  336.8,  337.3,  338.6,  344.7,  330.7,  329.0,  330.1,  343.5,  338.4,  338.0,  338.9,  2.485,  0.011,  -0.011,  -0.086,  636.647,  402.362,  -47.558,  17.099,  12.384,  39.263,  -13.821,  -28.952,  20.279,  -4.850,  10.574,  -18.453,  -6.702,  3.561,  3.221,  -1.105,  11.923,  -5.482,  3.860,  -1.844,  -7.100,  2.012,  -2.233,  3.756,  -1.014,  -1.666,  0.771,  4.918,  1.867,  -1.162,  0.207,  -1.208,  -0.730,  0.097,  -0.301,  0.276, 1.17, 0.31, 0.27, 0.26, 0.00, 0.03, 0.00, 1.29, 0.00, 0.00, 0.00, 0.44, 0.00, 0.00, 1.68, 2.74, 0.05, 1.00, 1.00, 0.00, 1.00, 0.00, 0.00, 0.00, 1.00, 0.00, 0.00, 0.00, 0.00, 0.00, 0.00, 1.00, 1.00, 0.00, 0.00
46,  0,  1.502,  0.98,  1,  0.091317,  0.005059,  -0.995809,  -0.027195,  0.059035,  -0.997885,  0.032,  0.032,  537.8,  542.3,  554.2,  566.6,  572.2,  568.8,  555.8,  543.4,  527.1,  532.0,  540.2,  552.2,  565.8,  576.6,  585.1,  576.3,  564.8,  553.0,  542.6,  534.1,  549.7,  556.2,  562.4,  564.8,  561.8,  555.3,  549.0,  546.7,  682.4,  685.2,  695.5,  707.3,  713.7,  710.9,  700.6,  688.0,  672.2,  678.2,  686.9,  698.7,  710.3,  719.1,  725.8,  720.3,  712.8,  703.3,  692.2,  681.2,  692.6,  699.0,  704.5,  706.0,  702.6,  696.3,  690.7,  689.2,  300.6,  287.3,  281.1,  285.6,  298.3,  312.5,  317.8,  313.2,  309.0,  301.6,  296.4,  292.5,  292.5,  296.4,  303.8,  309.9,  313.9,  316.5,  316.2,  313.8,  307.0,  309.3,  306.0,  299.0,  292.4,  290.1,  293.4,  300.4,  290.8,  280.7,  276.3,  280.0,  289.9,  300.0,  304.5,  301.8,  298.0,  290.6,  285.3,  282.9,  285.2,  290.0,  297.2,  299.8,  300.8,  301.2,  300.9,  300.7,  297.2,  299.2,  296.8,  291.3,  286.1,  284.0,  286.4,  291.9,  -34.6,  -33.1,  -28.9,  -24.6,  -22.7,  -23.8,  -28.3,  -32.6,  -38.7,  -36.7,  -33.6,  -29.3,  -24.8,  -21.2,  -18.4,  -21.3,  -25.0,  -29.1,  -32.8,  -36.0,  -30.5,  -28.2,  -26.1,  -25.3,  -26.3,  -28.6,  -30.8,  -31.6,  15.8,  17.0,  21.0,  25.4,  27.7,  26.4,  22.4,  17.8,  12.0,  14.2,  17.4,  21.9,  26.3,  29.8,  32.5,  30.1,  27.0,  23.4,  19.2,  15.2,  19.6,  22.0,  24.1,  24.8,  23.6,  21.2,  19.0,  18.4,  -20.1,  -24.6,  -26.6,  -24.9,  -20.6,  -15.9,  -14.2,  -15.8,  -17.5,  -19.8,  -21.4,  -22.6,  -22.5,  -21.2,  -18.8,  -16.7,  -15.4,  -14.5,  -14.7,  -15.7,  -17.9,  -17.1,  -18.1,  -20.5,  -22.8,  -23.6,  -22.5,  -20.2,  -25.7,  -29.7,  -31.6,  -30.2,  -26.3,  -22.4,  -20.6,  -21.5,  -23.0,  -25.8,  -27.8,  -28.7,  -28.0,  -26.4,  -23.8,  -22.6,  -22.0,  -21.7,  -21.8,  -21.9,  -23.4,  -22.7,  -23.6,  -25.8,  -27.8,  -28.6,  -27.6,  -25.5,  296.1,  296.0,  294.9,  293.5,  292.5,  292.8,  293.8,  295.2,  299.9,  297.1,  294.4,  292.3,  291.7,  292.1,  292.9,  292.1,  291.5,  292.2,  294.3,  297.1,  295.6,  294.8,  294.3,  294.2,  294.7,  295.5,  296.0,  296.0,  325.6,  328.2,  330.1,  330.2,  328.5,  325.9,  324.0,  323.8,  325.1,  325.3,  325.4,  326.1,  327.6,  329.6,  331.6,  328.0,  325.0,  322.9,  322.5,  323.5,  326.0,  326.1,  327.1,  328.5,  329.5,  329.4,  328.4,  326.9,  -1.5,  16.9,  346.7,  -0.058,  -0.015,  -0.084,  456.9,  465.0,  479.1,  495.5,  516.9,  543.4,  573.9,  612.0,  655.0,  695.5,  726.8,  753.1,  771.1,  782.1,  788.3,  790.7,  788.6,  484.8,  501.1,  529.2,  560.1,  587.4,  659.4,  687.9,  716.3,  743.5,  760.4,  629.9,  632.4,  635.2,  638.3,  604.8,  621.3,  639.0,  656.3,  670.9,  524.7,  542.4,  565.1,  584.6,  565.2,  542.5,  670.3,  688.0,  710.0,  727.2,  712.9,  691.0,  594.1,  604.8,  628.1,  642.2,  656.6,  678.8,  693.4,  685.7,  666.9,  650.1,  633.9,  608.9,  603.7,  629.3,  642.7,  657.6,  683.7,  664.2,  648.4,  633.4,  321.8,  376.4,  429.6,  479.6,  527.1,  568.4,  603.6,  626.6,  630.6,  618.6,  589.0,  548.0,  501.9,  451.3,  399.4,  346.3,  294.1,  285.3,  258.1,  246.1,  246.2,  253.9,  249.1,  240.3,  236.7,  243.5,  264.6,  290.6,  317.2,  343.0,  370.1,  397.2,  402.3,  406.1,  399.5,  392.1,  310.3,  295.5,  293.9,  305.3,  311.8,  314.2,  299.3,  284.7,  284.4,  295.0,  301.6,  302.5,  486.1,  451.4,  436.1,  439.2,  434.5,  447.3,  476.1,  519.2,  537.5,  541.3,  540.4,  524.3,  482.7,  451.5,  450.7,  449.6,  476.6,  513.5,  517.7,  516.4,  -82.4,  -79.0,  -72.6,  -64.8,  -54.6,  -42.3,  -28.5,  -11.7,  6.2,  23.1,  36.9,  49.1,  57.5,  62.4,  65.1,  66.4,  66.0,  -64.2,  -56.9,  -44.7,  -31.8,  -20.8,  7.7,  19.4,  31.3,  43.2,  51.0,  -3.9,  -2.9,  -1.8,  -0.6,  -13.5,  -7.1,  -0.4,  6.1,  11.8,  -46.9,  -39.4,  -30.2,  -22.2,  -30.1,  -39.3,  12.3,  19.5,  28.6,  35.9,  29.6,  20.6,  -18.3,  -13.5,  -4.5,  0.8,  6.3,  15.0,  21.2,  17.8,  10.4,  3.9,  -2.4,  -12.1,  -14.4,  -4.1,  1.0,  6.7,  17.3,  9.4,  3.3,  -2.6,  -17.2,  7.4,  31.4,  53.6,  74.0,  91.3,  105.0,  111.6,  111.5,  107.4,  97.4,  81.6,  62.3,  40.1,  17.3,  -6.0,  -29.2,  -30.9,  -41.7,  -45.9,  -45.3,  -41.9,  -44.1,  -48.4,  -50.6,  -48.5,  -40.4,  -27.2,  -16.4,  -6.4,  3.7,  14.2,  16.0,  17.4,  15.0,  12.3,  -20.2,  -26.0,  -26.7,  -21.9,  -19.4,  -18.5,  -24.6,  -30.6,  -30.9,  -26.8,  -23.8,  -23.3,  50.3,  35.2,  28.8,  29.9,  28.2,  33.7,  46.1,  62.1,  68.8,  70.3,  70.1,  64.1,  48.8,  34.8,  34.4,  34.1,  46.2,  59.8,  61.4,  61.1,  393.5,  394.9,  394.6,  392.5,  387.7,  383.3,  377.2,  366.1,  360.6,  363.3,  372.0,  379.7,  384.0,  384.0,  384.0,  385.2,  388.2,  362.0,  358.2,  352.6,  348.4,  345.4,  347.7,  353.9,  358.7,  364.7,  370.3,  343.0,  335.6,  328.6,  321.4,  334.8,  331.3,  329.1,  330.8,  333.8,  355.6,  353.6,  352.9,  351.2,  351.8,  352.4,  354.8,  355.7,  357.4,  360.6,  356.0,  353.9,  348.8,  337.0,  331.5,  330.2,  331.0,  337.6,  347.5,  341.5,  338.8,  339.2,  339.8,  341.6,  347.7,  333.4,  331.6,  332.6,  346.5,  340.9,  340.6,  341.6,  2.471,  0.014,  -0.005,  -0.084,  636.508,  403.605,  -51.836,  17.136,  11.564,  36.534,  -12.082,  -26.290,  20.112,  -3.870,  10.865,  -18.063,  -6.322,  3.010,  4.066,  -1.882,  10.275,  -3.301,  4.832,  -3.392,  -7.324,  2.855,  -2.071,  3.791,  -1.222,  -1.877,  0.673,  4.872,  1.653,  -1.228,  0.259,  -1.235,  -0.564,  0.069,  -0.174,  0.240, 1.08, 0.22, 0.31, 0.13, 0.00, 0.03, 0.00, 1.37, 0.02, 0.00, 0.00, 0.33, 0.00, 0.00, 1.87, 2.52, 0.00, 1.00, 1.00, 0.00, 1.00, 0.00, 0.00, 0.00, 1.00, 0.00, 0.00, 0.00, 0.00, 0.00, 0.00, 1.00, 1.00, 0.00, 0.00
47,  0,  1.535,  0.98,  1,  0.083178,  0.006140,  -0.996516,  -0.052215,  0.072639,  -0.995991,  0.016,  0.040,  537.6,  542.1,  553.6,  565.2,  570.3,  566.8,  554.3,  542.6,  527.2,  531.6,  539.5,  551.2,  564.5,  575.3,  583.8,  574.9,  563.3,  551.6,  541.5,  533.5,  548.9,  555.0,  561.0,  563.4,  560.7,  554.6,  548.6,  546.2,  681.5,  684.5,  694.9,  706.6,  712.8,  709.9,  699.5,  686.9,  671.6,  677.9,  686.8,  698.8,  710.3,  718.8,  725.1,  719.6,  712.2,  702.8,  691.7,  680.6,  691.7,  697.9,  703.3,  704.9,  701.6,  695.5,  690.0,  688.5,  303.7,  290.9,  285.0,  289.6,  301.9,  315.7,  320.7,  316.1,  312.4,  304.8,  299.3,  295.4,  296.0,  300.3,  307.8,  313.7,  317.3,  319.7,  319.4,  317.2,  310.1,  312.5,  309.4,  302.6,  296.2,  293.8,  296.9,  303.7,  295.4,  284.1,  279.0,  282.9,  293.6,  304.9,  310.1,  307.2,  301.7,  293.9,  288.7,  286.5,  288.8,  293.1,  300.0,  303.7,  305.5,  306.5,  306.0,  305.1,  301.5,  303.5,  300.9,  295.0,  289.3,  287.3,  289.9,  295.8,  -35.0,  -33.4,  -29.4,  -25.3,  -23.5,  -24.7,  -29.0,  -33.2,  -39.1,  -37.2,  -34.2,  -29.9,  -25.4,  -21.8,  -19.0,  -21.9,  -25.8,  -29.8,  -33.4,  -36.5,  -31.1,  -28.9,  -26.8,  -26.0,  -26.9,  -29.1,  -31.2,  -32.0,  15.4,  16.6,  20.5,  25.0,  27.2,  25.9,  22.0,  17.3,  11.7,  14.0,  17.3,  21.8,  26.2,  29.6,  32.1,  29.7,  26.7,  23.1,  19.0,  15.0,  19.2,  21.5,  23.6,  24.2,  23.1,  20.7,  18.7,  18.0,  -19.2,  -23.6,  -25.5,  -23.8,  -19.6,  -14.9,  -13.3,  -15.0,  -16.5,  -18.9,  -20.6,  -21.8,  -21.5,  -20.1,  -17.6,  -15.6,  -14.4,  -13.6,  -13.8,  -14.7,  -17.0,  -16.1,  -17.2,  -19.5,  -21.7,  -22.5,  -21.5,  -19.2,  -23.9,  -28.2,  -30.3,  -28.9,  -24.8,  -20.5,  -18.4,  -19.5,  -21.6,  -24.4,  -26.3,  -27.2,  -26.5,  -25.1,  -22.6,  -21.1,  -20.2,  -19.7,  -19.8,  -20.2,  -21.7,  -21.0,  -22.0,  -24.3,  -26.4,  -27.2,  -26.1,  -23.9,  299.0,  298.9,  297.6,  296.0,  294.9,  295.2,  296.3,  297.9,  303.4,  300.4,  297.4,  295.1,  294.2,  294.4,  295.1,  294.4,  294.0,  294.9,  297.2,  300.2,  298.2,  297.4,  296.7,  296.7,  297.2,  298.1,  298.7,  298.8,  323.8,  325.7,  327.4,  327.9,  326.8,  324.9,  323.2,  322.8,  323.5,  323.3,  323.3,  323.9,  325.7,  328.0,  330.5,  327.0,  324.0,  321.9,  321.3,  322.2,  324.7,  325.0,  325.8,  326.9,  327.4,  327.2,  326.3,  325.3,  -1.5,  17.2,  351.8,  -0.050,  -0.005,  -0.090,  456.3,  464.7,  478.7,  495.2,  517.7,  545.7,  576.0,  612.7,  654.6,  695.2,  727.8,  755.4,  774.1,  784.7,  789.9,  791.5,  789.1,  484.1,  500.8,  528.9,  559.5,  587.0,  658.1,  687.2,  716.1,  743.8,  761.0,  629.0,  631.4,  634.0,  637.0,  603.4,  620.4,  638.3,  655.8,  670.9,  524.1,  541.5,  564.2,  583.4,  564.2,  541.4,  670.0,  687.4,  709.6,  727.0,  712.3,  690.4,  590.7,  604.2,  627.3,  642.1,  657.6,  680.5,  697.5,  686.9,  667.2,  649.6,  632.9,  608.3,  600.5,  628.7,  642.9,  658.9,  687.4,  664.5,  647.9,  632.3,  323.8,  377.2,  429.6,  478.5,  523.8,  562.6,  595.3,  617.5,  621.4,  610.2,  581.5,  542.1,  497.3,  447.8,  397.2,  346.0,  295.6,  289.1,  262.6,  250.9,  251.3,  259.2,  254.7,  245.5,  241.8,  248.7,  270.0,  295.2,  321.9,  347.9,  375.1,  402.1,  406.9,  410.7,  403.9,  396.4,  313.2,  298.8,  297.2,  309.1,  315.5,  317.8,  303.2,  288.5,  288.1,  298.7,  305.4,  306.4,  484.3,  453.6,  440.0,  443.1,  438.0,  448.9,  473.6,  510.1,  525.8,  529.4,  528.7,  515.6,  481.5,  455.9,  455.3,  453.6,  474.1,  502.1,  506.1,  505.1,  -84.5,  -81.0,  -74.4,  -66.4,  -55.3,  -42.1,  -28.0,  -11.6,  6.1,  23.3,  38.0,  51.1,  59.9,  64.6,  66.8,  67.5,  66.9,  -65.5,  -57.8,  -45.4,  -32.5,  -21.2,  7.3,  19.3,  31.5,  43.6,  51.6,  -4.4,  -3.4,  -2.3,  -1.1,  -14.2,  -7.5,  -0.7,  6.1,  12.0,  -47.9,  -40.4,  -31.0,  -23.1,  -30.9,  -40.3,  12.3,  19.5,  28.8,  36.3,  29.8,  20.7,  -20.1,  -14.0,  -4.9,  0.8,  6.8,  15.9,  23.3,  18.6,  10.7,  3.8,  -2.8,  -12.6,  -16.0,  -4.4,  1.1,  7.3,  19.1,  9.7,  3.1,  -3.0,  -16.7,  8.0,  32.1,  54.3,  74.1,  90.3,  103.0,  109.4,  109.4,  105.6,  95.9,  80.6,  61.4,  39.2,  16.6,  -6.3,  -28.9,  -29.8,  -40.4,  -44.6,  -43.9,  -40.4,  -42.3,  -46.8,  -48.9,  -46.8,  -38.4,  -25.8,  -14.8,  -4.6,  5.6,  16.4,  18.1,  19.4,  16.9,  14.1,  -19.3,  -25.1,  -25.7,  -20.8,  -18.2,  -17.3,  -23.4,  -29.4,  -29.7,  -25.6,  -22.5,  -22.0,  50.5,  36.7,  30.8,  31.9,  30.0,  34.9,  46.1,  59.5,  64.9,  66.3,  66.2,  61.6,  49.2,  37.2,  36.8,  36.2,  46.1,  56.0,  57.4,  57.2,  402.5,  404.0,  403.8,  401.4,  395.8,  390.1,  383.0,  371.5,  366.1,  369.2,  378.9,  387.2,  391.2,  390.4,  389.8,  390.1,  392.5,  367.8,  363.1,  357.4,  353.2,  350.2,  351.6,  357.6,  362.2,  367.8,  373.3,  347.9,  340.5,  333.6,  326.5,  340.8,  337.1,  334.8,  336.5,  339.4,  361.1,  358.8,  358.0,  356.6,  357.0,  357.8,  359.7,  360.2,  361.7,  364.8,  360.4,  358.6,  355.7,  343.0,  337.4,  336.2,  336.8,  344.0,  354.9,  347.0,  342.6,  342.6,  343.5,  346.6,  354.3,  339.3,  337.6,  338.7,  353.2,  344.7,  344.0,  345.3,  2.433,  0.028,  0.010,  -0.090,  636.454,  403.641,  -41.222,  18.476,  7.563,  26.898,  -12.017,  -18.741,  14.483,  -2.907,  9.011,  -17.508,  -7.920,  3.709,  2.762,  -1.957,  8.589,  -3.059,  4.193,  -4.987,  -3.599,  0.991,  -2.079,  2.977,  -0.538,  -1.605,  1.222,  3.583,  0.604,  -0.925,  0.291,  -1.050,  -0.597,  -0.105,  -0.371,  0.152, 1.01, 0.13, 0.23, 0.08, 0.00, 0.03, 0.00, 1.58, 0.06, 0.00, 0.00, 0.16, 0.00, 0.00, 2.03, 2.26, 0.00, 1.00, 1.00, 0.00, 1.00, 0.00, 0.00, 0.00, 1.00, 0.00, 0.00, 0.00, 0.00, 0.00, 0.00, 1.00, 1.00, 0.00, 0.00
48,  0,  1.568,  0.98,  1,  0.076280,  0.000177,  -0.997086,  -0.089709,  0.055049,  -0.994446,  -0.007,  0.028,  537.0,  541.6,  553.1,  564.7,  569.6,  566.1,  553.5,  542.0,  526.7,  531.3,  539.3,  551.1,  564.3,  574.7,  582.7,  573.9,  562.4,  550.9,  540.9,  532.9,  548.1,  554.3,  560.3,  562.7,  560.1,  554.0,  547.9,  545.5,  680.0,  682.6,  693.1,  705.4,  712.2,  709.5,  699.0,  685.9,  671.5,  677.9,  687.1,  699.2,  710.4,  718.6,  724.4,  719.1,  712.1,  703.0,  691.8,  680.7,  690.7,  697.0,  702.3,  703.7,  700.2,  694.0,  688.7,  687.3,  306.0,  293.3,  287.5,  291.9,  304.0,  317.6,  322.4,  318.0,  314.3,  306.4,  300.8,  297.0,  297.9,  302.7,  310.7,  316.4,  319.8,  321.9,  321.6,  319.3,  312.3,  314.6,  311.5,  304.8,  298.5,  296.2,  299.3,  306.0,  297.9,  285.6,  279.6,  283.3,  294.6,  306.8,  312.9,  310.3,  304.5,  295.9,  290.4,  288.4,  290.5,  294.5,  301.1,  305.5,  308.1,  309.4,  309.1,  307.9,  303.5,  305.4,  302.4,  296.2,  290.5,  288.5,  291.6,  297.8,  -35.6,  -34.1,  -30.0,  -25.9,  -24.1,  -25.3,  -29.7,  -33.8,  -39.8,  -37.8,  -34.7,  -30.4,  -25.8,  -22.3,  -19.6,  -22.6,  -26.4,  -30.4,  -34.1,  -37.2,  -31.7,  -29.5,  -27.4,  -26.6,  -27.5,  -29.7,  -31.9,  -32.7,  14.5,  15.5,  19.4,  23.9,  26.4,  25.3,  21.3,  16.6,  11.4,  13.7,  17.0,  21.4,  25.6,  28.8,  31.2,  29.0,  26.1,  22.7,  18.6,  14.6,  18.4,  20.7,  22.7,  23.3,  22.0,  19.7,  17.7,  17.2,  -18.7,  -23.1,  -25.0,  -23.4,  -19.1,  -14.5,  -12.9,  -14.5,  -16.0,  -18.6,  -20.4,  -21.5,  -21.2,  -19.6,  -16.9,  -14.9,  -13.7,  -13.0,  -13.2,  -14.2,  -16.5,  -15.6,  -16.7,  -19.0,  -21.2,  -22.0,  -21.0,  -18.7,  -22.5,  -27.0,  -29.4,  -28.1,  -23.9,  -19.3,  -17.0,  -17.9,  -20.0,  -23.1,  -25.1,  -25.9,  -25.3,  -24.0,  -21.8,  -20.0,  -18.8,  -18.2,  -18.3,  -18.8,  -20.5,  -19.8,  -21.0,  -23.3,  -25.4,  -26.1,  -24.9,  -22.6,  302.9,  303.0,  301.9,  300.3,  299.1,  299.2,  300.1,  301.7,  307.2,  304.3,  301.4,  299.2,  298.5,  298.7,  299.4,  298.6,  298.1,  298.9,  301.1,  304.0,  302.2,  301.3,  300.8,  300.8,  301.4,  302.3,  302.8,  302.8,  316.3,  317.9,  319.6,  320.4,  319.9,  318.3,  316.6,  315.9,  315.8,  315.6,  315.7,  316.5,  318.4,  321.0,  323.4,  320.4,  317.4,  315.1,  314.3,  314.9,  317.7,  318.1,  319.0,  319.8,  320.1,  319.7,  318.8,  318.0,  -1.6,  17.3,  354.3,  -0.056,  0.002,  -0.093,  456.2,  464.6,  478.2,  493.8,  515.9,  544.3,  575.2,  613.2,  656.0,  697.2,  730.8,  758.7,  777.2,  786.8,  790.9,  791.9,  788.9,  483.3,  500.2,  528.2,  558.7,  586.6,  656.7,  686.0,  715.0,  743.1,  761.0,  628.2,  630.7,  633.5,  636.5,  602.7,  620.2,  638.3,  656.0,  671.6,  523.5,  540.8,  563.6,  583.0,  563.7,  540.8,  669.7,  687.1,  709.5,  727.2,  712.3,  690.3,  587.3,  602.5,  625.8,  642.0,  659.0,  682.9,  701.7,  688.9,  668.3,  649.3,  631.4,  606.6,  597.5,  627.4,  643.1,  660.8,  691.0,  665.3,  647.3,  630.4,  324.6,  376.7,  427.9,  476.0,  520.5,  558.9,  591.4,  613.2,  616.3,  605.3,  576.9,  538.5,  494.8,  446.1,  396.2,  345.8,  296.2,  291.4,  265.4,  254.0,  254.8,  262.7,  258.7,  248.7,  244.8,  251.0,  271.9,  297.9,  324.6,  350.6,  378.0,  405.5,  410.0,  413.7,  406.7,  399.2,  315.1,  300.7,  299.1,  311.4,  317.9,  320.2,  305.5,  290.5,  289.9,  300.5,  307.5,  308.7,  484.2,  455.0,  442.0,  445.1,  439.6,  449.5,  472.7,  504.5,  518.4,  522.1,  521.7,  510.9,  481.6,  459.2,  458.6,  456.3,  473.1,  494.2,  498.2,  497.4,  -85.4,  -81.9,  -75.5,  -67.8,  -56.8,  -43.1,  -28.5,  -11.4,  6.7,  24.2,  39.6,  53.0,  61.9,  66.1,  67.7,  68.1,  67.1,  -66.4,  -58.5,  -46.0,  -33.1,  -21.6,  6.8,  18.9,  31.2,  43.5,  51.8,  -4.7,  -3.6,  -2.5,  -1.3,  -14.7,  -7.7,  -0.7,  6.2,  12.4,  -48.5,  -41.0,  -31.5,  -23.4,  -31.4,  -40.9,  12.3,  19.6,  28.9,  36.6,  30.0,  20.8,  -21.6,  -14.8,  -5.5,  0.8,  7.4,  17.0,  25.2,  19.5,  11.1,  3.6,  -3.4,  -13.3,  -17.3,  -4.9,  1.2,  8.1,  20.7,  10.0,  2.9,  -3.8,  -16.5,  7.8,  31.7,  53.8,  73.4,  89.5,  102.0,  107.9,  107.6,  103.9,  94.5,  79.7,  60.8,  38.8,  16.2,  -6.4,  -28.7,  -29.1,  -39.6,  -43.7,  -42.8,  -39.3,  -41.1,  -45.8,  -48.0,  -46.0,  -37.7,  -24.9,  -13.9,  -3.6,  6.8,  17.9,  19.5,  20.8,  18.2,  15.4,  -18.7,  -24.5,  -25.1,  -20.0,  -17.3,  -16.4,  -22.6,  -28.9,  -29.2,  -25.0,  -21.8,  -21.2,  50.9,  37.5,  31.9,  32.9,  30.9,  35.4,  46.1,  57.6,  62.1,  63.5,  63.6,  60.0,  49.6,  38.8,  38.3,  37.6,  46.0,  52.9,  54.4,  54.3,  406.8,  408.4,  408.4,  406.0,  400.3,  393.7,  385.6,  373.0,  367.2,  370.8,  381.3,  390.7,  394.9,  394.0,  392.6,  392.1,  394.0,  370.9,  365.9,  360.2,  356.3,  353.7,  354.7,  360.2,  364.4,  369.6,  374.6,  351.0,  343.8,  337.0,  330.2,  344.8,  341.0,  338.6,  340.2,  343.1,  364.2,  361.8,  361.1,  359.8,  360.0,  360.9,  362.9,  363.1,  364.4,  367.3,  363.3,  361.7,  358.7,  345.3,  339.9,  338.7,  339.3,  346.5,  357.8,  348.6,  343.2,  342.9,  344.1,  348.2,  357.0,  341.9,  340.3,  341.3,  355.7,  345.3,  344.6,  346.0,  2.415,  0.027,  0.019,  -0.094,  636.419,  403.624,  -34.831,  18.618,  2.815,  19.952,  -15.741,  -14.970,  9.390,  -1.014,  7.879,  -16.178,  -9.063,  4.004,  1.612,  -0.053,  7.396,  -1.657,  3.813,  -4.792,  -0.895,  -0.564,  -2.884,  1.899,  -0.777,  -1.726,  1.088,  3.056,  -0.134,  -0.869,  0.237,  -0.916,  -0.720,  -0.241,  -0.606,  0.089, 0.85, 0.03, 0.21, 0.00, 0.01, 0.00, 0.00, 1.71, 0.12, 0.00, 0.00, 0.00, 0.00, 0.00, 2.15, 2.06, 0.00, 1.00, 0.00, 0.00, 1.00, 0.00, 0.00, 0.00, 1.00, 0.00, 0.00, 0.00, 0.00, 0.00, 0.00, 1.00, 1.00, 0.00, 0.00
49,  0,  1.602,  0.98,  1,  0.037454,  0.001709,  -0.999297,  -0.087935,  0.070349,  -0.993639,  -0.025,  0.036,  536.9,  541.0,  551.5,  562.2,  566.9,  563.8,  552.3,  541.5,  526.7,  531.2,  539.3,  551.2,  564.2,  574.2,  581.7,  573.4,  562.2,  550.9,  540.9,  532.7,  547.5,  552.8,  558.0,  560.1,  557.7,  552.4,  547.2,  545.2,  680.3,  683.0,  693.5,  705.7,  712.5,  709.9,  699.3,  686.2,  671.8,  678.1,  687.3,  699.3,  710.5,  718.8,  724.7,  719.8,  712.7,  703.4,  692.2,  681.0,  691.0,  697.3,  702.8,  704.2,  700.7,  694.3,  688.8,  687.5,  305.9,  294.2,  288.6,  292.5,  303.6,  316.2,  320.9,  317.0,  314.5,  306.3,  300.5,  296.7,  298.2,  303.1,  310.6,  316.4,  319.4,  321.5,  321.3,  319.3,  311.2,  313.1,  310.4,  304.6,  299.1,  297.2,  300.0,  305.8,  297.0,  285.5,  280.1,  284.0,  295.0,  306.5,  311.8,  309.1,  304.0,  295.4,  289.7,  287.3,  289.6,  294.5,  301.7,  304.8,  306.2,  306.9,  306.8,  306.5,  303.2,  305.2,  302.4,  296.5,  290.8,  288.7,  291.5,  297.5,  -37.3,  -35.8,  -31.9,  -27.9,  -26.1,  -27.2,  -31.4,  -35.5,  -41.6,  -39.5,  -36.2,  -31.7,  -27.0,  -23.5,  -20.9,  -23.8,  -27.7,  -31.8,  -35.6,  -38.9,  -33.4,  -31.4,  -29.4,  -28.7,  -29.6,  -31.6,  -33.5,  -34.3,  14.5,  15.6,  19.6,  24.1,  26.5,  25.3,  21.4,  16.6,  11.4,  13.7,  17.1,  21.5,  25.7,  28.9,  31.3,  29.2,  26.3,  22.8,  18.7,  14.7,  18.5,  20.8,  22.8,  23.4,  22.2,  19.8,  17.8,  17.2,  -19.5,  -23.8,  -25.7,  -24.2,  -20.2,  -15.6,  -14.0,  -15.5,  -16.7,  -19.5,  -21.4,  -22.6,  -22.1,  -20.3,  -17.7,  -15.6,  -14.5,  -13.8,  -13.9,  -14.8,  -17.6,  -16.9,  -17.8,  -19.9,  -21.9,  -22.7,  -21.7,  -19.6,  -22.7,  -27.1,  -29.2,  -27.8,  -23.7,  -19.4,  -17.4,  -18.3,  -20.2,  -23.3,  -25.4,  -26.3,  -25.6,  -24.1,  -21.6,  -20.2,  -19.5,  -19.1,  -19.1,  -19.2,  -20.6,  -19.9,  -20.9,  -23.2,  -25.3,  -26.0,  -24.9,  -22.7,  316.3,  316.4,  315.4,  313.9,  312.7,  312.7,  313.5,  315.1,  320.9,  317.8,  314.9,  312.6,  312.1,  312.6,  313.4,  312.3,  311.7,  312.4,  314.5,  317.4,  315.5,  314.8,  314.3,  314.4,  315.0,  315.7,  316.2,  316.1,  315.7,  317.9,  319.8,  320.5,  319.4,  317.3,  315.3,  314.7,  315.2,  315.3,  315.7,  316.7,  318.6,  321.2,  323.5,  320.1,  317.0,  314.6,  313.8,  314.2,  316.8,  317.1,  318.2,  319.3,  319.8,  319.5,  318.5,  317.4,  -1.5,  17.2,  354.7,  -0.056,  0.001,  -0.094,  456.6,  464.9,  478.4,  493.8,  515.9,  544.4,  575.2,  612.9,  655.7,  697.1,  731.0,  759.1,  777.8,  787.5,  791.4,  792.1,  788.9,  483.3,  499.8,  527.9,  558.6,  586.9,  656.2,  685.7,  715.1,  743.5,  761.3,  628.2,  630.7,  633.4,  636.4,  602.4,  620.1,  638.3,  656.3,  672.1,  523.3,  540.6,  563.3,  582.7,  563.4,  540.7,  670.1,  687.4,  709.8,  727.4,  712.4,  690.6,  586.5,  602.2,  625.7,  642.3,  659.6,  684.1,  703.3,  690.1,  669.0,  649.6,  631.4,  606.3,  596.8,  627.4,  643.5,  661.5,  692.6,  665.9,  647.5,  630.3,  324.6,  376.3,  427.2,  475.0,  519.3,  557.4,  589.7,  611.7,  615.0,  603.9,  575.3,  536.9,  493.4,  445.0,  395.5,  345.4,  296.2,  292.6,  266.5,  254.7,  255.4,  263.4,  259.3,  249.0,  245.1,  251.5,  272.6,  297.8,  324.4,  350.5,  377.8,  405.6,  410.0,  413.7,  406.8,  399.3,  315.0,  300.6,  298.9,  311.0,  317.4,  319.8,  304.7,  289.8,  289.3,  299.9,  306.7,  307.8,  484.1,  455.4,  442.6,  445.7,  440.0,  449.6,  472.2,  503.9,  517.9,  521.6,  521.2,  510.4,  481.5,  460.1,  459.5,  457.0,  472.7,  493.1,  497.2,  496.5,  -85.3,  -81.8,  -75.5,  -68.0,  -56.8,  -43.1,  -28.6,  -11.5,  6.6,  24.2,  39.7,  53.2,  62.3,  66.5,  68.0,  68.2,  67.1,  -66.5,  -58.7,  -46.2,  -33.2,  -21.5,  6.6,  18.9,  31.3,  43.8,  52.0,  -4.8,  -3.7,  -2.6,  -1.4,  -14.8,  -7.8,  -0.6,  6.3,  12.6,  -48.6,  -41.2,  -31.7,  -23.6,  -31.5,  -41.0,  12.5,  19.7,  29.1,  36.7,  30.1,  20.9,  -22.0,  -14.9,  -5.6,  0.9,  7.6,  17.5,  25.9,  20.0,  11.4,  3.8,  -3.4,  -13.4,  -17.7,  -4.9,  1.4,  8.4,  21.4,  10.2,  2.9,  -3.8,  -16.5,  7.6,  31.4,  53.5,  73.0,  88.9,  101.2,  107.3,  107.0,  103.4,  93.9,  79.1,  60.3,  38.4,  15.9,  -6.6,  -28.8,  -28.6,  -39.2,  -43.4,  -42.7,  -39.2,  -41.0,  -45.8,  -48.0,  -45.9,  -37.5,  -25.0,  -14.0,  -3.7,  6.7,  18.0,  19.5,  20.8,  18.2,  15.4,  -18.8,  -24.6,  -25.2,  -20.2,  -17.5,  -16.6,  -23.0,  -29.2,  -29.5,  -25.3,  -22.2,  -21.6,  51.0,  37.7,  32.1,  33.2,  31.1,  35.5,  46.0,  57.4,  62.0,  63.4,  63.5,  60.0,  49.7,  39.2,  38.8,  37.9,  45.9,  52.6,  54.1,  54.0,  406.9,  408.6,  408.9,  406.7,  400.8,  393.9,  385.6,  373.0,  367.2,  370.9,  381.5,  391.1,  395.5,  394.7,  393.2,  392.5,  394.5,  371.6,  366.4,  360.8,  356.9,  354.5,  355.9,  361.3,  365.4,  370.3,  375.0,  351.4,  344.1,  337.2,  330.3,  345.1,  341.3,  338.9,  340.6,  343.5,  364.5,  362.2,  361.5,  360.4,  360.4,  361.3,  363.5,  363.6,  365.0,  367.8,  363.8,  362.2,  359.3,  345.8,  340.3,  339.1,  339.7,  347.1,  358.5,  349.3,  343.6,  343.2,  344.4,  348.7,  357.6,  342.4,  340.7,  341.8,  356.4,  345.5,  344.8,  346.2,  2.412,  0.026,  0.018,  -0.095,  636.554,  403.327,  -34.419,  18.316,  2.809,  19.229,  -16.116,  -14.205,  7.914,  -0.916,  9.277,  -14.947,  -8.908,  4.263,  2.425,  0.110,  6.377,  -1.170,  3.334,  -4.933,  0.018,  -1.005,  -2.805,  1.564,  -0.410,  -1.454,  1.299,  3.277,  -0.255,  -1.157,  0.331,  -1.035,  -0.631,  -0.201,  -0.455,  0.060, 0.65, 0.00, 0.10, 0.00, 0.01, 0.00, 0.00, 1.70, 0.14, 0.00, 0.11, 0.00, 0.00, 0.00, 1.83, 1.80, 0.00, 1.00, 0.00, 0.00, 1.00, 0.00, 0.00, 0.00, 1.00, 0.00, 0.00, 0.00, 0.00, 0.00, 0.00, 1.00, 1.00, 0.00, 0.00
50,  0,  1.635,  0.98,  1,  0.035939,  -0.020413,  -0.999146,  -0.086464,  0.059014,  -0.994506,  -0.025,  0.019,  537.3,  541.6,  552.3,  563.2,  567.9,  564.7,  552.9,  542.0,  527.1,  531.6,  539.8,  551.5,  564.5,  574.8,  582.5,  574.2,  562.9,  551.6,  541.4,  533.0,  548.2,  553.5,  558.7,  560.7,  558.4,  553.2,  548.0,  545.9,  680.7,  683.5,  694.1,  706.4,  713.0,  710.2,  699.6,  686.5,  671.8,  678.4,  687.7,  699.9,  711.3,  719.6,  725.5,  720.2,  713.1,  703.9,  692.6,  681.2,  691.2,  697.7,  703.3,  704.8,  701.3,  694.8,  689.2,  687.7,  304.0,  292.2,  286.5,  290.3,  301.3,  314.1,  318.9,  315.1,  313.2,  304.9,  298.9,  295.0,  296.4,  301.4,  309.0,  314.7,  317.6,  319.8,  319.8,  318.0,  309.2,  311.0,  308.3,  302.5,  297.2,  295.3,  298.1,  303.8,  296.2,  284.1,  278.3,  282.2,  293.5,  305.7,  311.5,  308.7,  302.2,  293.9,  288.5,  286.5,  288.7,  293.1,  299.9,  303.8,  306.0,  307.0,  306.6,  305.5,  302.3,  304.4,  301.4,  295.0,  289.0,  286.9,  289.9,  296.3,  -36.7,  -35.3,  -31.3,  -27.3,  -25.5,  -26.6,  -30.9,  -34.9,  -41.0,  -39.0,  -35.7,  -31.3,  -26.7,  -23.1,  -20.4,  -23.2,  -27.2,  -31.2,  -35.1,  -38.4,  -32.8,  -30.8,  -28.9,  -28.2,  -29.1,  -31.0,  -32.9,  -33.6,  14.5,  15.6,  19.6,  24.1,  26.4,  25.3,  21.3,  16.6,  11.4,  13.7,  17.0,  21.5,  25.7,  28.9,  31.3,  29.1,  26.2,  22.8,  18.7,  14.7,  18.4,  20.7,  22.8,  23.5,  22.2,  19.8,  17.7,  17.1,  -20.0,  -24.3,  -26.3,  -24.8,  -20.8,  -16.2,  -14.6,  -16.0,  -17.0,  -19.8,  -21.8,  -23.0,  -22.5,  -20.7,  -18.1,  -16.0,  -14.9,  -14.2,  -14.3,  -15.1,  -18.1,  -17.4,  -18.4,  -20.4,  -22.4,  -23.1,  -22.2,  -20.1,  -22.8,  -27.3,  -29.6,  -28.2,  -24.1,  -19.6,  -17.4,  -18.3,  -20.6,  -23.6,  -25.5,  -26.3,  -25.7,  -24.3,  -22.0,  -20.4,  -19.4,  -18.9,  -19.0,  -19.4,  -20.7,  -20.0,  -21.1,  -23.5,  -25.7,  -26.5,  -25.3,  -22.9,  313.1,  313.5,  312.6,  311.0,  309.6,  309.4,  310.1,  311.7,  317.7,  314.7,  311.9,  309.7,  309.1,  309.5,  310.2,  309.1,  308.5,  309.2,  311.2,  314.2,  312.3,  311.5,  311.1,  311.3,  311.9,  312.7,  313.1,  312.9,  313.0,  314.7,  316.4,  317.2,  316.6,  314.9,  313.1,  312.4,  312.6,  312.4,  312.5,  313.4,  315.4,  318.0,  320.6,  317.3,  314.3,  311.9,  311.1,  311.6,  314.3,  314.7,  315.6,  316.5,  316.9,  316.5,  315.5,  314.6,  -1.5,  15.8,  353.3,  -0.079,  0.004,  -0.092,  457.7,  465.5,  478.2,  492.6,  513.4,  541.1,  572.3,  611.4,  656.1,  699.3,  734.4,  762.4,  780.0,  788.1,  791.1,  791.8,  788.6,  483.5,  500.2,  528.2,  558.6,  587.4,  656.9,  686.8,  716.1,  744.6,  762.8,  628.5,  631.2,  634.0,  637.1,  603.4,  621.0,  639.1,  656.8,  672.6,  524.1,  540.9,  563.6,  583.3,  564.0,  541.3,  670.1,  688.1,  710.4,  728.0,  713.0,  691.1,  585.6,  603.6,  626.0,  642.6,  660.0,  683.4,  703.6,  687.6,  666.6,  647.5,  629.8,  606.5,  596.0,  627.5,  643.8,  661.9,  692.7,  663.7,  645.5,  628.8,  324.5,  374.5,  423.8,  470.7,  514.1,  552.1,  584.0,  605.0,  607.5,  596.8,  569.2,  531.7,  489.1,  441.6,  393.3,  344.5,  296.5,  290.8,  265.3,  253.5,  254.4,  261.9,  257.8,  247.6,  243.8,  250.3,  271.3,  295.2,  322.1,  348.6,  376.4,  406.0,  410.3,  413.9,  407.2,  399.9,  313.2,  299.2,  297.3,  309.1,  315.9,  318.6,  303.2,  288.7,  288.4,  299.0,  306.0,  306.8,  482.1,  457.4,  446.1,  449.4,  443.6,  452.3,  471.3,  493.6,  503.0,  506.2,  505.9,  499.1,  479.7,  463.8,  463.4,  460.8,  471.4,  478.9,  482.5,  482.0,  -85.4,  -82.0,  -76.0,  -68.8,  -58.1,  -44.5,  -29.7,  -12.1,  6.7,  24.9,  41.1,  54.9,  63.7,  67.3,  68.4,  68.5,  67.4,  -66.8,  -58.8,  -46.2,  -33.2,  -21.3,  6.9,  19.3,  31.8,  44.4,  52.9,  -4.6,  -3.5,  -2.3,  -1.1,  -14.4,  -7.4,  -0.4,  6.5,  12.8,  -48.5,  -41.2,  -31.6,  -23.4,  -31.3,  -40.9,  12.5,  20.1,  29.5,  37.1,  30.4,  21.2,  -22.2,  -14.3,  -5.4,  1.0,  7.7,  17.1,  25.9,  18.8,  10.3,  2.9,  -4.0,  -13.2,  -17.8,  -4.9,  1.5,  8.5,  21.3,  9.2,  2.2,  -4.4,  -16.6,  6.8,  30.0,  51.6,  70.8,  86.5,  98.3,  103.5,  102.8,  99.6,  91.1,  77.0,  58.7,  37.1,  15.1,  -7.0,  -28.8,  -29.6,  -39.8,  -44.0,  -43.1,  -39.7,  -41.5,  -46.4,  -48.6,  -46.6,  -38.2,  -26.0,  -14.9,  -4.4,  6.2,  18.1,  19.6,  20.8,  18.3,  15.6,  -19.6,  -25.2,  -26.0,  -21.0,  -18.2,  -17.1,  -23.7,  -29.7,  -30.0,  -25.7,  -22.5,  -22.1,  49.8,  38.2,  33.4,  34.5,  32.4,  36.5,  45.4,  52.7,  55.4,  56.5,  56.6,  54.8,  48.5,  40.4,  40.1,  39.2,  45.1,  46.4,  47.6,  47.6,  410.0,  411.1,  410.9,  408.2,  401.7,  393.9,  384.0,  369.6,  363.4,  368.1,  381.0,  392.4,  398.0,  397.7,  396.2,  394.7,  396.6,  373.5,  367.7,  361.7,  357.3,  354.3,  355.1,  360.9,  365.8,  371.2,  376.7,  351.3,  343.5,  335.7,  328.1,  344.7,  340.8,  338.0,  339.9,  343.1,  365.8,  363.3,  362.5,  361.5,  361.1,  362.1,  364.5,  364.7,  366.1,  369.0,  364.8,  363.4,  357.0,  343.7,  339.0,  338.0,  338.5,  345.5,  356.9,  345.1,  338.8,  338.1,  339.5,  344.5,  354.5,  340.9,  339.4,  340.6,  353.9,  341.1,  340.1,  341.6,  2.415,  0.004,  0.018,  -0.092,  636.665,  400.484,  -17.699,  19.054,  -7.270,  17.986,  -18.526,  -6.468,  1.677,  -1.284,  7.829,  -11.751,  -9.617,  4.203,  -0.031,  -0.663,  6.770,  -0.450,  2.776,  -3.209,  0.435,  -3.272,  -3.251,  0.663,  -0.007,  -1.373,  0.704,  2.693,  -0.785,  -0.909,  0.217,  -0.853,  -0.750,  -0.179,  -0.583,  -0.021, 0.49, 0.00, 0.08, 0.02, 0.01, 0.00, 0.00, 1.30, 0.10, 0.00, 0.23, 0.33, 0.00, 0.19, 1.08, 1.38, 0.06, 0.00, 0.00, 0.00, 1.00, 0.00, 0.00, 0.00, 1.00, 0.00, 0.00, 0.00, 0.00, 0.00, 0.00, 0.00, 0.00, 0.00, 0.00
51,  0,  1.668,  0.98,  1,  0.029006,  -0.030294,  -0.999120,  -0.072338,  0.053780,  -0.995929,  -0.022,  0.012,  537.8,  542.3,  553.1,  563.9,  568.4,  565.0,  553.1,  542.3,  528.0,  532.5,  540.6,  552.1,  565.0,  575.5,  583.4,  575.0,  563.4,  552.0,  541.8,  533.6,  548.7,  553.9,  559.1,  561.3,  559.1,  553.9,  548.7,  546.5,  681.9,  684.8,  695.2,  707.0,  713.3,  710.4,  700.0,  687.3,  672.6,  679.1,  688.2,  700.3,  711.7,  719.9,  725.6,  720.6,  713.7,  704.5,  693.3,  682.0,  691.9,  698.3,  703.9,  705.4,  702.0,  695.7,  690.1,  688.5,  302.2,  290.4,  284.6,  288.4,  299.4,  312.2,  317.0,  313.3,  311.5,  303.2,  297.2,  293.5,  295.0,  300.1,  307.6,  313.5,  316.5,  318.6,  318.6,  316.7,  307.4,  309.2,  306.5,  300.8,  295.5,  293.7,  296.4,  302.1,  294.3,  282.7,  277.4,  281.4,  292.5,  304.1,  309.5,  306.5,  300.7,  292.8,  287.4,  285.1,  287.3,  291.8,  298.8,  302.3,  304.2,  305.1,  304.7,  303.8,  300.6,  302.8,  300.0,  293.8,  287.8,  285.6,  288.5,  294.7,  -36.1,  -34.6,  -30.7,  -26.7,  -25.0,  -26.2,  -30.4,  -34.4,  -40.2,  -38.2,  -35.0,  -30.7,  -26.2,  -22.5,  -19.8,  -22.7,  -26.6,  -30.7,  -34.5,  -37.8,  -32.2,  -30.2,  -28.4,  -27.6,  -28.5,  -30.4,  -32.3,  -33.0,  15.2,  16.3,  20.2,  24.6,  26.9,  25.7,  21.8,  17.1,  11.8,  14.2,  17.5,  21.9,  26.2,  29.5,  31.8,  29.7,  26.8,  23.3,  19.2,  15.2,  18.9,  21.2,  23.3,  24.0,  22.8,  20.4,  18.3,  17.7,  -20.4,  -24.6,  -26.6,  -25.1,  -21.1,  -16.7,  -15.0,  -16.4,  -17.4,  -20.2,  -22.1,  -23.3,  -22.7,  -20.9,  -18.3,  -16.2,  -15.1,  -14.4,  -14.5,  -15.4,  -18.5,  -17.8,  -18.8,  -20.8,  -22.7,  -23.4,  -22.5,  -20.4,  -23.8,  -28.2,  -30.3,  -28.9,  -24.7,  -20.4,  -18.3,  -19.3,  -21.5,  -24.3,  -26.3,  -27.2,  -26.6,  -25.1,  -22.7,  -21.2,  -20.3,  -19.9,  -19.9,  -20.3,  -21.6,  -20.8,  -21.9,  -24.3,  -26.5,  -27.3,  -26.1,  -23.8,  309.3,  309.8,  308.8,  307.0,  305.4,  305.0,  305.9,  307.7,  314.0,  311.1,  308.1,  305.8,  305.0,  305.3,  305.9,  304.8,  304.3,  305.1,  307.2,  310.4,  308.3,  307.4,  307.0,  307.2,  307.9,  308.8,  309.3,  309.0,  317.2,  319.0,  320.8,  321.5,  320.8,  319.1,  317.3,  316.6,  316.9,  316.7,  316.8,  317.8,  320.0,  322.6,  325.4,  321.9,  318.7,  316.4,  315.5,  315.9,  318.4,  318.9,  319.8,  320.8,  321.2,  320.7,  319.8,  318.8,  -1.4,  14.7,  354.3,  -0.092,  0.004,  -0.090,  458.7,  465.9,  478.0,  492.2,  513.9,  542.9,  573.9,  611.9,  654.6,  696.5,  731.5,  760.2,  778.9,  788.1,  791.6,  792.1,  789.2,  483.8,  500.2,  528.7,  559.1,  587.9,  657.3,  687.0,  716.1,  744.6,  763.3,  628.4,  631.2,  634.0,  637.0,  603.8,  621.4,  639.2,  656.8,  672.6,  525.0,  541.6,  564.3,  583.6,  564.5,  541.8,  670.6,  688.8,  711.0,  728.1,  713.4,  691.7,  585.6,  606.4,  627.5,  643.6,  660.9,  682.7,  703.5,  685.1,  664.9,  646.3,  629.5,  608.1,  595.8,  628.6,  644.5,  662.6,  692.7,  662.3,  644.6,  628.6,  322.9,  372.0,  420.9,  467.8,  511.1,  549.0,  581.2,  602.4,  604.7,  594.4,  566.9,  530.0,  487.6,  440.3,  391.6,  342.6,  294.3,  289.9,  264.0,  252.0,  253.3,  260.7,  256.3,  246.1,  242.4,  249.0,  270.5,  293.3,  320.1,  347.0,  375.0,  405.8,  410.0,  413.4,  406.8,  399.8,  311.4,  297.6,  295.7,  307.2,  314.6,  317.5,  301.5,  287.3,  287.0,  297.6,  304.9,  305.5,  477.5,  458.1,  449.0,  452.2,  446.4,  453.0,  466.9,  481.5,  487.0,  489.9,  489.8,  486.4,  475.7,  465.4,  465.3,  462.2,  467.0,  465.3,  468.8,  468.4,  -85.8,  -82.6,  -76.7,  -69.4,  -58.1,  -43.7,  -29.0,  -11.9,  6.1,  23.8,  40.0,  54.2,  63.6,  67.8,  69.3,  69.2,  68.2,  -67.3,  -59.2,  -46.4,  -33.3,  -21.3,  7.1,  19.5,  32.0,  44.6,  53.4,  -4.7,  -3.5,  -2.3,  -1.1,  -14.3,  -7.3,  -0.3,  6.6,  12.8,  -48.4,  -41.2,  -31.6,  -23.5,  -31.4,  -40.9,  12.8,  20.5,  29.9,  37.4,  30.8,  21.6,  -22.3,  -13.2,  -4.9,  1.4,  8.1,  17.0,  26.1,  17.8,  9.6,  2.4,  -4.1,  -12.5,  -17.9,  -4.4,  1.8,  8.8,  21.4,  8.7,  1.8,  -4.5,  -17.6,  5.7,  28.8,  50.6,  69.6,  85.1,  97.0,  102.4,  101.8,  98.8,  90.4,  76.6,  58.4,  36.8,  14.4,  -7.9,  -30.0,  -30.2,  -40.7,  -45.0,  -43.9,  -40.6,  -42.4,  -47.2,  -49.4,  -47.3,  -38.7,  -27.0,  -15.7,  -5.0,  5.6,  18.1,  19.5,  20.7,  18.3,  15.7,  -20.5,  -26.1,  -26.8,  -22.0,  -18.9,  -17.7,  -24.5,  -30.5,  -30.7,  -26.5,  -23.1,  -22.8,  48.0,  38.7,  34.7,  35.9,  33.7,  37.0,  43.9,  47.9,  49.1,  50.0,  50.2,  49.6,  46.9,  41.3,  41.1,  40.0,  43.5,  41.0,  42.2,  42.2,  414.0,  414.9,  414.3,  410.9,  402.9,  394.0,  383.7,  369.6,  364.0,  369.0,  382.3,  394.3,  400.5,  400.7,  400.2,  398.3,  400.0,  377.2,  370.8,  364.5,  360.2,  357.3,  357.3,  362.8,  367.8,  373.1,  378.7,  353.8,  345.2,  336.6,  328.4,  346.2,  341.9,  339.0,  341.1,  344.7,  368.6,  366.1,  365.1,  364.2,  363.5,  364.7,  367.0,  367.3,  368.5,  371.4,  367.2,  365.7,  357.9,  345.1,  341.3,  340.6,  341.2,  347.8,  359.2,  345.4,  338.2,  337.0,  338.3,  343.6,  354.9,  342.6,  341.5,  342.9,  355.2,  340.9,  339.5,  340.9,  2.404,  -0.013,  0.018,  -0.090,  636.779,  397.622,  -8.966,  18.347,  -13.396,  16.160,  -18.487,  3.827,  -1.504,  -3.529,  6.368,  -13.356,  -12.414,  6.169,  -2.724,  -2.479,  6.267,  -2.882,  -0.769,  -2.869,  2.048,  -4.163,  -4.170,  -0.788,  -0.031,  -1.321,  1.339,  1.876,  -0.249,  -0.710,  0.189,  -0.717,  -0.753,  -0.020,  -0.360,  -0.199, 0.45, 0.02, 0.01, 0.07, 0.00, 0.00, 0.00, 0.94, 0.06, 0.00, 0.61, 0.85, 0.00, 0.43, 0.39, 0.97, 0.13, 0.00, 0.00, 0.00, 1.00, 0.00, 0.00, 0.00, 1.00, 0.00, 0.00, 0.00, 0.00, 0.00, 0.00, 0.00, 0.00, 0.00, 0.00
52,  0,  1.702,  0.98,  1,  0.020640,  -0.028646,  -0.999376,  -0.049532,  0.061764,  -0.996861,  -0.014,  0.017,  537.9,  542.2,  552.8,  563.5,  568.1,  564.9,  553.2,  542.5,  528.2,  532.7,  540.8,  552.6,  565.6,  575.7,  583.1,  574.9,  563.5,  552.1,  542.1,  533.8,  549.1,  553.9,  558.6,  560.5,  558.4,  553.7,  549.0,  547.1,  683.3,  686.3,  696.4,  707.8,  713.8,  710.9,  700.8,  688.5,  673.7,  679.9,  688.5,  700.5,  711.9,  720.2,  725.9,  720.8,  713.7,  704.6,  693.7,  682.8,  692.9,  699.2,  704.8,  706.4,  703.1,  696.8,  691.2,  689.6,  300.9,  289.2,  283.5,  287.2,  298.1,  310.7,  315.5,  311.8,  310.2,  301.8,  295.9,  292.1,  293.6,  298.8,  306.5,  311.9,  314.7,  316.6,  316.7,  315.0,  305.5,  307.1,  304.6,  299.4,  294.6,  293.0,  295.5,  300.7,  293.1,  282.0,  276.9,  280.8,  291.5,  302.7,  307.8,  304.9,  299.5,  291.6,  286.2,  283.8,  286.2,  290.8,  298.0,  301.2,  302.8,  303.6,  303.2,  302.5,  299.4,  301.6,  298.8,  292.7,  286.8,  284.6,  287.4,  293.6,  -36.9,  -35.4,  -31.5,  -27.5,  -25.7,  -26.8,  -31.1,  -35.1,  -41.0,  -39.0,  -35.8,  -31.3,  -26.6,  -23.0,  -20.4,  -23.2,  -27.3,  -31.4,  -35.2,  -38.6,  -32.8,  -31.0,  -29.3,  -28.6,  -29.4,  -31.2,  -32.9,  -33.6,  16.2,  17.4,  21.3,  25.6,  27.8,  26.6,  22.7,  18.1,  12.6,  14.9,  18.1,  22.6,  27.1,  30.4,  32.8,  30.5,  27.6,  24.0,  19.9,  15.9,  19.8,  22.2,  24.4,  25.1,  23.8,  21.4,  19.3,  18.6,  -21.4,  -25.7,  -27.6,  -26.2,  -22.1,  -17.6,  -16.0,  -17.4,  -18.3,  -21.2,  -23.1,  -24.3,  -23.7,  -21.9,  -19.2,  -17.2,  -16.1,  -15.5,  -15.6,  -16.3,  -19.7,  -19.0,  -19.9,  -21.8,  -23.6,  -24.2,  -23.3,  -21.5,  -25.0,  -29.3,  -31.4,  -29.9,  -25.8,  -21.5,  -19.5,  -20.5,  -22.6,  -25.5,  -27.5,  -28.5,  -27.8,  -26.2,  -23.7,  -22.2,  -21.4,  -21.0,  -21.1,  -21.4,  -22.7,  -21.9,  -23.0,  -25.4,  -27.6,  -28.4,  -27.3,  -24.9,  316.6,  317.0,  316.1,  314.4,  312.9,  312.6,  313.4,  315.1,  321.0,  318.1,  315.2,  313.0,  312.4,  312.8,  313.5,  312.4,  311.8,  312.5,  314.6,  317.7,  315.6,  314.9,  314.5,  314.7,  315.3,  316.1,  316.5,  316.3,  326.7,  328.5,  330.2,  330.8,  330.0,  328.3,  326.6,  326.0,  326.6,  326.3,  326.3,  327.2,  329.2,  331.8,  334.4,  330.8,  327.8,  325.6,  324.8,  325.4,  327.8,  328.1,  329.1,  330.1,  330.5,  330.1,  329.2,  328.2,  -1.2,  14.1,  355.1,  -0.093,  0.001,  -0.089,  459.0,  466.3,  478.5,  492.7,  514.6,  543.6,  574.3,  612.0,  654.6,  696.3,  731.2,  759.8,  778.5,  788.0,  791.6,  792.4,  789.8,  484.3,  500.7,  529.4,  559.9,  588.8,  657.5,  687.2,  716.2,  744.6,  763.3,  628.8,  631.7,  634.6,  637.8,  604.5,  622.0,  639.9,  657.5,  673.2,  525.4,  541.9,  564.4,  583.6,  564.7,  542.1,  671.2,  689.3,  711.3,  728.2,  713.7,  692.2,  587.0,  607.8,  628.5,  644.5,  661.8,  683.1,  703.4,  685.5,  665.7,  647.2,  630.5,  609.4,  597.3,  629.5,  645.4,  663.4,  692.8,  663.2,  645.5,  629.5,  321.6,  370.6,  419.2,  465.9,  509.2,  547.1,  579.5,  601.0,  603.5,  593.2,  565.6,  528.7,  486.2,  438.8,  390.2,  341.6,  293.6,  288.8,  262.7,  250.5,  251.7,  259.1,  254.7,  244.7,  241.1,  247.7,  269.0,  291.8,  318.6,  345.4,  373.4,  404.2,  408.4,  411.8,  405.1,  398.0,  310.1,  296.4,  294.4,  305.6,  313.1,  316.1,  300.0,  286.1,  285.9,  296.4,  303.5,  304.1,  475.8,  456.5,  447.6,  450.8,  445.1,  451.5,  465.4,  479.0,  484.2,  487.1,  487.0,  483.9,  474.0,  463.6,  463.6,  460.5,  465.4,  463.1,  466.7,  466.2,  -85.8,  -82.5,  -76.6,  -69.2,  -57.8,  -43.4,  -28.8,  -11.9,  6.1,  23.8,  39.9,  54.1,  63.5,  67.9,  69.5,  69.6,  68.7,  -67.3,  -59.2,  -46.2,  -33.0,  -21.0,  7.2,  19.6,  32.2,  44.7,  53.5,  -4.5,  -3.3,  -2.1,  -0.8,  -14.1,  -7.0,  -0.0,  6.8,  13.1,  -48.4,  -41.1,  -31.6,  -23.5,  -31.3,  -40.9,  13.1,  20.8,  30.1,  37.6,  31.0,  21.9,  -21.7,  -12.7,  -4.5,  1.8,  8.5,  17.2,  26.1,  18.0,  10.0,  2.8,  -3.7,  -12.0,  -17.3,  -4.1,  2.1,  9.2,  21.5,  9.1,  2.1,  -4.1,  -18.2,  5.0,  28.1,  49.8,  68.7,  84.3,  96.4,  102.0,  101.5,  98.6,  90.0,  76.1,  57.8,  36.2,  13.9,  -8.4,  -30.5,  -30.8,  -41.3,  -45.7,  -44.7,  -41.3,  -43.1,  -47.9,  -50.1,  -48.0,  -39.5,  -27.6,  -16.4,  -5.6,  5.1,  17.5,  18.9,  20.1,  17.6,  15.0,  -21.0,  -26.7,  -27.4,  -22.7,  -19.5,  -18.3,  -25.2,  -31.1,  -31.3,  -27.1,  -23.8,  -23.4,  47.4,  38.1,  34.3,  35.4,  33.3,  36.5,  43.3,  47.1,  48.2,  49.1,  49.3,  48.7,  46.2,  40.7,  40.6,  39.5,  42.9,  40.3,  41.5,  41.5,  414.6,  415.4,  414.8,  411.3,  403.1,  394.1,  384.1,  370.2,  364.7,  369.8,  382.9,  394.9,  401.0,  401.4,  401.3,  399.7,  401.5,  378.1,  371.6,  365.3,  361.0,  358.1,  358.4,  363.9,  369.0,  374.3,  380.0,  354.8,  346.1,  337.5,  329.3,  347.1,  342.7,  339.8,  341.8,  345.4,  369.3,  366.8,  365.9,  365.0,  364.3,  365.4,  368.0,  368.4,  369.6,  372.5,  368.3,  366.8,  358.0,  345.7,  342.3,  341.6,  342.2,  348.7,  359.9,  346.3,  339.3,  337.9,  339.2,  344.1,  355.1,  343.3,  342.4,  343.9,  355.9,  342.0,  340.4,  341.8,  2.398,  -0.017,  0.014,  -0.090,  637.269,  396.049,  -9.150,  18.064,  -14.043,  16.381,  -17.903,  4.092,  -1.106,  -3.804,  6.946,  -13.528,  -12.818,  6.692,  -3.138,  -2.119,  6.575,  -3.779,  -1.762,  -2.999,  2.045,  -4.207,  -4.194,  -0.326,  0.114,  -1.536,  1.437,  1.866,  -0.264,  -0.562,  0.152,  -0.840,  -0.671,  -0.145,  -0.392,  -0.151, 0.49, 0.05, 0.00, 0.07, 0.00, 0.03, 0.00, 0.81, 0.05, 0.00, 0.59, 1.17, 0.00, 0.43, 0.00, 1.05, 0.23, 0.00, 0.00, 0.00, 1.00, 0.00, 0.00, 0.00, 1.00, 0.00, 0.00, 0.00, 0.00, 0.00, 0.00, 0.00, 0.00, 0.00, 0.00
53,  0,  1.735,  0.98,  1,  0.089056,  0.020140,  -0.995823,  -0.077248,  0.072282,  -0.994388,  0.006,  0.046,  538.7,  543.4,  555.1,  567.1,  572.3,  568.8,  555.9,  543.9,  528.7,  533.0,  540.7,  552.3,  565.7,  576.5,  584.8,  575.7,  564.0,  552.2,  542.2,  534.4,  550.3,  556.7,  562.9,  565.4,  562.6,  556.2,  550.0,  547.5,  682.1,  684.9,  695.5,  707.6,  714.2,  711.4,  700.8,  687.8,  673.2,  679.8,  689.1,  701.3,  712.6,  720.8,  726.6,  721.6,  714.6,  705.4,  694.1,  682.8,  692.5,  698.9,  704.5,  706.0,  702.5,  696.0,  690.5,  689.0,  301.0,  287.7,  281.4,  285.7,  298.1,  312.2,  317.6,  313.3,  309.1,  301.1,  295.4,  291.6,  292.4,  297.1,  305.3,  310.4,  313.5,  315.6,  315.5,  313.5,  307.3,  309.6,  306.2,  299.2,  292.6,  290.3,  293.7,  300.7,  291.9,  280.2,  274.9,  279.1,  290.4,  302.1,  307.4,  304.3,  298.7,  290.4,  284.8,  282.6,  285.0,  289.9,  297.1,  300.1,  301.6,  302.3,  302.0,  301.4,  298.4,  300.7,  297.9,  291.7,  285.7,  283.5,  286.3,  292.5,  -34.1,  -32.6,  -28.5,  -24.3,  -22.5,  -23.6,  -28.0,  -32.2,  -38.1,  -36.3,  -33.3,  -29.2,  -24.7,  -21.1,  -18.3,  -21.3,  -25.2,  -29.2,  -32.8,  -35.8,  -30.2,  -27.9,  -25.8,  -24.9,  -25.9,  -28.2,  -30.3,  -31.2,  15.0,  16.1,  20.0,  24.4,  26.7,  25.6,  21.6,  17.0,  11.8,  14.1,  17.5,  21.9,  26.1,  29.3,  31.6,  29.5,  26.7,  23.2,  19.1,  15.1,  18.7,  21.1,  23.1,  23.8,  22.5,  20.2,  18.1,  17.5,  -19.9,  -24.4,  -26.4,  -24.8,  -20.6,  -15.9,  -14.1,  -15.7,  -17.4,  -20.0,  -21.7,  -22.8,  -22.4,  -20.9,  -18.2,  -16.4,  -15.4,  -14.8,  -14.9,  -15.7,  -17.7,  -16.9,  -18.0,  -20.3,  -22.6,  -23.4,  -22.3,  -20.0,  -24.2,  -28.6,  -30.7,  -29.2,  -25.1,  -20.7,  -18.7,  -19.8,  -21.8,  -24.7,  -26.7,  -27.6,  -26.9,  -25.4,  -23.0,  -21.6,  -20.9,  -20.4,  -20.5,  -20.7,  -22.0,  -21.2,  -22.3,  -24.6,  -26.8,  -27.6,  -26.5,  -24.2,  295.0,  295.1,  293.9,  292.1,  290.7,  290.7,  291.9,  293.7,  299.6,  296.8,  293.8,  291.5,  290.5,  290.4,  290.8,  290.2,  289.9,  290.9,  293.4,  296.4,  294.1,  293.1,  292.5,  292.5,  293.3,  294.2,  294.9,  294.8,  311.3,  313.3,  315.3,  316.1,  315.2,  313.2,  311.3,  310.5,  310.6,  310.7,  311.0,  312.1,  314.3,  316.9,  319.5,  316.0,  312.7,  310.3,  309.4,  309.7,  312.5,  312.9,  314.0,  315.1,  315.5,  315.1,  314.1,  313.0,  -1.1,  14.4,  351.1,  -0.081,  0.002,  -0.088,  459.2,  466.4,  479.0,  494.0,  516.0,  544.4,  574.1,  611.4,  654.5,  696.8,  731.5,  759.8,  777.9,  787.1,  791.3,  792.7,  790.4,  484.7,  501.2,  529.4,  559.9,  588.7,  657.9,  687.6,  716.8,  745.3,  763.9,  629.1,  632.0,  635.0,  638.1,  605.1,  622.4,  640.1,  657.6,  673.2,  525.3,  542.1,  565.0,  584.7,  565.4,  542.5,  671.0,  689.7,  712.0,  729.2,  714.4,  692.4,  586.6,  606.0,  628.1,  644.0,  660.9,  683.8,  704.1,  686.9,  666.1,  647.6,  630.7,  608.0,  597.3,  629.3,  645.0,  662.7,  693.3,  663.2,  645.7,  629.7,  321.1,  369.8,  418.3,  464.9,  509.1,  549.1,  584.9,  609.5,  613.2,  601.8,  571.0,  530.1,  485.2,  436.9,  388.6,  340.6,  293.2,  287.5,  261.9,  249.6,  250.6,  258.2,  253.9,  243.6,  239.9,  246.7,  267.8,  290.0,  316.7,  343.2,  371.1,  403.2,  407.2,  410.7,  404.2,  397.4,  309.2,  295.5,  293.4,  304.4,  311.8,  315.0,  298.8,  284.9,  284.8,  295.2,  302.5,  302.9,  477.9,  456.0,  445.5,  449.0,  443.2,  451.0,  467.7,  487.8,  495.8,  498.8,  498.5,  492.3,  476.1,  463.9,  463.9,  461.1,  468.0,  470.9,  474.4,  473.7,  -84.4,  -81.3,  -75.2,  -67.7,  -56.4,  -42.7,  -28.8,  -12.1,  6.0,  23.9,  39.7,  53.4,  62.4,  66.5,  68.4,  68.9,  68.2,  -66.1,  -58.1,  -45.5,  -32.6,  -20.7,  7.2,  19.6,  32.0,  44.6,  53.2,  -4.4,  -3.1,  -1.9,  -0.7,  -13.6,  -6.8,  0.1,  6.8,  13.0,  -47.9,  -40.5,  -31.0,  -22.8,  -30.7,  -40.2,  12.9,  20.7,  30.1,  37.5,  30.9,  21.7,  -21.7,  -13.3,  -4.6,  1.5,  8.1,  17.2,  26.0,  18.3,  10.0,  2.9,  -3.6,  -12.5,  -17.2,  -4.1,  1.9,  8.8,  21.4,  9.0,  2.2,  -4.0,  -18.1,  4.6,  27.3,  48.7,  67.9,  84.4,  98.3,  105.3,  105.2,  101.7,  91.6,  75.9,  56.6,  34.8,  12.9,  -8.8,  -30.3,  -30.9,  -41.1,  -45.4,  -44.5,  -41.1,  -42.9,  -47.8,  -50.1,  -48.0,  -39.6,  -28.0,  -16.9,  -6.4,  4.1,  16.9,  18.3,  19.4,  17.1,  14.6,  -21.2,  -26.7,  -27.5,  -22.9,  -19.8,  -18.6,  -25.4,  -31.2,  -31.4,  -27.2,  -23.9,  -23.6,  47.8,  37.4,  32.9,  34.2,  32.0,  35.7,  43.7,  50.0,  52.1,  53.2,  53.2,  51.6,  46.7,  40.2,  40.1,  39.2,  43.4,  42.8,  44.0,  43.9,  408.6,  409.5,  409.0,  405.8,  398.2,  390.4,  382.2,  369.2,  363.7,  367.8,  379.8,  390.5,  395.6,  395.5,  395.4,  394.4,  396.5,  372.6,  366.4,  360.1,  355.9,  353.5,  353.8,  359.5,  364.9,  370.5,  376.0,  349.8,  341.2,  332.6,  324.3,  342.3,  338.1,  335.4,  337.5,  341.2,  365.0,  362.4,  361.5,  360.3,  359.9,  361.0,  363.7,  363.9,  365.1,  367.9,  363.7,  362.3,  354.7,  341.2,  336.8,  336.1,  336.5,  343.0,  354.8,  342.4,  336.1,  335.1,  336.4,  341.2,  351.8,  338.9,  337.7,  339.0,  351.5,  338.1,  336.8,  338.2,  2.427,  -0.005,  0.014,  -0.088,  637.462,  397.129,  -14.591,  18.498,  -8.387,  23.085,  -19.568,  -3.618,  0.066,  -4.874,  7.557,  -14.463,  -11.289,  6.816,  -3.414,  -2.247,  6.952,  -5.012,  -0.247,  -1.486,  2.919,  -5.504,  -4.119,  -1.455,  1.410,  -0.647,  1.048,  2.408,  -0.289,  -0.629,  -0.159,  -0.791,  -0.891,  -0.025,  -0.472,  -0.214, 0.55, 0.05, 0.08, 0.06, 0.00, 0.03, 0.00, 1.10, 0.04, 0.00, 0.46, 0.92, 0.00, 0.24, 0.50, 1.71, 0.23, 0.00, 0.00, 0.00, 1.00, 0.00, 0.00, 0.00, 1.00, 0.00, 0.00, 1.00, 0.00, 0.00, 0.00, 0.00, 0.00, 0.00, 0.00
54,  0,  1.768,  0.98,  1,  0.098160,  0.012670,  -0.995090,  -0.091531,  0.082518,  -0.992377,  0.003,  0.048,  539.0,  543.9,  555.9,  568.1,  573.3,  569.6,  556.4,  544.2,  528.7,  533.3,  541.1,  552.8,  566.3,  577.1,  585.3,  576.1,  564.2,  552.1,  542.0,  534.3,  550.8,  557.2,  563.5,  566.1,  563.3,  557.0,  550.6,  548.1,  682.0,  684.9,  695.6,  707.8,  714.3,  711.4,  700.7,  687.6,  673.5,  680.1,  689.4,  701.6,  712.9,  721.0,  726.7,  721.9,  715.0,  705.8,  694.5,  683.1,  692.5,  698.8,  704.3,  705.8,  702.4,  696.1,  690.6,  689.1,  301.2,  287.9,  281.4,  285.5,  297.9,  312.2,  317.8,  313.6,  309.3,  301.2,  295.4,  291.7,  292.5,  297.2,  305.2,  310.3,  313.2,  315.2,  315.2,  313.5,  307.5,  309.7,  306.3,  299.3,  292.8,  290.6,  294.0,  301.0,  292.3,  280.5,  275.3,  279.7,  291.1,  302.8,  308.0,  304.8,  298.6,  290.5,  285.2,  283.1,  285.6,  290.3,  297.4,  300.4,  301.8,  302.4,  302.1,  301.4,  298.8,  301.0,  298.4,  292.3,  286.5,  284.2,  286.9,  292.9,  -33.7,  -32.2,  -28.0,  -23.8,  -22.0,  -23.2,  -27.6,  -31.8,  -37.7,  -35.9,  -32.9,  -28.8,  -24.3,  -20.7,  -18.0,  -21.0,  -24.9,  -28.9,  -32.5,  -35.5,  -29.7,  -27.5,  -25.3,  -24.5,  -25.5,  -27.7,  -29.8,  -30.7,  15.0,  16.1,  20.1,  24.5,  26.8,  25.6,  21.6,  16.9,  11.9,  14.3,  17.6,  22.0,  26.2,  29.4,  31.7,  29.6,  26.8,  23.4,  19.3,  15.3,  18.8,  21.1,  23.1,  23.7,  22.5,  20.2,  18.2,  17.6,  -19.6,  -24.1,  -26.2,  -24.7,  -20.4,  -15.7,  -13.9,  -15.4,  -17.2,  -19.8,  -21.5,  -22.6,  -22.2,  -20.7,  -18.0,  -16.3,  -15.4,  -14.8,  -14.9,  -15.6,  -17.5,  -16.7,  -17.8,  -20.1,  -22.3,  -23.1,  -22.0,  -19.7,  -24.1,  -28.5,  -30.6,  -29.0,  -24.9,  -20.5,  -18.5,  -19.6,  -21.8,  -24.7,  -26.6,  -27.5,  -26.8,  -25.3,  -22.9,  -21.6,  -20.8,  -20.4,  -20.5,  -20.8,  -21.9,  -21.1,  -22.1,  -24.4,  -26.5,  -27.3,  -26.3,  -24.0,  292.3,  292.7,  291.6,  289.6,  288.1,  287.8,  288.8,  290.8,  296.8,  294.2,  291.2,  289.0,  288.0,  287.8,  288.0,  287.3,  287.1,  288.1,  290.6,  293.7,  291.3,  290.3,  289.7,  289.9,  290.7,  291.7,  292.3,  292.1,  311.7,  313.8,  315.8,  316.5,  315.6,  313.5,  311.6,  310.9,  311.0,  311.1,  311.5,  312.6,  314.7,  317.4,  319.9,  316.4,  313.1,  310.7,  309.7,  310.1,  312.9,  313.3,  314.3,  315.4,  315.9,  315.5,  314.5,  313.4,  -1.1,  15.3,  348.6,  -0.086,  0.005,  -0.086,  459.6,  467.0,  480.1,  495.1,  515.9,  543.1,  573.7,  613.1,  657.5,  699.6,  733.1,  760.1,  777.6,  786.4,  790.9,  792.7,  790.0,  485.6,  502.2,  529.9,  560.0,  588.3,  658.5,  688.1,  716.9,  745.4,  764.0,  629.8,  632.5,  635.4,  638.6,  604.6,  622.0,  640.1,  657.9,  673.6,  525.1,  542.4,  565.4,  585.5,  565.7,  542.7,  671.0,  689.9,  712.3,  729.9,  714.7,  692.5,  588.2,  603.9,  627.4,  643.0,  658.9,  682.9,  702.2,  688.1,  667.2,  649.3,  632.1,  607.5,  599.1,  629.1,  644.3,  660.8,  691.2,  663.8,  646.9,  631.0,  319.8,  370.7,  421.4,  469.7,  515.8,  557.4,  593.6,  617.0,  620.2,  608.4,  578.4,  537.7,  493.0,  443.7,  393.8,  343.2,  293.6,  286.9,  261.3,  249.4,  250.3,  257.8,  254.0,  244.6,  240.7,  246.8,  267.4,  290.3,  317.3,  343.9,  371.9,  401.3,  405.6,  409.3,  402.6,  395.5,  309.4,  295.6,  293.7,  304.7,  311.6,  314.5,  299.1,  285.2,  285.3,  295.3,  302.3,  302.7,  482.4,  452.7,  438.9,  442.4,  436.8,  447.9,  471.9,  501.6,  513.6,  516.9,  516.6,  506.9,  479.6,  459.1,  458.5,  456.6,  472.1,  485.3,  488.8,  488.2,  -82.9,  -79.8,  -73.8,  -66.4,  -56.1,  -43.0,  -28.8,  -11.3,  7.2,  24.8,  40.0,  53.0,  61.5,  65.4,  67.1,  67.8,  66.9,  -64.9,  -57.2,  -45.0,  -32.3,  -20.8,  7.4,  19.7,  31.9,  44.3,  52.8,  -4.1,  -2.9,  -1.7,  -0.5,  -13.7,  -6.9,  0.0,  6.8,  13.0,  -47.5,  -40.1,  -30.6,  -22.2,  -30.3,  -39.8,  12.8,  20.5,  29.9,  37.5,  30.8,  21.5,  -20.8,  -13.9,  -4.8,  1.2,  7.2,  16.6,  24.9,  18.7,  10.4,  3.6,  -3.0,  -12.6,  -16.3,  -4.2,  1.6,  8.0,  20.3,  9.1,  2.7,  -3.5,  -18.5,  4.9,  28.3,  50.3,  70.4,  87.7,  101.6,  107.8,  107.4,  103.5,  93.8,  78.4,  59.4,  37.4,  15.0,  -7.5,  -29.6,  -30.7,  -41.0,  -45.2,  -44.4,  -41.0,  -42.7,  -47.3,  -49.4,  -47.6,  -39.4,  -27.7,  -16.6,  -6.1,  4.4,  16.0,  17.5,  18.8,  16.3,  13.7,  -20.9,  -26.4,  -27.2,  -22.6,  -19.7,  -18.6,  -25.1,  -30.8,  -30.9,  -27.0,  -23.8,  -23.5,  49.2,  35.8,  30.0,  31.2,  29.1,  34.0,  44.8,  55.0,  58.8,  59.9,  60.1,  57.1,  47.8,  38.0,  37.6,  37.0,  44.5,  48.2,  49.5,  49.4,  402.1,  403.6,  403.7,  401.2,  395.3,  388.7,  380.4,  367.0,  361.0,  364.7,  375.8,  386.0,  391.1,  390.6,  389.4,  388.4,  390.2,  367.8,  363.1,  357.5,  353.8,  351.4,  352.3,  358.3,  362.7,  367.9,  372.4,  347.5,  339.6,  331.9,  324.3,  339.7,  335.9,  333.3,  335.4,  338.7,  361.4,  359.2,  358.3,  356.5,  356.7,  357.8,  360.4,  360.7,  362.0,  364.5,  360.5,  359.0,  351.8,  338.1,  332.8,  331.8,  332.2,  338.7,  350.1,  339.8,  334.7,  334.4,  335.7,  340.0,  349.5,  335.5,  333.9,  334.8,  347.8,  336.9,  336.1,  337.5,  2.448,  -0.005,  0.017,  -0.086,  637.690,  399.862,  -28.224,  19.019,  -2.161,  27.383,  -22.859,  -14.965,  6.156,  -1.960,  7.934,  -17.617,  -8.456,  5.418,  0.916,  -0.366,  8.122,  -1.864,  3.119,  -1.508,  0.819,  -2.326,  -3.450,  -0.530,  0.885,  -1.056,  -0.758,  3.870,  -0.235,  -1.312,  -0.121,  -1.096,  -0.724,  -0.104,  -0.703,  0.033, 0.57, 0.03, 0.16, 0.00, 0.04, 0.09, 0.11, 1.53, 0.11, 0.00, 0.09, 0.49, 0.00, 0.00, 1.10, 2.39, 0.16, 0.00, 0.00, 0.00, 1.00, 0.00, 0.00, 0.00, 1.00, 0.00, 0.00, 1.00, 0.00, 0.00, 0.00, 0.00, 0.00, 0.00, 0.00
55,  0,  1.802,  0.98,  1,  0.114075,  0.009438,  -0.993427,  -0.101653,  0.082499,  -0.991393,  0.006,  0.046,  539.2,  544.1,  556.3,  568.4,  573.5,  569.7,  556.5,  544.3,  528.6,  533.4,  541.3,  553.0,  566.3,  576.8,  584.5,  575.5,  563.9,  551.9,  541.9,  534.3,  550.8,  557.2,  563.6,  566.3,  563.6,  557.2,  550.8,  548.1,  681.5,  684.3,  695.1,  707.5,  714.2,  711.4,  700.6,  687.3,  671.1,  679.8,  690.5,  702.8,  713.7,  721.4,  726.7,  722.2,  715.3,  706.0,  694.2,  681.5,  692.1,  698.4,  703.9,  705.4,  702.0,  695.7,  690.2,  688.7,  302.1,  289.0,  282.7,  286.8,  299.0,  313.1,  318.4,  314.3,  310.5,  302.5,  296.8,  293.1,  293.9,  298.6,  306.7,  311.2,  313.8,  315.6,  315.6,  314.2,  308.5,  310.6,  307.3,  300.4,  293.9,  291.8,  295.1,  302.0,  293.3,  281.0,  275.3,  279.7,  291.5,  303.9,  309.5,  306.3,  296.1,  290.4,  286.6,  285.4,  287.7,  291.7,  297.8,  301.6,  303.3,  303.7,  302.5,  300.9,  299.7,  302.0,  299.1,  292.9,  286.8,  284.6,  287.4,  293.7,  -34.4,  -32.7,  -28.5,  -24.2,  -22.3,  -23.6,  -28.1,  -32.4,  -38.5,  -36.5,  -33.5,  -29.3,  -24.8,  -21.2,  -18.7,  -21.6,  -25.5,  -29.6,  -33.2,  -36.2,  -30.3,  -28.0,  -25.8,  -24.9,  -25.9,  -28.2,  -30.4,  -31.3,  14.2,  15.3,  19.1,  23.5,  25.8,  24.7,  20.8,  16.2,  10.7,  13.6,  17.3,  21.6,  25.6,  28.5,  30.7,  28.7,  26.0,  22.6,  18.5,  14.2,  18.0,  20.2,  22.2,  22.7,  21.6,  19.3,  17.4,  16.8,  -19.7,  -24.2,  -26.3,  -24.8,  -20.5,  -15.8,  -14.0,  -15.5,  -17.1,  -19.7,  -21.5,  -22.6,  -22.2,  -20.6,  -17.9,  -16.4,  -15.5,  -14.9,  -15.0,  -15.7,  -17.5,  -16.7,  -17.8,  -20.2,  -22.4,  -23.2,  -22.1,  -19.7,  -22.9,  -27.3,  -29.4,  -28.0,  -23.8,  -19.4,  -17.4,  -18.4,  -21.9,  -23.8,  -25.2,  -25.7,  -25.1,  -23.9,  -22.0,  -20.4,  -19.6,  -19.3,  -19.6,  -20.2,  -20.8,  -20.0,  -21.1,  -23.3,  -25.5,  -26.2,  -25.1,  -22.9,  298.2,  298.7,  297.8,  295.9,  294.3,  293.8,  294.7,  296.5,  302.2,  299.8,  297.1,  295.1,  294.2,  293.9,  294.1,  293.4,  293.1,  293.9,  296.3,  299.3,  297.1,  296.2,  295.7,  296.0,  296.9,  297.8,  298.3,  298.0,  300.1,  302.0,  304.0,  305.1,  304.5,  302.6,  300.6,  299.6,  299.9,  299.5,  299.7,  301.0,  303.5,  306.6,  310.0,  306.0,  302.5,  299.9,  298.6,  298.8,  301.6,  302.2,  303.2,  304.2,  304.5,  303.9,  302.9,  301.9,  -1.1,  14.8,  350.7,  -0.101,  0.002,  -0.085,  459.9,  467.3,  480.0,  494.4,  514.7,  542.0,  572.9,  612.5,  656.7,  698.4,  732.1,  759.0,  776.8,  785.8,  790.3,  792.6,  790.2,  485.2,  502.7,  530.6,  560.4,  588.6,  658.8,  688.8,  717.4,  745.9,  765.3,  629.9,  632.7,  635.7,  639.0,  603.9,  621.7,  640.2,  658.1,  674.0,  524.7,  542.4,  565.2,  585.5,  565.5,  542.6,  670.8,  690.2,  712.4,  730.2,  714.5,  692.4,  586.8,  602.9,  626.1,  642.9,  660.1,  683.7,  702.4,  688.5,  668.1,  648.9,  630.6,  606.3,  598.0,  627.8,  644.3,  662.3,  691.3,  664.3,  646.2,  629.1,  320.4,  370.6,  421.1,  469.2,  514.8,  555.6,  590.7,  612.8,  615.5,  604.0,  574.6,  534.9,  491.7,  443.3,  393.9,  343.8,  295.0,  287.1,  262.6,  251.4,  252.3,  259.1,  254.8,  246.2,  242.5,  248.3,  268.1,  291.4,  318.5,  345.4,  373.6,  401.5,  405.8,  409.3,  402.6,  395.7,  310.2,  297.5,  295.3,  305.3,  312.1,  315.1,  299.4,  286.6,  286.9,  295.7,  302.6,  303.0,  479.8,  449.3,  435.2,  438.7,  432.6,  443.9,  468.4,  494.8,  506.1,  509.8,  509.9,  501.6,  476.8,  457.4,  456.7,  454.3,  468.3,  475.6,  479.5,  479.3,  -83.3,  -80.3,  -74.5,  -67.4,  -57.2,  -43.9,  -29.3,  -11.6,  6.9,  24.5,  39.9,  53.0,  61.8,  65.8,  67.6,  68.4,  67.7,  -65.7,  -57.5,  -45.1,  -32.5,  -20.8,  7.6,  20.2,  32.4,  45.0,  53.9,  -4.1,  -2.8,  -1.6,  -0.4,  -14.2,  -7.1,  0.1,  7.0,  13.3,  -48.1,  -40.4,  -30.9,  -22.4,  -30.6,  -40.1,  12.8,  20.9,  30.3,  37.9,  31.0,  21.7,  -21.5,  -14.4,  -5.3,  1.1,  7.7,  17.0,  25.1,  18.9,  10.8,  3.4,  -3.6,  -13.1,  -16.8,  -4.7,  1.6,  8.6,  20.4,  9.4,  2.4,  -4.2,  -18.3,  4.9,  28.4,  50.5,  70.7,  87.7,  100.8,  106.4,  105.9,  102.4,  93.0,  77.9,  59.5,  37.6,  15.3,  -7.3,  -29.3,  -30.9,  -40.8,  -44.8,  -44.0,  -40.9,  -42.7,  -47.0,  -49.2,  -47.4,  -39.5,  -27.5,  -16.3,  -5.6,  5.1,  16.3,  17.7,  19.0,  16.5,  13.9,  -20.7,  -25.9,  -26.7,  -22.5,  -19.7,  -18.5,  -25.2,  -30.5,  -30.5,  -27.0,  -23.9,  -23.6,  48.3,  34.7,  28.8,  30.0,  27.7,  32.6,  43.5,  52.5,  56.1,  57.4,  57.7,  55.2,  46.8,  37.6,  37.1,  36.3,  43.2,  44.6,  46.0,  46.1,  404.9,  406.6,  407.4,  405.1,  399.4,  392.1,  382.5,  368.3,  362.7,  367.2,  379.1,  389.8,  395.4,  395.1,  393.7,  392.5,  394.3,  371.3,  366.3,  360.6,  357.1,  354.4,  355.2,  361.5,  366.3,  371.7,  376.3,  350.9,  343.1,  335.4,  328.0,  343.0,  339.1,  336.6,  338.9,  342.2,  364.6,  362.2,  361.4,  359.6,  359.6,  360.8,  364.0,  364.2,  365.6,  368.1,  364.0,  362.6,  353.1,  339.4,  334.6,  333.4,  333.8,  340.2,  351.4,  341.0,  335.6,  335.2,  336.6,  340.9,  350.6,  337.7,  336.0,  336.8,  348.9,  337.8,  337.0,  338.5,  2.430,  -0.019,  0.012,  -0.085,  637.512,  398.469,  -20.897,  18.518,  -4.852,  23.957,  -25.266,  -14.134,  3.558,  -1.058,  5.079,  -19.561,  -7.365,  5.135,  2.122,  2.661,  9.924,  -1.166,  1.547,  -1.644,  2.088,  -4.129,  -2.943,  -1.217,  1.364,  -1.304,  -1.808,  3.470,  -0.111,  -1.778,  0.305,  -1.048,  -0.721,  -0.115,  -0.661,  -0.017, 0.50, 0.00, 0.16, 0.08, 0.14, 0.20, 0.26, 2.02, 0.26, 0.06, 0.12, 0.27, 0.00, 0.00, 1.54, 2.22, 0.06, 0.00, 0.00, 0.00, 1.00, 0.00, 0.00, 0.00, 1.00, 0.00, 0.00, 0.00, 0.00, 0.00, 0.00, 0.00, 0.00, 0.00, 0.00
56,  0,  1.835,  0.98,  1,  0.108629,  0.004134,  -0.994074,  -0.091363,  0.062122,  -0.993878,  0.009,  0.033,  539.3,  544.3,  556.4,  568.4,  573.3,  569.4,  556.2,  544.2,  528.9,  533.6,  541.5,  553.1,  566.5,  577.1,  585.1,  575.9,  564.0,  552.0,  542.0,  534.4,  550.8,  557.2,  563.6,  566.3,  563.7,  557.2,  550.8,  548.1,  682.0,  684.7,  695.3,  707.7,  714.6,  712.0,  701.3,  688.0,  673.9,  680.8,  690.4,  702.6,  713.6,  721.4,  726.8,  721.9,  715.2,  706.1,  694.7,  683.3,  692.8,  699.1,  704.6,  705.9,  702.4,  696.1,  690.6,  689.3,  302.2,  289.1,  282.8,  287.0,  299.1,  313.2,  318.4,  314.3,  310.4,  302.5,  296.8,  293.1,  293.9,  298.5,  306.2,  310.8,  313.3,  315.2,  315.4,  314.0,  308.6,  310.8,  307.5,  300.5,  294.0,  291.8,  295.2,  302.1,  293.7,  281.4,  275.5,  279.4,  291.0,  303.3,  309.2,  306.4,  299.6,  291.5,  286.4,  284.6,  286.8,  291.1,  297.5,  300.8,  302.5,  303.3,  303.0,  302.3,  299.7,  301.8,  298.8,  292.5,  286.6,  284.5,  287.5,  293.8,  -34.2,  -32.5,  -28.3,  -24.1,  -22.3,  -23.6,  -28.1,  -32.3,  -38.2,  -36.3,  -33.3,  -29.1,  -24.6,  -21.0,  -18.4,  -21.4,  -25.3,  -29.4,  -33.0,  -36.0,  -30.1,  -27.9,  -25.7,  -24.8,  -25.8,  -28.0,  -30.3,  -31.1,  14.9,  16.0,  19.9,  24.4,  26.9,  25.8,  21.8,  17.1,  12.0,  14.5,  17.9,  22.3,  26.4,  29.5,  31.7,  29.6,  26.9,  23.5,  19.4,  15.3,  18.9,  21.2,  23.2,  23.7,  22.5,  20.2,  18.2,  17.6,  -19.6,  -24.1,  -26.1,  -24.6,  -20.4,  -15.6,  -13.9,  -15.4,  -17.1,  -19.6,  -21.4,  -22.4,  -22.1,  -20.5,  -18.0,  -16.4,  -15.5,  -15.0,  -15.0,  -15.7,  -17.4,  -16.6,  -17.7,  -20.0,  -22.3,  -23.1,  -22.0,  -19.6,  -23.6,  -28.1,  -30.4,  -29.1,  -24.9,  -20.3,  -18.1,  -19.0,  -21.4,  -24.3,  -26.2,  -26.9,  -26.3,  -25.0,  -22.8,  -21.4,  -20.6,  -20.1,  -20.2,  -20.4,  -21.5,  -20.8,  -22.0,  -24.3,  -26.5,  -27.2,  -26.0,  -23.7,  296.7,  297.2,  296.2,  294.3,  292.5,  292.1,  293.1,  295.0,  301.1,  298.6,  295.7,  293.6,  292.5,  292.3,  292.5,  291.7,  291.5,  292.4,  294.9,  298.0,  295.6,  294.6,  294.0,  294.3,  295.2,  296.2,  296.8,  296.5,  311.2,  313.0,  314.9,  315.9,  315.3,  313.5,  311.6,  310.7,  310.6,  310.5,  310.9,  312.0,  314.2,  317.0,  319.6,  316.4,  313.2,  310.6,  309.6,  309.9,  312.7,  313.2,  314.2,  315.1,  315.4,  314.9,  313.9,  313.0,  -1.1,  13.8,  354.7,  -0.101,  -0.006,  -0.085,  459.4,  467.0,  479.2,  493.1,  513.5,  541.0,  572.3,  612.1,  656.6,  698.5,  732.2,  758.8,  776.4,  785.8,  790.3,  792.2,  790.2,  484.9,  502.5,  530.9,  560.9,  588.8,  659.6,  689.3,  718.0,  746.0,  765.2,  630.0,  633.0,  636.0,  639.3,  602.8,  621.4,  640.6,  658.9,  675.1,  525.3,  542.8,  565.3,  585.3,  565.4,  542.9,  671.6,  690.7,  712.6,  729.9,  715.0,  693.4,  584.9,  602.7,  625.0,  643.4,  663.3,  686.1,  704.8,  690.1,  669.8,  648.2,  628.7,  605.4,  595.5,  626.2,  644.3,  664.9,  694.2,  667.0,  646.3,  627.6,  322.0,  370.9,  419.1,  465.4,  509.8,  549.8,  584.7,  606.6,  608.8,  597.6,  569.3,  531.6,  488.8,  440.9,  392.1,  343.0,  294.9,  288.3,  262.9,  251.8,  252.7,  259.7,  254.8,  245.7,  242.0,  248.3,  269.0,  292.2,  318.9,  345.5,  373.2,  399.9,  404.5,  408.3,  401.0,  393.6,  310.2,  297.0,  295.1,  305.7,  312.1,  314.9,  300.2,  286.7,  286.4,  296.0,  302.5,  303.2,  472.2,  445.8,  435.0,  438.0,  432.0,  440.5,  461.0,  481.8,  491.6,  495.7,  495.7,  488.7,  469.5,  452.0,  451.7,  448.7,  460.6,  468.5,  473.2,  472.8,  -85.0,  -81.4,  -75.5,  -68.4,  -58.1,  -44.7,  -29.9,  -11.8,  6.9,  24.7,  40.3,  53.4,  62.3,  66.7,  68.7,  69.6,  69.2,  -66.8,  -58.3,  -45.5,  -32.6,  -20.9,  8.0,  20.5,  32.9,  45.6,  54.7,  -4.1,  -2.8,  -1.5,  -0.3,  -14.8,  -7.3,  0.2,  7.4,  13.9,  -48.4,  -40.7,  -31.2,  -22.8,  -31.0,  -40.5,  13.3,  21.4,  30.7,  38.3,  31.6,  22.4,  -22.5,  -14.7,  -5.8,  1.3,  9.0,  18.3,  26.5,  19.8,  11.6,  3.2,  -4.4,  -13.6,  -18.1,  -5.4,  1.7,  9.7,  22.0,  10.6,  2.5,  -4.9,  -17.9,  5.1,  27.8,  49.1,  68.8,  85.6,  99.1,  104.6,  103.8,  100.4,  91.4,  77.2,  58.8,  37.0,  14.7,  -7.8,  -30.0,  -30.9,  -41.2,  -45.1,  -44.2,  -41.0,  -43.0,  -47.6,  -49.9,  -48.0,  -39.8,  -27.5,  -16.3,  -5.6,  5.0,  15.9,  17.4,  18.7,  16.0,  13.3,  -21.0,  -26.4,  -27.2,  -22.6,  -19.9,  -18.8,  -25.2,  -30.9,  -31.1,  -27.3,  -24.2,  -23.8,  45.9,  33.8,  29.2,  30.2,  27.9,  31.9,  41.3,  48.1,  51.1,  52.5,  52.7,  50.7,  44.5,  35.9,  35.6,  34.6,  40.8,  42.5,  44.1,  44.2,  411.8,  411.9,  411.0,  407.7,  401.8,  394.8,  385.8,  371.1,  364.9,  369.7,  382.3,  393.6,  399.7,  400.3,  400.1,  400.2,  403.3,  376.7,  371.0,  364.7,  360.5,  357.6,  358.0,  364.2,  369.6,  376.2,  382.3,  354.6,  346.4,  338.4,  330.6,  347.2,  342.6,  339.5,  341.7,  345.4,  369.0,  366.7,  366.0,  364.5,  364.0,  365.0,  368.1,  368.8,  370.3,  373.0,  368.5,  366.8,  357.8,  344.2,  340.1,  338.8,  339.6,  346.4,  357.8,  346.0,  339.4,  338.6,  340.0,  344.7,  355.3,  341.6,  340.0,  341.3,  354.7,  342.5,  341.4,  343.0,  2.401,  -0.028,  0.003,  -0.085,  637.658,  395.477,  -13.874,  15.759,  -1.413,  17.507,  -21.308,  -7.283,  0.844,  -2.518,  4.740,  -17.584,  -9.676,  5.301,  -1.426,  3.377,  11.054,  -2.954,  -0.480,  -0.763,  0.642,  -4.049,  -4.750,  1.756,  -0.556,  -3.247,  0.887,  2.906,  -0.658,  -1.171,  -0.024,  -0.961,  -0.771,  -0.053,  -0.419,  -0.001, 0.36, 0.00, 0.08, 0.08, 0.29, 0.50, 0.46, 2.37, 0.53, 0.13, 0.25, 0.24, 0.00, 0.00, 1.60, 1.50, 0.00, 0.00, 0.00, 0.00, 1.00, 0.00, 0.00, 0.00, 1.00, 0.00, 0.00, 0.00, 0.00, 0.00, 0.00, 1.00, 0.00, 0.00, 0.00
57,  0,  1.869,  0.98,  1,  0.105231,  0.010363,  -0.994394,  -0.094450,  0.084448,  -0.991941,  0.005,  0.048,  539.5,  544.7,  556.7,  568.6,  573.2,  569.2,  556.0,  544.2,  529.0,  534.0,  542.1,  553.7,  566.8,  577.3,  585.2,  576.1,  564.4,  552.4,  542.1,  534.4,  550.6,  557.0,  563.5,  566.3,  563.8,  557.4,  550.9,  548.1,  682.2,  684.8,  695.5,  708.2,  715.3,  712.7,  701.9,  688.5,  674.7,  681.1,  690.5,  702.8,  713.8,  721.8,  727.6,  722.6,  715.8,  706.8,  695.4,  684.1,  693.2,  699.7,  705.3,  706.6,  703.0,  696.5,  690.9,  689.6,  301.6,  289.1,  282.9,  286.6,  298.0,  311.5,  316.7,  313.0,  310.7,  302.5,  296.2,  292.4,  293.5,  298.3,  305.9,  309.6,  311.3,  312.9,  313.6,  313.2,  307.9,  309.9,  306.5,  299.8,  293.6,  291.6,  294.9,  301.7,  293.3,  281.1,  275.3,  279.2,  290.6,  302.7,  308.5,  305.8,  299.4,  291.3,  286.2,  284.3,  286.4,  290.5,  297.0,  300.0,  301.6,  302.4,  302.3,  301.8,  299.4,  301.4,  298.4,  292.2,  286.3,  284.3,  287.3,  293.5,  -34.5,  -32.8,  -28.6,  -24.4,  -22.6,  -23.9,  -28.4,  -32.7,  -38.7,  -36.6,  -33.5,  -29.4,  -24.8,  -21.2,  -18.6,  -21.6,  -25.5,  -29.6,  -33.4,  -36.4,  -30.6,  -28.3,  -26.0,  -25.1,  -26.1,  -28.3,  -30.6,  -31.5,  15.1,  16.1,  20.1,  24.8,  27.3,  26.2,  22.1,  17.3,  12.4,  14.7,  18.1,  22.5,  26.6,  29.8,  32.1,  30.0,  27.2,  23.8,  19.7,  15.7,  19.1,  21.5,  23.6,  24.1,  22.8,  20.4,  18.4,  17.8,  -20.1,  -24.4,  -26.5,  -25.1,  -21.0,  -16.4,  -14.7,  -16.0,  -17.2,  -19.9,  -21.9,  -23.0,  -22.6,  -20.9,  -18.3,  -17.0,  -16.4,  -15.9,  -15.8,  -16.1,  -17.8,  -17.1,  -18.2,  -20.5,  -22.7,  -23.5,  -22.4,  -20.0,  -23.9,  -28.4,  -30.7,  -29.3,  -25.2,  -20.6,  -18.4,  -19.3,  -21.6,  -24.5,  -26.4,  -27.1,  -26.6,  -25.3,  -23.1,  -21.8,  -21.0,  -20.5,  -20.5,  -20.7,  -21.8,  -21.1,  -22.2,  -24.6,  -26.7,  -27.4,  -26.2,  -23.9,  300.5,  301.4,  300.7,  298.7,  296.6,  295.6,  296.4,  298.4,  304.9,  302.5,  299.8,  297.8,  296.8,  296.5,  296.5,  295.5,  295.2,  296.1,  298.4,  301.6,  299.2,  298.1,  297.7,  298.2,  299.3,  300.4,  300.8,  300.3,  313.0,  315.0,  317.0,  317.8,  316.9,  314.9,  312.9,  312.2,  312.3,  312.3,  312.7,  313.8,  315.8,  318.4,  320.8,  317.7,  314.6,  312.1,  311.2,  311.5,  314.3,  314.7,  315.7,  316.8,  317.2,  316.8,  315.8,  314.7,  -0.8,  13.7,  355.5,  -0.075,  -0.009,  -0.089,  459.4,  467.0,  478.9,  492.7,  513.0,  540.5,  572.5,  613.3,  658.6,  700.7,  733.8,  760.2,  777.6,  786.7,  791.0,  792.5,  790.4,  485.4,  502.3,  530.4,  560.8,  589.1,  659.6,  689.2,  718.0,  746.1,  765.0,  630.5,  633.5,  636.7,  640.1,  603.1,  622.0,  641.5,  660.0,  676.2,  525.7,  543.2,  565.5,  585.5,  565.8,  543.5,  672.2,  691.3,  713.0,  730.4,  715.4,  693.9,  584.1,  603.0,  627.2,  644.6,  663.2,  687.3,  707.6,  692.3,  671.1,  650.6,  632.0,  606.5,  594.7,  628.5,  645.6,  664.8,  697.0,  668.0,  648.5,  630.7,  322.5,  370.7,  417.9,  463.2,  507.2,  547.1,  582.1,  605.2,  607.8,  595.5,  566.5,  528.2,  485.1,  437.3,  389.1,  341.2,  294.3,  288.6,  263.0,  251.3,  252.0,  259.5,  255.0,  245.5,  241.6,  247.8,  268.2,  292.1,  318.7,  345.0,  372.6,  398.1,  403.1,  407.0,  399.2,  391.3,  309.7,  296.5,  294.6,  305.1,  311.3,  314.0,  299.7,  286.2,  285.9,  295.3,  301.5,  302.4,  469.2,  443.7,  432.9,  435.8,  430.0,  437.6,  457.3,  483.4,  495.2,  499.2,  499.2,  490.9,  467.0,  449.0,  448.6,  445.7,  457.5,  472.7,  477.2,  476.7,  -84.9,  -81.4,  -75.6,  -68.6,  -58.4,  -45.1,  -30.0,  -11.4,  7.8,  25.9,  41.3,  54.3,  63.0,  67.2,  69.0,  69.8,  69.3,  -66.4,  -58.3,  -45.6,  -32.5,  -20.7,  8.0,  20.4,  32.9,  45.5,  54.5,  -3.8,  -2.6,  -1.3,  0.0,  -14.6,  -7.0,  0.6,  7.8,  14.3,  -48.2,  -40.5,  -31.1,  -22.7,  -30.8,  -40.2,  13.5,  21.6,  30.8,  38.5,  31.7,  22.6,  -23.1,  -14.7,  -5.0,  1.8,  9.0,  18.8,  27.9,  20.8,  12.1,  4.1,  -3.1,  -13.3,  -18.6,  -4.5,  2.2,  9.7,  23.3,  11.0,  3.4,  -3.7,  -17.6,  5.0,  27.1,  48.1,  67.7,  84.8,  98.6,  104.8,  104.2,  100.3,  90.8,  76.0,  57.3,  35.4,  13.3,  -8.6,  -30.3,  -30.7,  -41.1,  -45.2,  -44.3,  -40.9,  -42.8,  -47.5,  -49.9,  -48.1,  -40.0,  -27.4,  -16.3,  -5.8,  4.8,  15.1,  16.8,  18.2,  15.3,  12.3,  -21.2,  -26.6,  -27.3,  -22.8,  -20.2,  -19.2,  -25.3,  -31.1,  -31.3,  -27.5,  -24.6,  -24.1,  45.1,  33.1,  28.4,  29.4,  27.2,  30.9,  40.1,  49.2,  52.8,  54.2,  54.4,  52.0,  43.9,  34.8,  34.5,  33.5,  39.9,  44.4,  46.0,  46.0,  411.4,  411.7,  410.5,  407.5,  402.5,  396.6,  388.6,  374.1,  368.0,  372.5,  384.7,  395.4,  401.0,  400.8,  400.1,  400.2,  403.1,  375.9,  370.2,  363.8,  359.3,  356.2,  356.9,  363.4,  368.7,  375.2,  381.4,  353.4,  345.4,  337.6,  330.1,  346.6,  342.3,  339.3,  341.5,  345.3,  368.5,  366.2,  365.5,  364.0,  363.7,  364.6,  367.3,  368.1,  369.6,  372.3,  367.9,  366.1,  360.9,  346.3,  340.8,  339.7,  340.4,  347.9,  360.8,  348.7,  341.6,  340.9,  342.2,  347.4,  358.9,  342.5,  341.0,  342.2,  358.0,  344.6,  343.5,  345.1,  2.397,  -0.002,  -0.002,  -0.090,  638.398,  394.576,  -15.692,  15.417,  5.790,  15.961,  -19.862,  -9.772,  1.167,  -1.875,  5.341,  -16.351,  -9.198,  4.913,  -1.398,  0.732,  10.632,  -3.864,  0.910,  -0.829,  0.426,  -1.550,  -3.800,  1.775,  -0.519,  -3.206,  0.394,  3.243,  -1.382,  -0.762,  -0.353,  -1.255,  -0.539,  -0.147,  -0.420,  0.129, 0.18, 0.00, 0.00, 0.10, 0.43, 0.72, 0.60, 2.55, 0.73, 0.23, 0.37, 0.16, 0.00, 0.00, 1.65, 0.84, 0.00, 0.00, 0.00, 0.00, 1.00, 0.00, 0.00, 0.00, 1.00, 0.00, 0.00, 0.00, 0.00, 0.00, 0.00, 1.00, 0.00, 0.00, 0.00
58,  0,  1.902,  0.98,  1,  0.094514,  0.004997,  -0.995511,  -0.090552,  0.094524,  -0.991396,  0.002,  0.050,  540.1,  545.4,  557.2,  568.7,  573.0,  568.8,  555.9,  544.5,  530.0,  535.0,  543.0,  554.2,  566.9,  577.6,  585.8,  576.4,  564.7,  553.0,  542.8,  535.1,  550.8,  557.1,  563.6,  566.6,  564.2,  557.9,  551.3,  548.4,  682.8,  685.3,  696.1,  708.8,  716.0,  713.4,  702.6,  689.0,  674.9,  681.8,  691.6,  703.8,  714.5,  722.1,  727.6,  722.9,  716.2,  707.3,  695.9,  684.4,  693.8,  700.3,  705.7,  707.0,  703.4,  697.0,  691.5,  690.2,  302.3,  290.2,  283.9,  287.3,  298.2,  311.4,  316.6,  313.2,  311.5,  303.3,  296.9,  293.2,  294.3,  299.1,  306.4,  310.4,  312.1,  313.7,  314.5,  314.1,  308.4,  310.3,  306.9,  300.2,  294.1,  292.2,  295.7,  302.4,  293.7,  281.3,  275.4,  279.5,  291.1,  303.5,  309.4,  306.5,  299.5,  291.7,  286.7,  285.1,  287.1,  291.0,  297.2,  300.3,  301.9,  302.6,  302.4,  301.9,  299.9,  302.0,  299.0,  292.7,  286.8,  284.7,  287.7,  293.9,  -34.3,  -32.6,  -28.5,  -24.4,  -22.7,  -24.0,  -28.5,  -32.6,  -38.4,  -36.3,  -33.3,  -29.2,  -24.8,  -21.1,  -18.4,  -21.5,  -25.4,  -29.4,  -33.1,  -36.1,  -30.5,  -28.2,  -26.0,  -25.0,  -26.0,  -28.2,  -30.5,  -31.4,  15.2,  16.2,  20.2,  24.8,  27.3,  26.2,  22.2,  17.3,  12.4,  14.8,  18.3,  22.7,  26.7,  29.7,  31.9,  29.9,  27.2,  23.9,  19.7,  15.7,  19.2,  21.5,  23.5,  24.1,  22.8,  20.5,  18.4,  17.9,  -19.8,  -24.1,  -26.2,  -24.8,  -20.9,  -16.4,  -14.7,  -15.9,  -16.9,  -19.6,  -21.6,  -22.8,  -22.3,  -20.6,  -18.1,  -16.7,  -16.1,  -15.6,  -15.5,  -15.8,  -17.6,  -16.9,  -18.1,  -20.4,  -22.5,  -23.3,  -22.1,  -19.8,  -23.5,  -28.1,  -30.4,  -29.0,  -24.8,  -20.2,  -17.9,  -18.9,  -21.4,  -24.2,  -26.0,  -26.7,  -26.1,  -24.9,  -22.9,  -21.6,  -20.8,  -20.3,  -20.3,  -20.5,  -21.4,  -20.7,  -21.9,  -24.2,  -26.3,  -27.0,  -25.9,  -23.6,  300.7,  301.8,  301.1,  298.9,  296.5,  295.4,  296.2,  298.4,  305.4,  302.8,  300.0,  297.8,  296.7,  296.3,  296.2,  295.2,  294.9,  295.8,  298.2,  301.6,  299.2,  298.0,  297.6,  298.2,  299.5,  300.7,  301.1,  300.5,  310.2,  312.2,  314.3,  315.3,  314.7,  312.7,  310.6,  309.6,  309.6,  309.6,  310.1,  311.3,  313.5,  316.3,  318.9,  315.8,  312.6,  310.0,  308.9,  309.0,  311.7,  312.2,  313.3,  314.3,  314.7,  314.2,  313.1,  312.1,  -0.5,  13.5,  356.4,  -0.071,  -0.009,  -0.092,  459.4,  467.5,  479.4,  492.6,  512.5,  540.0,  573.1,  614.7,  660.1,  702.4,  736.0,  762.5,  780.0,  788.7,  792.3,  793.6,  791.3,  485.1,  501.9,  530.5,  561.1,  589.9,  659.6,  689.2,  718.1,  746.2,  765.5,  631.0,  634.1,  637.4,  640.9,  604.0,  622.9,  642.4,  660.6,  676.7,  526.3,  543.7,  565.9,  585.9,  566.2,  544.2,  672.8,  691.9,  713.4,  730.8,  715.7,  694.5,  585.2,  604.1,  627.7,  645.6,  664.7,  688.2,  708.0,  693.1,  672.6,  651.7,  632.8,  607.8,  595.6,  629.1,  646.6,  666.3,  697.5,  669.5,  649.5,  631.4,  322.7,  370.4,  417.0,  462.1,  505.6,  544.9,  579.1,  601.8,  604.5,  592.4,  563.9,  526.8,  484.5,  437.2,  389.0,  341.0,  293.9,  289.9,  264.0,  252.4,  253.0,  260.2,  255.7,  246.4,  242.7,  248.6,  268.7,  293.2,  320.1,  346.6,  374.4,  398.6,  403.6,  407.5,  399.6,  391.7,  310.3,  297.4,  295.5,  305.8,  311.9,  314.6,  299.9,  286.8,  286.5,  295.5,  301.7,  302.6,  467.9,  443.1,  432.8,  435.4,  429.4,  436.5,  455.4,  480.5,  492.2,  496.6,  496.7,  488.9,  465.7,  448.1,  447.7,  444.4,  455.6,  470.3,  475.1,  474.9,  -85.2,  -81.5,  -75.8,  -69.0,  -59.0,  -45.5,  -29.8,  -10.8,  8.5,  26.7,  42.4,  55.7,  64.5,  68.6,  70.0,  70.6,  69.9,  -66.8,  -58.6,  -45.7,  -32.5,  -20.4,  8.0,  20.5,  32.9,  45.5,  54.7,  -3.7,  -2.3,  -1.0,  0.3,  -14.3,  -6.7,  0.9,  8.1,  14.5,  -48.0,  -40.4,  -31.0,  -22.6,  -30.7,  -40.0,  13.8,  21.9,  31.1,  38.7,  31.9,  22.8,  -22.6,  -14.3,  -4.8,  2.2,  9.6,  19.2,  28.1,  21.2,  12.7,  4.6,  -2.8,  -12.8,  -18.2,  -4.3,  2.6,  10.3,  23.5,  11.6,  3.8,  -3.4,  -17.6,  4.9,  26.9,  47.8,  67.4,  84.2,  97.4,  103.3,  103.0,  99.3,  90.1,  75.8,  57.4,  35.6,  13.3,  -8.7,  -30.5,  -30.3,  -40.7,  -44.8,  -44.0,  -40.7,  -42.6,  -47.2,  -49.4,  -47.8,  -39.8,  -27.0,  -15.8,  -5.2,  5.4,  15.3,  17.1,  18.5,  15.5,  12.5,  -21.0,  -26.2,  -27.0,  -22.6,  -20.0,  -19.0,  -25.3,  -30.9,  -31.1,  -27.5,  -24.6,  -24.1,  44.5,  32.9,  28.5,  29.4,  27.1,  30.5,  39.4,  48.1,  51.8,  53.3,  53.6,  51.3,  43.4,  34.6,  34.3,  33.1,  39.2,  43.6,  45.3,  45.4,  413.0,  413.5,  412.7,  409.8,  404.8,  398.4,  389.1,  374.0,  368.5,  373.8,  386.7,  397.6,  403.4,  403.4,  402.2,  402.0,  404.3,  377.5,  371.3,  364.7,  359.9,  356.4,  357.4,  363.6,  368.8,  375.2,  381.4,  354.2,  346.3,  338.6,  331.2,  347.7,  343.4,  340.5,  342.6,  346.1,  369.2,  366.9,  366.2,  364.9,  364.5,  365.4,  368.1,  368.9,  370.4,  373.2,  368.9,  367.1,  361.1,  347.1,  342.1,  341.0,  341.8,  349.1,  361.5,  349.6,  342.4,  341.6,  342.8,  347.8,  359.3,  343.7,  342.2,  343.5,  358.5,  345.6,  344.4,  345.9,  2.391,  0.001,  -0.002,  -0.092,  639.136,  394.116,  -11.387,  15.092,  4.223,  12.784,  -20.532,  -8.323,  1.453,  -0.535,  5.452,  -16.117,  -9.499,  3.083,  -0.347,  1.650,  10.639,  -4.358,  0.553,  -1.196,  -0.342,  -1.181,  -3.473,  2.273,  -1.141,  -3.318,  -0.160,  3.187,  -0.727,  -0.914,  0.028,  -1.026,  -0.473,  0.056,  -0.336,  -0.065, 0.09, 0.00, 0.00, 0.05, 0.54, 0.91, 0.74, 2.55, 0.86, 0.18, 0.32, 0.07, 0.00, 0.00, 1.79, 0.47, 0.00, 0.00, 0.00, 0.00, 1.00, 0.00, 0.00, 1.00, 1.00, 0.00, 0.00, 0.00, 0.00, 0.00, 0.00, 0.00, 0.00, 0.00, 0.00
59,  0,  1.935,  0.98,  1,  0.100061,  0.021821,  -0.994742,  -0.091851,  0.105642,  -0.990153,  0.004,  0.064,  541.4,  546.4,  557.9,  569.2,  573.6,  569.7,  557.2,  545.9,  531.1,  535.9,  543.8,  555.2,  568.1,  578.4,  586.2,  577.0,  565.5,  553.9,  543.9,  536.3,  552.0,  558.2,  564.4,  567.1,  564.7,  558.6,  552.3,  549.6,  683.9,  686.4,  697.1,  709.7,  716.9,  714.4,  703.7,  690.2,  676.2,  682.8,  692.3,  704.5,  715.3,  723.0,  728.6,  723.9,  717.2,  708.4,  697.0,  685.6,  694.8,  701.4,  707.0,  708.3,  704.5,  697.9,  692.4,  691.1,  302.7,  290.8,  284.7,  288.0,  298.9,  311.8,  316.9,  313.6,  312.4,  304.2,  297.8,  293.9,  294.9,  299.5,  306.7,  310.2,  311.8,  313.4,  314.3,  314.4,  308.7,  310.5,  307.2,  300.7,  294.8,  292.9,  296.3,  302.8,  294.0,  282.0,  276.2,  280.2,  291.5,  303.6,  309.4,  306.6,  299.9,  292.2,  287.3,  285.6,  287.6,  291.6,  297.8,  300.5,  301.8,  302.4,  302.3,  302.0,  300.3,  302.4,  299.4,  293.1,  287.2,  285.1,  288.1,  294.4,  -34.7,  -33.1,  -28.9,  -24.8,  -23.1,  -24.3,  -28.8,  -32.9,  -38.9,  -36.9,  -33.8,  -29.6,  -25.0,  -21.4,  -18.7,  -21.8,  -25.7,  -29.9,  -33.6,  -36.6,  -30.8,  -28.6,  -26.4,  -25.5,  -26.4,  -28.7,  -30.9,  -31.8,  15.7,  16.7,  20.7,  25.4,  27.9,  26.8,  22.8,  17.9,  12.9,  15.3,  18.7,  23.2,  27.2,  30.3,  32.6,  30.5,  27.9,  24.4,  20.3,  16.3,  19.7,  22.1,  24.2,  24.8,  23.4,  21.0,  18.9,  18.4,  -20.2,  -24.5,  -26.6,  -25.2,  -21.3,  -16.7,  -15.0,  -16.2,  -17.0,  -19.8,  -21.8,  -23.1,  -22.6,  -21.0,  -18.5,  -17.3,  -16.7,  -16.2,  -16.0,  -16.1,  -18.0,  -17.3,  -18.4,  -20.7,  -22.9,  -23.6,  -22.5,  -20.1,  -23.6,  -28.1,  -30.4,  -29.1,  -24.9,  -20.3,  -18.1,  -19.1,  -21.5,  -24.2,  -26.0,  -26.7,  -26.2,  -25.0,  -22.9,  -21.7,  -21.0,  -20.6,  -20.5,  -20.7,  -21.5,  -20.8,  -21.9,  -24.3,  -26.4,  -27.2,  -26.0,  -23.6,  308.1,  309.2,  308.4,  306.4,  304.2,  303.2,  303.8,  305.9,  312.6,  310.0,  307.3,  305.2,  304.1,  303.9,  303.9,  302.9,  302.6,  303.5,  305.8,  309.0,  306.7,  305.6,  305.2,  305.8,  307.0,  308.1,  308.5,  307.9,  313.4,  315.5,  317.7,  318.6,  317.7,  315.6,  313.5,  312.6,  312.8,  312.8,  313.3,  314.5,  316.6,  319.3,  321.7,  318.7,  315.5,  312.9,  311.9,  312.1,  314.7,  315.2,  316.3,  317.5,  317.9,  317.4,  316.3,  315.2,  0.0,  13.7,  357.2,  -0.056,  -0.014,  -0.091,  460.0,  467.5,  478.9,  492.1,  512.1,  540.3,  574.1,  615.8,  661.2,  703.4,  736.7,  763.6,  781.7,  790.8,  794.1,  794.7,  791.8,  486.5,  502.6,  531.1,  562.2,  591.4,  661.0,  690.4,  719.6,  747.8,  766.4,  632.6,  635.9,  639.3,  643.0,  606.1,  624.8,  644.1,  662.2,  678.0,  527.4,  544.8,  566.6,  586.5,  567.1,  545.4,  674.2,  693.0,  714.3,  731.7,  716.5,  695.5,  586.1,  605.6,  629.8,  647.1,  665.4,  689.3,  709.6,  694.2,  673.1,  653.0,  634.5,  609.1,  596.3,  631.1,  648.0,  666.9,  699.3,  670.1,  650.9,  633.2,  323.0,  370.3,  416.5,  461.1,  503.8,  542.0,  574.8,  597.6,  600.9,  589.0,  561.0,  524.8,  483.6,  437.2,  389.4,  341.4,  294.3,  290.7,  264.9,  253.2,  253.9,  261.6,  257.2,  247.0,  242.9,  249.1,  269.4,  294.3,  321.2,  347.7,  375.5,  398.8,  404.1,  408.2,  400.3,  392.3,  310.6,  298.1,  296.1,  306.1,  312.0,  314.6,  300.2,  287.3,  287.1,  295.9,  301.9,  302.8,  466.2,  443.3,  433.7,  436.6,  430.8,  437.4,  454.7,  482.0,  494.4,  498.3,  498.1,  489.2,  464.2,  448.7,  448.5,  445.4,  455.2,  472.3,  476.7,  476.2,  -84.9,  -81.5,  -76.1,  -69.5,  -59.4,  -45.6,  -29.4,  -10.4,  9.0,  27.2,  43.0,  56.5,  65.7,  69.9,  71.2,  71.3,  70.3,  -66.2,  -58.3,  -45.4,  -32.0,  -19.8,  8.6,  20.9,  33.5,  46.2,  55.1,  -3.0,  -1.6,  -0.3,  1.1,  -13.5,  -6.0,  1.6,  8.7,  15.0,  -47.5,  -39.9,  -30.7,  -22.3,  -30.3,  -39.5,  14.4,  22.3,  31.4,  39.1,  32.2,  23.3,  -22.3,  -13.7,  -4.0,  2.8,  9.9,  19.7,  28.9,  21.8,  13.0,  5.1,  -2.1,  -12.4,  -18.0,  -3.5,  3.1,  10.6,  24.4,  11.9,  4.3,  -2.7,  -17.4,  4.8,  26.7,  47.5,  66.8,  83.1,  95.7,  101.8,  101.8,  98.3,  89.3,  75.4,  57.4,  35.8,  13.6,  -8.6,  -30.4,  -29.9,  -40.3,  -44.5,  -43.6,  -40.0,  -42.0,  -46.9,  -49.3,  -47.6,  -39.5,  -26.6,  -15.4,  -4.7,  5.9,  15.4,  17.3,  18.8,  15.8,  12.8,  -20.8,  -25.9,  -26.7,  -22.5,  -20.0,  -18.9,  -25.1,  -30.6,  -30.9,  -27.4,  -24.5,  -24.0,  44.0,  33.2,  28.9,  29.9,  27.7,  31.0,  39.3,  49.0,  52.9,  54.3,  54.4,  51.6,  43.0,  34.9,  34.7,  33.6,  39.2,  44.6,  46.2,  46.2,  412.6,  413.5,  413.3,  411.1,  406.3,  399.7,  389.8,  375.0,  369.9,  375.5,  388.9,  400.0,  406.0,  405.9,  404.3,  403.3,  404.9,  377.3,  371.0,  364.6,  359.7,  356.1,  357.2,  363.5,  368.8,  375.1,  381.6,  353.7,  346.0,  338.3,  331.0,  347.4,  343.5,  340.8,  342.9,  346.3,  368.8,  366.6,  366.0,  364.9,  364.4,  365.2,  367.9,  368.7,  370.4,  373.2,  368.9,  367.1,  362.5,  348.3,  342.9,  341.9,  342.7,  350.4,  363.3,  351.5,  344.4,  343.5,  344.5,  349.7,  360.8,  344.6,  343.2,  344.5,  360.4,  347.3,  346.0,  347.5,  2.386,  0.017,  -0.010,  -0.092,  640.279,  394.234,  -9.748,  14.418,  5.551,  11.114,  -18.961,  -7.979,  1.968,  0.584,  6.506,  -14.260,  -8.585,  1.700,  1.782,  -0.175,  9.666,  -3.467,  0.722,  -1.698,  -1.339,  -0.333,  -3.678,  1.959,  -0.302,  -2.284,  -0.023,  3.524,  -0.993,  -0.984,  -0.099,  -1.341,  -0.518,  0.134,  -0.402,  0.078, 0.07, 0.00, 0.00, 0.05, 0.59, 0.88, 0.89, 2.42, 0.86, 0.11, 0.19, 0.05, 0.00, 0.00, 1.78, 0.38, 0.00, 0.00, 0.00, 0.00, 1.00, 0.00, 0.00, 1.00, 1.00, 0.00, 0.00, 0.00, 0.00, 0.00, 0.00, 0.00, 0.00, 0.00, 0.00
60,  0,  1.969,  0.98,  1,  0.115269,  0.040550,  -0.992506,  -0.087116,  0.118947,  -0.989072,  0.014,  0.080,  542.3,  547.3,  558.9,  570.4,  575.0,  571.1,  558.4,  546.9,  531.9,  536.7,  544.6,  555.9,  568.7,  579.0,  586.8,  577.7,  566.3,  554.7,  544.8,  537.2,  553.0,  559.3,  565.7,  568.4,  565.9,  559.6,  553.3,  550.5,  684.9,  687.3,  697.9,  710.6,  717.8,  715.4,  704.8,  691.2,  674.8,  683.1,  693.8,  706.0,  716.6,  724.2,  729.5,  725.2,  718.5,  709.5,  697.7,  685.3,  695.6,  702.3,  707.9,  709.2,  705.4,  698.7,  693.1,  691.8,  302.9,  290.8,  284.7,  288.0,  298.9,  312.0,  317.2,  313.8,  312.3,  304.2,  297.9,  294.0,  294.9,  299.5,  306.8,  310.1,  311.7,  313.3,  314.2,  314.2,  308.9,  310.8,  307.4,  300.8,  294.8,  292.9,  296.3,  302.9,  293.7,  281.3,  275.4,  279.6,  291.4,  303.8,  309.6,  306.7,  297.2,  291.4,  287.4,  286.1,  288.0,  291.6,  297.3,  300.7,  302.3,  302.7,  302.1,  301.0,  300.3,  302.5,  299.5,  292.9,  286.7,  284.5,  287.5,  294.0,  -34.4,  -32.8,  -28.6,  -24.4,  -22.6,  -23.9,  -28.3,  -32.5,  -38.6,  -36.6,  -33.5,  -29.4,  -24.8,  -21.2,  -18.5,  -21.6,  -25.5,  -29.6,  -33.3,  -36.3,  -30.5,  -28.2,  -25.9,  -25.0,  -26.0,  -28.3,  -30.6,  -31.5,  15.4,  16.4,  20.2,  24.7,  27.2,  26.2,  22.3,  17.6,  11.9,  14.8,  18.5,  22.8,  26.7,  29.6,  31.8,  29.9,  27.2,  23.9,  19.8,  15.5,  19.2,  21.5,  23.6,  24.1,  22.8,  20.4,  18.4,  17.9,  -20.1,  -24.4,  -26.6,  -25.2,  -21.2,  -16.6,  -14.9,  -16.1,  -17.0,  -19.8,  -21.8,  -23.0,  -22.6,  -21.0,  -18.5,  -17.3,  -16.7,  -16.2,  -16.0,  -16.2,  -17.9,  -17.2,  -18.3,  -20.7,  -22.9,  -23.6,  -22.5,  -20.1,  -22.8,  -27.2,  -29.5,  -28.1,  -24.0,  -19.5,  -17.3,  -18.3,  -21.6,  -23.5,  -24.9,  -25.5,  -25.0,  -24.0,  -22.3,  -20.8,  -20.0,  -19.7,  -19.8,  -20.2,  -20.6,  -19.9,  -21.0,  -23.4,  -25.6,  -26.3,  -25.2,  -22.8,  308.1,  309.2,  308.5,  306.5,  304.3,  303.2,  303.9,  305.9,  312.6,  310.1,  307.4,  305.3,  304.3,  304.0,  304.0,  303.0,  302.7,  303.6,  305.9,  309.1,  306.8,  305.7,  305.3,  305.9,  307.1,  308.2,  308.6,  308.0,  300.6,  302.6,  304.9,  306.1,  305.5,  303.5,  301.2,  300.1,  300.3,  300.1,  300.4,  301.7,  304.3,  307.3,  310.7,  306.9,  303.5,  300.7,  299.4,  299.4,  302.2,  302.8,  304.0,  305.1,  305.4,  304.8,  303.6,  302.5,  0.4,  13.6,  355.7,  -0.047,  -0.019,  -0.091,  460.4,  467.9,  479.4,  492.8,  513.1,  541.0,  574.7,  615.7,  661.1,  703.7,  737.2,  764.5,  782.6,  791.7,  795.0,  795.6,  792.5,  487.4,  503.3,  531.8,  562.9,  592.1,  662.2,  691.4,  720.6,  748.8,  767.1,  633.8,  637.2,  640.8,  644.5,  607.7,  626.3,  645.5,  663.4,  679.0,  528.1,  545.6,  567.3,  587.4,  567.9,  546.2,  675.0,  694.0,  715.2,  732.7,  717.2,  696.3,  589.0,  608.2,  632.1,  648.6,  666.0,  689.3,  709.1,  694.0,  673.6,  654.3,  636.7,  611.7,  599.2,  633.4,  649.5,  667.5,  698.9,  670.5,  652.2,  635.4,  322.4,  369.4,  415.6,  460.2,  502.8,  540.5,  572.7,  595.6,  599.5,  587.8,  559.7,  523.3,  482.1,  436.0,  388.5,  340.9,  294.1,  290.3,  265.0,  253.3,  254.4,  262.2,  257.5,  247.3,  242.9,  248.9,  269.1,  294.5,  321.7,  348.5,  376.4,  399.0,  404.4,  408.6,  400.9,  392.9,  310.4,  298.3,  296.2,  305.9,  311.8,  314.5,  299.8,  287.2,  287.1,  295.5,  301.6,  302.4,  466.2,  443.8,  434.0,  437.0,  431.3,  438.2,  455.1,  482.4,  494.7,  498.5,  498.1,  489.1,  464.2,  449.5,  449.3,  446.4,  455.7,  471.8,  476.0,  475.4,  -84.4,  -81.1,  -75.7,  -69.1,  -59.0,  -45.2,  -29.1,  -10.4,  8.9,  27.4,  43.3,  57.1,  66.4,  70.6,  71.8,  71.8,  70.6,  -65.5,  -57.7,  -44.8,  -31.5,  -19.4,  9.0,  21.3,  33.8,  46.5,  55.3,  -2.5,  -1.1,  0.3,  1.7,  -12.7,  -5.3,  2.1,  9.1,  15.4,  -47.0,  -39.4,  -30.2,  -21.8,  -29.9,  -38.9,  14.6,  22.7,  31.7,  39.4,  32.4,  23.5,  -21.0,  -12.6,  -3.1,  3.3,  10.1,  19.6,  28.6,  21.6,  13.2,  5.6,  -1.3,  -11.3,  -16.7,  -2.6,  3.7,  10.8,  24.2,  12.0,  4.8,  -1.8,  -17.6,  4.4,  26.2,  47.1,  66.3,  82.5,  94.8,  101.0,  101.3,  97.9,  88.9,  74.8,  56.8,  35.3,  13.2,  -8.8,  -30.5,  -29.9,  -40.1,  -44.2,  -43.2,  -39.5,  -41.6,  -46.6,  -49.2,  -47.5,  -39.5,  -26.4,  -15.1,  -4.4,  6.2,  15.4,  17.3,  18.8,  15.9,  12.9,  -20.8,  -25.7,  -26.5,  -22.5,  -20.0,  -18.9,  -25.2,  -30.5,  -30.7,  -27.4,  -24.6,  -24.1,  43.8,  33.2,  28.8,  29.9,  27.8,  31.2,  39.3,  49.0,  52.8,  54.1,  54.2,  51.4,  42.8,  35.1,  34.9,  33.9,  39.2,  44.1,  45.6,  45.6,  411.1,  412.4,  412.5,  410.7,  406.4,  400.0,  389.9,  375.2,  370.2,  375.9,  389.7,  401.0,  407.2,  406.9,  405.1,  403.8,  405.1,  375.5,  369.0,  362.6,  357.7,  353.8,  355.2,  361.7,  367.3,  373.9,  380.5,  351.9,  343.9,  336.1,  328.7,  345.3,  341.6,  338.9,  341.2,  344.6,  367.2,  364.7,  364.0,  363.0,  362.6,  363.4,  366.4,  367.2,  368.9,  372.0,  367.6,  365.7,  360.7,  346.5,  340.9,  340.0,  340.8,  348.7,  361.8,  349.9,  343.0,  342.1,  343.1,  348.1,  358.9,  343.0,  341.7,  343.1,  358.9,  345.6,  344.4,  345.8,  2.394,  0.028,  -0.018,  -0.092,  641.279,  394.061,  -3.671,  14.339,  4.376,  13.082,  -19.239,  -8.536,  2.690,  0.872,  6.033,  -14.373,  -7.368,  2.126,  3.221,  -1.166,  9.999,  -3.980,  1.262,  -2.235,  -1.739,  -0.455,  -3.067,  1.895,  0.625,  -1.809,  -0.051,  3.730,  -0.747,  -1.214,  0.199,  -1.329,  -0.523,  0.130,  -0.419,  0.093, 0.04, 0.00, 0.00, 0.02, 0.57, 0.74, 0.96, 2.22, 0.72, 0.01, 0.07, 0.11, 0.00, 0.12, 1.38, 0.16, 0.12, 0.00, 0.00, 0.00, 1.00, 0.00, 0.00, 1.00, 1.00, 0.00, 0.00, 0.00, 0.00, 0.00, 0.00, 0.00, 0.00, 0.00, 0.00
61,  0,  2.002,  0.98,  1,  0.109314,  0.067180,  -0.991735,  -0.095625,  0.149623,  -0.984108,  0.007,  0.109,  543.1,  548.0,  559.6,  571.1,  575.7,  571.9,  559.2,  547.7,  532.6,  537.7,  545.6,  556.7,  569.4,  580.0,  588.5,  579.1,  567.4,  555.7,  545.6,  537.9,  553.8,  560.2,  566.6,  569.3,  566.7,  560.4,  554.0,  551.3,  685.3,  688.2,  699.1,  711.5,  718.3,  715.3,  704.5,  691.0,  674.8,  683.8,  694.9,  707.3,  717.7,  724.9,  729.6,  725.9,  719.5,  710.5,  698.6,  685.6,  695.8,  702.1,  707.6,  709.1,  705.7,  699.4,  693.9,  692.4,  303.9,  291.7,  285.4,  288.7,  299.7,  312.9,  318.2,  314.9,  312.3,  304.8,  298.9,  295.3,  296.0,  300.0,  306.1,  310.3,  312.3,  314.1,  315.0,  314.8,  310.0,  311.8,  308.3,  301.6,  295.5,  293.7,  297.2,  303.9,  294.2,  281.5,  275.9,  280.7,  293.1,  305.8,  311.4,  307.8,  296.8,  291.7,  288.1,  286.8,  288.8,  292.3,  297.8,  301.5,  303.1,  303.5,  302.7,  301.3,  301.0,  303.4,  300.6,  294.2,  287.9,  285.4,  288.3,  294.7,  -33.8,  -32.2,  -28.1,  -23.9,  -22.1,  -23.4,  -27.8,  -32.0,  -38.1,  -35.9,  -32.9,  -28.8,  -24.3,  -20.6,  -17.7,  -20.9,  -24.9,  -29.0,  -32.7,  -35.8,  -29.9,  -27.6,  -25.4,  -24.5,  -25.5,  -27.8,  -30.0,  -30.9,  15.2,  16.3,  20.1,  24.5,  26.7,  25.6,  21.7,  17.1,  11.7,  14.7,  18.4,  22.7,  26.5,  29.2,  31.2,  29.6,  27.0,  23.7,  19.6,  15.3,  18.9,  21.0,  23.0,  23.6,  22.4,  20.2,  18.3,  17.7,  -19.6,  -23.9,  -26.0,  -24.7,  -20.8,  -16.2,  -14.4,  -15.6,  -16.9,  -19.4,  -21.3,  -22.4,  -22.0,  -20.6,  -18.6,  -17.0,  -16.3,  -15.8,  -15.6,  -15.8,  -17.4,  -16.7,  -17.9,  -20.2,  -22.4,  -23.1,  -22.0,  -19.6,  -22.1,  -26.5,  -28.6,  -27.1,  -22.9,  -18.4,  -16.4,  -17.5,  -21.2,  -22.9,  -24.1,  -24.7,  -24.3,  -23.3,  -21.7,  -20.1,  -19.3,  -19.0,  -19.2,  -19.6,  -19.9,  -19.1,  -20.2,  -22.4,  -24.6,  -25.4,  -24.3,  -22.1,  305.3,  306.3,  305.6,  303.5,  301.3,  300.3,  301.0,  303.1,  310.2,  307.4,  304.5,  302.4,  301.3,  301.1,  301.3,  300.1,  299.8,  300.7,  303.1,  306.4,  303.9,  302.8,  302.4,  302.9,  304.1,  305.3,  305.7,  305.1,  293.8,  295.6,  297.9,  299.2,  298.9,  297.0,  294.8,  293.5,  293.4,  293.2,  293.5,  295.1,  298.0,  301.3,  305.0,  301.0,  297.4,  294.5,  292.8,  292.7,  295.6,  296.3,  297.4,  298.4,  298.6,  297.9,  296.7,  295.8,  0.7,  14.0,  354.4,  -0.037,  -0.018,  -0.092,  460.7,  468.1,  479.8,  493.7,  514.5,  542.9,  577.0,  617.5,  662.4,  704.5,  737.5,  764.6,  782.4,  791.5,  795.0,  795.9,  793.0,  488.3,  504.1,  532.7,  564.0,  593.5,  663.4,  692.6,  721.6,  749.8,  768.0,  634.9,  638.3,  641.7,  645.5,  609.2,  627.3,  646.2,  663.7,  678.9,  529.1,  546.6,  568.2,  588.2,  568.9,  547.3,  675.6,  695.0,  716.0,  733.3,  717.9,  696.9,  591.8,  611.0,  634.1,  649.2,  665.1,  687.2,  706.7,  691.4,  671.9,  654.2,  638.0,  614.1,  601.7,  635.3,  650.0,  666.5,  696.6,  669.0,  652.3,  637.0,  322.0,  369.3,  416.0,  461.2,  504.2,  542.1,  574.0,  596.7,  600.4,  588.1,  559.2,  522.3,  481.0,  435.1,  388.1,  340.7,  294.0,  291.4,  266.3,  254.5,  255.7,  263.4,  258.4,  248.6,  244.1,  250.1,  270.2,  294.9,  322.6,  350.0,  378.5,  400.4,  406.0,  410.2,  402.7,  394.7,  310.8,  299.1,  296.9,  306.1,  312.2,  315.1,  300.0,  287.8,  287.9,  296.0,  302.2,  302.9,  467.1,  446.6,  437.3,  440.4,  434.9,  441.6,  456.8,  483.3,  494.9,  498.5,  498.0,  489.4,  465.3,  452.2,  452.1,  449.4,  457.5,  472.0,  476.0,  475.4,  -84.2,  -81.0,  -75.6,  -68.7,  -58.3,  -44.4,  -28.1,  -9.6,  9.5,  27.8,  43.5,  57.1,  66.3,  70.5,  71.8,  71.9,  70.8,  -64.9,  -57.1,  -44.3,  -30.9,  -18.7,  9.4,  21.6,  34.1,  46.7,  55.5,  -2.0,  -0.7,  0.7,  2.0,  -12.1,  -4.9,  2.4,  9.2,  15.2,  -46.4,  -38.8,  -29.7,  -21.4,  -29.3,  -38.3,  14.8,  23.0,  31.9,  39.5,  32.6,  23.7,  -19.8,  -11.4,  -2.3,  3.6,  9.8,  18.7,  27.5,  20.5,  12.4,  5.5,  -0.8,  -10.3,  -15.6,  -1.9,  3.9,  10.4,  23.1,  11.4,  4.8,  -1.2,  -17.9,  4.4,  26.4,  47.5,  67.0,  83.3,  95.3,  101.5,  101.8,  98.2,  88.9,  74.4,  56.3,  35.0,  13.0,  -8.9,  -30.5,  -29.3,  -39.4,  -43.5,  -42.4,  -38.8,  -41.0,  -45.8,  -48.4,  -46.8,  -38.9,  -26.0,  -14.6,  -3.8,  6.9,  15.9,  17.8,  19.3,  16.6,  13.6,  -20.6,  -25.3,  -26.1,  -22.2,  -19.7,  -18.6,  -25.0,  -30.2,  -30.3,  -27.1,  -24.2,  -23.8,  44.0,  34.2,  30.0,  31.1,  29.1,  32.4,  39.8,  49.1,  52.7,  53.9,  53.9,  51.2,  43.0,  36.0,  35.9,  35.0,  39.8,  44.1,  45.5,  45.4,  410.9,  412.5,  412.9,  411.0,  406.6,  400.1,  389.6,  375.1,  370.6,  376.5,  390.4,  401.3,  407.5,  407.1,  405.3,  403.6,  404.6,  374.5,  367.7,  361.0,  355.9,  351.5,  352.9,  359.6,  365.5,  372.2,  379.3,  349.9,  341.7,  333.6,  325.9,  343.1,  339.4,  336.9,  339.2,  342.6,  365.9,  363.2,  362.3,  361.3,  360.9,  361.8,  364.7,  365.5,  367.3,  370.6,  366.0,  364.1,  359.1,  345.3,  339.7,  339.0,  339.8,  347.4,  360.3,  348.3,  341.8,  341.0,  341.8,  346.5,  357.0,  341.9,  340.7,  342.2,  357.2,  344.3,  343.0,  344.3,  2.402,  0.039,  -0.018,  -0.092,  641.924,  395.041,  1.822,  16.377,  2.397,  15.789,  -18.101,  -6.917,  3.998,  -0.995,  5.953,  -15.202,  -6.574,  2.156,  3.948,  -2.999,  10.167,  -4.834,  0.937,  -1.396,  -2.498,  -0.035,  -2.606,  1.504,  0.914,  -1.395,  -0.445,  3.962,  -0.161,  -1.281,  0.189,  -1.331,  -0.538,  0.292,  -0.283,  0.135, 0.04, 0.00, 0.00, 0.00, 0.45, 0.67, 0.91, 2.11, 0.53, 0.00, 0.00, 0.10, 0.00, 0.19, 0.90, 0.47, 0.36, 0.00, 0.00, 0.00, 1.00, 0.00, 0.00, 1.00, 1.00, 0.00, 0.00, 0.00, 0.00, 0.00, 0.00, 0.00, 0.00, 0.00, 0.00
62,  0,  2.035,  0.98,  1,  0.123341,  0.094537,  -0.987851,  -0.075476,  0.159822,  -0.984256,  0.024,  0.128,  543.5,  548.0,  559.6,  571.4,  576.6,  573.2,  560.5,  548.7,  532.9,  537.5,  545.0,  556.2,  569.2,  580.4,  589.6,  580.2,  567.9,  556.0,  545.9,  538.2,  554.8,  561.3,  567.6,  570.0,  567.2,  560.7,  554.4,  552.0,  686.4,  689.4,  700.2,  712.3,  718.8,  715.7,  704.9,  691.8,  675.2,  684.4,  695.6,  707.9,  718.2,  725.3,  729.8,  726.2,  719.8,  710.8,  699.0,  686.0,  696.4,  702.8,  708.4,  710.0,  706.7,  700.3,  694.7,  693.1,  304.9,  292.0,  285.4,  288.9,  300.6,  314.4,  320.1,  316.5,  312.9,  305.6,  300.0,  296.1,  296.1,  299.1,  304.1,  309.8,  312.8,  315.4,  316.5,  316.0,  311.0,  312.9,  309.3,  302.2,  295.8,  293.9,  297.5,  304.6,  294.5,  282.0,  276.6,  281.5,  293.8,  306.3,  311.7,  307.9,  296.6,  292.2,  288.9,  287.7,  289.6,  293.0,  298.4,  302.4,  304.1,  304.5,  303.5,  301.8,  301.5,  304.1,  301.3,  294.7,  288.3,  285.7,  288.5,  295.1,  -32.9,  -31.4,  -27.3,  -23.2,  -21.3,  -22.4,  -26.7,  -30.9,  -37.1,  -35.2,  -32.3,  -28.2,  -23.8,  -20.0,  -16.9,  -20.0,  -24.1,  -28.2,  -31.9,  -34.9,  -28.9,  -26.6,  -24.4,  -23.6,  -24.7,  -27.0,  -29.2,  -30.0,  15.6,  16.8,  20.6,  24.8,  27.0,  25.8,  22.0,  17.4,  11.8,  14.9,  18.7,  23.0,  26.7,  29.5,  31.4,  29.8,  27.2,  23.9,  19.8,  15.5,  19.1,  21.3,  23.3,  24.0,  22.8,  20.6,  18.6,  18.0,  -18.8,  -23.2,  -25.4,  -24.0,  -20.0,  -15.3,  -13.4,  -14.7,  -16.3,  -18.7,  -20.4,  -21.5,  -21.4,  -20.4,  -18.8,  -16.8,  -15.8,  -15.0,  -14.7,  -15.1,  -16.6,  -15.9,  -17.1,  -19.5,  -21.8,  -22.5,  -21.3,  -18.9,  -22.1,  -26.4,  -28.5,  -26.9,  -22.7,  -18.3,  -16.3,  -17.5,  -21.3,  -22.8,  -23.9,  -24.5,  -24.1,  -23.2,  -21.6,  -19.9,  -19.1,  -18.8,  -19.0,  -19.6,  -19.8,  -19.0,  -20.0,  -22.3,  -24.6,  -25.4,  -24.3,  -22.0,  298.1,  298.6,  297.6,  295.6,  293.8,  293.4,  294.3,  296.3,  303.6,  300.4,  297.3,  294.9,  293.7,  293.7,  294.1,  293.1,  292.8,  294.0,  296.5,  299.8,  296.9,  295.8,  295.3,  295.5,  296.5,  297.6,  298.2,  297.9,  294.9,  296.6,  298.9,  300.3,  300.0,  298.2,  296.0,  294.7,  294.6,  294.3,  294.6,  296.2,  299.1,  302.6,  306.5,  302.3,  298.6,  295.7,  294.0,  293.9,  296.7,  297.4,  298.6,  299.5,  299.7,  298.9,  297.8,  296.8,  0.9,  14.8,  350.8,  -0.044,  -0.024,  -0.089,  460.6,  468.2,  480.6,  495.5,  517.0,  545.1,  576.6,  615.2,  659.2,  701.5,  735.2,  762.8,  780.8,  790.1,  794.3,  795.9,  793.8,  488.1,  504.1,  533.2,  564.5,  593.8,  663.9,  693.0,  721.8,  749.9,  768.2,  635.1,  638.8,  642.6,  646.7,  611.5,  629.0,  647.3,  664.2,  679.0,  529.2,  546.7,  568.6,  588.7,  569.3,  547.5,  675.9,  695.5,  716.7,  733.7,  718.3,  697.2,  596.9,  615.0,  636.7,  651.0,  666.0,  686.8,  704.4,  690.4,  672.1,  655.5,  640.0,  617.9,  607.4,  637.8,  651.7,  667.4,  694.2,  669.0,  653.3,  638.8,  322.2,  369.2,  416.1,  461.6,  505.9,  545.9,  581.4,  607.4,  612.4,  600.0,  568.0,  527.3,  483.4,  436.0,  388.4,  341.1,  294.5,  291.1,  266.3,  254.8,  256.6,  264.5,  259.6,  249.7,  244.9,  250.5,  270.1,  295.1,  323.1,  350.8,  379.7,  403.3,  408.8,  412.8,  405.6,  397.9,  311.3,  299.8,  297.3,  305.7,  312.6,  315.9,  299.7,  288.5,  289.0,  296.6,  303.1,  303.4,  472.9,  451.5,  441.2,  444.6,  439.0,  446.6,  463.1,  487.6,  498.0,  501.4,  500.9,  492.9,  470.8,  458.7,  458.6,  456.1,  463.6,  472.0,  476.0,  475.2,  -83.2,  -80.2,  -74.6,  -67.3,  -56.5,  -42.9,  -28.0,  -10.6,  8.1,  26.3,  42.2,  56.0,  65.1,  69.2,  70.9,  71.3,  70.4,  -64.3,  -56.4,  -43.6,  -30.4,  -18.4,  9.6,  21.6,  33.9,  46.4,  55.2,  -2.0,  -0.5,  1.0,  2.5,  -11.1,  -4.2,  2.8,  9.3,  15.2,  -45.9,  -38.4,  -29.3,  -21.0,  -28.9,  -37.9,  14.9,  23.0,  32.0,  39.4,  32.5,  23.6,  -17.4,  -9.7,  -1.2,  4.2,  10.0,  18.3,  26.1,  19.8,  12.4,  6.0,  0.0,  -8.6,  -13.1,  -0.9,  4.5,  10.6,  21.8,  11.3,  5.1,  -0.4,  -17.5,  4.3,  26.2,  47.3,  67.1,  84.0,  97.7,  105.5,  106.5,  102.9,  92.3,  76.2,  57.0,  35.1,  13.1,  -8.6,  -30.0,  -29.2,  -38.9,  -42.9,  -41.7,  -38.1,  -40.2,  -45.0,  -47.7,  -46.2,  -38.7,  -25.8,  -14.3,  -3.5,  7.3,  16.8,  18.7,  20.2,  17.5,  14.7,  -20.2,  -24.8,  -25.7,  -22.2,  -19.4,  -18.1,  -25.0,  -29.7,  -29.6,  -26.7,  -23.6,  -23.4,  45.6,  35.6,  31.2,  32.4,  30.3,  33.9,  41.8,  50.1,  53.3,  54.5,  54.4,  51.8,  44.4,  38.2,  38.0,  37.2,  41.6,  43.5,  44.9,  44.7,  405.9,  408.2,  409.2,  407.4,  402.1,  395.4,  386.2,  373.2,  369.3,  375.0,  388.1,  398.7,  404.5,  403.7,  402.2,  400.1,  400.5,  370.5,  363.5,  356.8,  352.4,  348.8,  350.3,  356.8,  362.9,  369.6,  376.4,  347.0,  338.6,  330.4,  322.5,  339.9,  336.2,  334.0,  336.3,  340.0,  362.6,  359.9,  359.0,  358.0,  357.7,  358.6,  362.4,  362.9,  364.6,  368.0,  363.5,  361.6,  353.4,  340.3,  335.7,  335.2,  335.9,  342.7,  354.9,  343.5,  338.1,  337.2,  337.9,  341.3,  350.9,  338.6,  337.6,  339.0,  351.7,  339.9,  338.5,  339.5,  2.425,  0.037,  -0.026,  -0.089,  642.450,  397.642,  1.189,  16.802,  -3.738,  22.857,  -21.425,  -7.352,  4.682,  -2.813,  6.869,  -19.274,  -6.785,  3.366,  2.141,  -2.862,  11.752,  -8.785,  -0.490,  -1.740,  -0.382,  -2.459,  -2.476,  -0.178,  2.836,  -0.953,  -0.379,  3.722,  0.756,  -1.118,  -0.035,  -1.582,  -0.302,  0.478,  -0.331,  0.102, 0.02, 0.01, 0.08, 0.00, 0.33, 0.58, 0.70, 2.00, 0.41, 0.00, 0.00, 0.07, 0.00, 0.22, 0.37, 0.98, 0.67, 0.00, 0.00, 0.00, 1.00, 0.00, 0.00, 0.00, 1.00, 0.00, 0.00, 0.00, 0.00, 0.00, 0.00, 0.00, 0.00, 0.00, 0.00
63,  0,  2.069,  0.98,  1,  0.122626,  0.097824,  -0.987620,  -0.068405,  0.149744,  -0.986356,  0.027,  0.125,  543.0,  547.5,  559.2,  571.3,  576.6,  573.3,  560.4,  548.3,  532.3,  536.9,  544.6,  555.9,  569.1,  580.5,  589.7,  580.2,  567.7,  555.5,  545.4,  537.6,  554.5,  561.1,  567.5,  569.9,  567.0,  560.4,  554.0,  551.6,  686.2,  689.0,  699.6,  711.9,  718.5,  715.7,  705.1,  691.9,  674.7,  684.2,  695.5,  707.7,  718.0,  725.1,  729.7,  726.1,  719.7,  710.6,  698.8,  685.8,  696.3,  702.8,  708.5,  710.0,  706.5,  699.9,  694.3,  692.8,  305.4,  292.3,  285.5,  289.1,  300.9,  315.0,  320.7,  317.1,  313.1,  305.9,  300.4,  296.5,  296.4,  299.2,  303.8,  309.9,  313.2,  315.9,  316.9,  316.3,  311.5,  313.4,  309.7,  302.5,  296.1,  294.1,  297.8,  305.0,  294.8,  282.3,  276.8,  281.4,  293.5,  306.1,  311.6,  308.2,  296.8,  292.4,  289.1,  287.9,  289.9,  293.3,  298.6,  302.6,  304.4,  304.7,  303.6,  302.0,  301.8,  304.3,  301.4,  294.7,  288.2,  285.6,  288.6,  295.3,  -32.7,  -31.2,  -27.2,  -23.0,  -21.0,  -22.1,  -26.5,  -30.7,  -37.0,  -35.0,  -32.0,  -28.0,  -23.5,  -19.8,  -16.7,  -19.8,  -23.9,  -28.1,  -31.7,  -34.7,  -28.7,  -26.4,  -24.2,  -23.4,  -24.5,  -26.8,  -29.0,  -29.8,  15.5,  16.6,  20.3,  24.6,  26.8,  25.7,  21.9,  17.4,  11.6,  14.8,  18.6,  22.8,  26.5,  29.3,  31.3,  29.6,  27.1,  23.7,  19.7,  15.3,  19.0,  21.3,  23.3,  23.9,  22.7,  20.4,  18.4,  17.8,  -18.4,  -22.9,  -25.0,  -23.7,  -19.6,  -14.9,  -13.1,  -14.4,  -16.1,  -18.4,  -20.0,  -21.1,  -21.1,  -20.2,  -18.7,  -16.6,  -15.5,  -14.7,  -14.4,  -14.8,  -16.3,  -15.6,  -16.8,  -19.2,  -21.4,  -22.2,  -20.9,  -18.5,  -21.9,  -26.2,  -28.3,  -26.9,  -22.7,  -18.3,  -16.3,  -17.4,  -21.2,  -22.6,  -23.8,  -24.3,  -23.9,  -23.0,  -21.4,  -19.7,  -18.9,  -18.6,  -18.9,  -19.4,  -19.6,  -18.8,  -19.9,  -22.3,  -24.5,  -25.3,  -24.2,  -21.9,  294.7,  295.2,  294.2,  292.3,  290.5,  290.1,  291.0,  293.0,  300.3,  297.0,  294.0,  291.6,  290.4,  290.4,  290.9,  289.8,  289.5,  290.7,  293.2,  296.5,  293.6,  292.5,  292.0,  292.2,  293.2,  294.3,  294.8,  294.5,  293.6,  295.4,  297.6,  299.0,  298.7,  296.9,  294.7,  293.4,  293.4,  293.0,  293.3,  294.9,  297.8,  301.2,  305.3,  300.9,  297.3,  294.4,  292.7,  292.5,  295.4,  296.1,  297.3,  298.3,  298.5,  297.7,  296.5,  295.5,  0.9,  16.2,  345.0,  -0.056,  -0.025,  -0.088,  461.3,  468.1,  480.5,  495.9,  518.6,  547.6,  578.8,  616.1,  658.3,  699.2,  732.4,  760.2,  779.2,  789.6,  794.4,  796.0,  793.2,  487.6,  503.8,  533.2,  564.3,  593.1,  664.8,  693.7,  721.9,  749.5,  767.5,  634.9,  638.8,  642.7,  646.9,  612.8,  629.7,  647.3,  663.9,  678.3,  528.7,  546.3,  568.3,  588.7,  569.1,  547.0,  675.6,  695.4,  716.6,  733.4,  718.2,  697.0,  599.1,  615.9,  637.5,  651.8,  666.9,  687.0,  702.9,  690.6,  673.1,  656.3,  640.7,  618.6,  609.8,  638.5,  652.5,  668.2,  692.9,  669.8,  654.0,  639.5,  320.5,  370.3,  420.7,  469.2,  516.2,  557.9,  594.9,  621.8,  627.5,  615.2,  581.5,  538.3,  492.4,  442.7,  392.4,  342.3,  293.1,  291.1,  266.4,  255.3,  257.2,  264.8,  259.8,  250.3,  245.6,  250.9,  270.1,  294.7,  322.3,  349.8,  378.6,  405.3,  410.4,  414.2,  407.4,  400.1,  311.7,  300.0,  297.6,  305.6,  312.8,  316.3,  299.8,  288.7,  289.3,  296.8,  303.5,  303.7,  479.7,  456.9,  445.6,  449.2,  443.5,  452.1,  470.0,  497.0,  508.6,  512.2,  511.5,  502.2,  477.7,  464.3,  464.2,  461.9,  470.7,  480.4,  484.5,  483.6,  -81.0,  -78.6,  -73.3,  -66.0,  -54.8,  -41.0,  -26.5,  -10.0,  7.6,  25.0,  40.3,  53.8,  63.1,  67.7,  69.6,  69.9,  68.6,  -63.5,  -55.7,  -42.9,  -30.1,  -18.5,  9.8,  21.6,  33.5,  45.6,  54.0,  -2.0,  -0.5,  1.0,  2.5,  -10.4,  -3.9,  2.7,  9.0,  14.6,  -45.3,  -37.9,  -28.9,  -20.6,  -28.5,  -37.5,  14.5,  22.6,  31.4,  38.6,  32.0,  23.2,  -16.2,  -9.2,  -0.9,  4.4,  10.1,  18.0,  25.0,  19.5,  12.6,  6.2,  0.3,  -8.2,  -11.9,  -0.6,  4.7,  10.7,  20.8,  11.4,  5.3,  -0.2,  -17.9,  4.7,  27.9,  50.0,  70.5,  87.7,  101.8,  109.9,  111.2,  107.8,  96.5,  79.7,  60.0,  37.4,  14.6,  -7.9,  -29.9,  -28.7,  -38.3,  -42.1,  -40.8,  -37.5,  -39.7,  -44.2,  -46.8,  -45.4,  -38.1,  -25.5,  -14.3,  -3.8,  6.7,  17.3,  19.0,  20.3,  17.9,  15.3,  -19.7,  -24.2,  -25.2,  -21.9,  -19.0,  -17.6,  -24.6,  -29.1,  -29.0,  -26.1,  -23.1,  -22.9,  47.3,  36.9,  32.2,  33.5,  31.5,  35.4,  43.6,  52.8,  56.6,  57.8,  57.7,  54.5,  46.2,  39.6,  39.5,  38.8,  43.6,  46.0,  47.4,  47.2,  396.6,  400.0,  402.1,  401.0,  394.9,  387.9,  379.1,  367.4,  363.9,  369.5,  381.3,  391.4,  396.7,  396.1,  394.7,  392.0,  391.7,  364.3,  357.7,  351.5,  347.6,  344.7,  346.4,  352.4,  358.2,  364.4,  370.7,  342.1,  333.2,  324.6,  316.2,  333.7,  329.9,  327.8,  330.2,  334.0,  356.4,  353.8,  353.0,  352.0,  351.8,  352.6,  357.0,  357.4,  358.9,  362.1,  357.9,  356.1,  346.0,  333.4,  329.4,  329.0,  329.8,  336.1,  347.1,  337.5,  333.4,  332.5,  333.0,  335.3,  343.3,  332.6,  331.7,  333.3,  344.2,  334.7,  333.3,  334.1,  2.467,  0.029,  -0.028,  -0.088,  642.560,  401.954,  -8.606,  18.125,  -4.018,  31.028,  -24.214,  -8.580,  8.084,  -4.472,  8.641,  -23.402,  -5.890,  4.090,  3.512,  -3.530,  11.291,  -9.434,  -2.966,  -2.530,  -1.051,  -3.599,  -2.435,  -1.625,  2.206,  0.468,  -0.061,  2.950,  1.290,  -0.857,  0.040,  -1.432,  -0.375,  0.544,  -0.116,  0.066, 0.08, 0.01, 0.17, 0.00, 0.24, 0.72, 0.47, 1.96, 0.32, 0.00, 0.00, 0.00, 0.00, 0.11, 0.22, 1.74, 0.75, 0.00, 0.00, 0.00, 1.00, 0.00, 0.00, 0.00, 1.00, 0.00, 0.00, 0.00, 0.00, 0.00, 0.00, 0.00, 1.00, 0.00, 0.00
64,  0,  2.102,  0.98,  1,  0.122861,  0.095569,  -0.987812,  -0.064378,  0.151242,  -0.986398,  0.030,  0.124,  541.8,  546.4,  558.1,  570.1,  575.3,  571.9,  558.9,  547.0,  530.8,  535.6,  543.5,  554.8,  568.0,  579.3,  588.7,  579.0,  566.5,  554.3,  543.9,  536.1,  553.2,  559.7,  566.1,  568.6,  565.8,  559.2,  552.9,  550.4,  684.7,  687.6,  698.3,  710.5,  717.2,  714.3,  703.6,  690.3,  673.4,  682.9,  694.1,  706.3,  716.6,  723.7,  728.2,  724.6,  718.2,  709.1,  697.4,  684.3,  694.8,  701.3,  706.9,  708.4,  705.0,  698.5,  692.9,  691.4,  307.3,  294.3,  287.6,  291.1,  302.8,  316.8,  322.5,  319.0,  315.0,  307.9,  302.3,  298.6,  298.7,  301.6,  306.4,  312.0,  314.9,  317.4,  318.5,  318.0,  313.4,  315.3,  311.7,  304.6,  298.2,  296.2,  299.9,  307.0,  296.9,  284.2,  278.6,  283.3,  295.5,  308.2,  313.8,  310.3,  298.7,  294.1,  290.7,  289.6,  291.5,  295.0,  300.3,  304.4,  306.2,  306.6,  305.5,  303.8,  303.8,  306.3,  303.3,  296.7,  290.2,  287.6,  290.6,  297.3,  -33.1,  -31.6,  -27.5,  -23.3,  -21.5,  -22.6,  -26.9,  -31.1,  -37.5,  -35.4,  -32.4,  -28.4,  -23.9,  -20.1,  -17.1,  -20.2,  -24.3,  -28.5,  -32.2,  -35.2,  -29.1,  -26.8,  -24.7,  -23.8,  -24.9,  -27.2,  -29.4,  -30.2,  15.0,  16.1,  19.8,  24.1,  26.3,  25.2,  21.4,  16.9,  11.2,  14.3,  18.1,  22.4,  26.1,  28.8,  30.8,  29.1,  26.6,  23.3,  19.2,  14.8,  18.5,  20.7,  22.7,  23.3,  22.2,  19.9,  17.9,  17.3,  -17.8,  -22.2,  -24.4,  -23.0,  -19.0,  -14.3,  -12.5,  -13.7,  -15.4,  -17.7,  -19.4,  -20.5,  -20.3,  -19.4,  -17.8,  -15.9,  -14.9,  -14.1,  -13.9,  -14.2,  -15.6,  -14.9,  -16.1,  -18.5,  -20.7,  -21.4,  -20.2,  -17.8,  -21.2,  -25.6,  -27.7,  -26.2,  -22.0,  -17.6,  -15.5,  -16.7,  -20.6,  -22.1,  -23.2,  -23.7,  -23.3,  -22.4,  -20.8,  -19.1,  -18.3,  -18.0,  -18.2,  -18.8,  -19.0,  -18.2,  -19.3,  -21.6,  -23.8,  -24.6,  -23.5,  -21.2,  294.6,  295.2,  294.3,  292.3,  290.5,  289.9,  290.8,  292.8,  300.3,  297.0,  293.9,  291.5,  290.4,  290.4,  290.8,  289.7,  289.4,  290.5,  293.0,  296.3,  293.4,  292.4,  291.8,  292.2,  293.2,  294.2,  294.7,  294.4,  293.5,  295.2,  297.5,  298.9,  298.7,  296.9,  294.7,  293.3,  293.2,  292.9,  293.2,  294.9,  297.8,  301.2,  305.1,  300.9,  297.2,  294.3,  292.6,  292.5,  295.3,  296.1,  297.3,  298.2,  298.3,  297.6,  296.4,  295.4,  0.6,  17.3,  342.6,  -0.067,  -0.022,  -0.092,  460.4,  467.3,  480.4,  496.8,  520.4,  550.1,  581.8,  618.0,  659.0,  699.1,  731.7,  759.1,  777.6,  788.1,  793.2,  794.8,  791.8,  486.4,  502.9,  532.9,  564.2,  592.9,  663.1,  691.9,  720.1,  747.8,  765.9,  633.8,  637.4,  641.2,  645.2,  611.6,  628.1,  645.7,  662.2,  676.4,  527.3,  545.1,  567.1,  587.5,  567.8,  545.6,  674.0,  694.1,  715.2,  731.8,  716.8,  695.5,  602.5,  616.7,  636.4,  650.5,  665.6,  683.8,  697.8,  687.4,  671.9,  655.2,  639.7,  619.6,  612.9,  637.5,  651.3,  667.0,  687.8,  668.7,  652.9,  638.6,  320.8,  373.0,  426.1,  476.7,  524.9,  566.4,  602.1,  626.9,  631.6,  619.4,  585.7,  542.4,  496.5,  446.4,  395.4,  343.8,  293.4,  293.3,  268.1,  257.3,  259.6,  267.3,  261.9,  252.9,  247.6,  252.6,  271.9,  296.7,  324.9,  352.8,  382.1,  408.2,  413.3,  417.2,  410.5,  403.2,  313.3,  302.0,  299.5,  307.6,  314.7,  318.2,  301.6,  290.6,  291.2,  298.5,  305.4,  305.6,  484.6,  460.5,  448.6,  452.4,  446.6,  456.4,  475.4,  500.9,  512.3,  516.1,  515.4,  506.2,  482.0,  467.4,  467.3,  465.2,  475.8,  483.5,  487.9,  487.0,  -81.0,  -78.6,  -73.2,  -65.5,  -53.9,  -39.7,  -25.1,  -9.2,  7.8,  24.9,  39.7,  53.0,  62.1,  66.8,  68.8,  69.1,  67.6,  -63.7,  -55.8,  -42.9,  -30.0,  -18.5,  9.1,  20.8,  32.6,  44.7,  53.1,  -2.4,  -1.0,  0.4,  1.9,  -10.8,  -4.4,  2.1,  8.3,  13.8,  -45.6,  -38.1,  -29.2,  -21.0,  -28.9,  -37.8,  13.8,  22.0,  30.7,  37.8,  31.2,  22.4,  -14.6,  -8.8,  -1.4,  3.9,  9.6,  16.7,  22.6,  18.1,  12.1,  5.7,  -0.1,  -7.8,  -10.5,  -0.9,  4.2,  10.2,  18.5,  10.9,  4.9,  -0.5,  -17.7,  5.9,  30.3,  53.4,  74.3,  91.2,  104.3,  111.4,  112.4,  109.1,  97.9,  81.2,  61.6,  38.9,  15.9,  -7.2,  -29.7,  -27.7,  -37.4,  -41.1,  -39.7,  -36.4,  -38.7,  -42.9,  -45.8,  -44.5,  -37.2,  -24.7,  -13.3,  -2.6,  7.9,  18.3,  20.0,  21.3,  18.9,  16.4,  -18.9,  -23.3,  -24.3,  -20.9,  -18.1,  -16.7,  -23.7,  -28.2,  -28.1,  -25.3,  -22.2,  -22.0,  48.6,  37.9,  33.1,  34.5,  32.4,  36.7,  45.2,  53.8,  57.7,  59.0,  58.8,  55.5,  47.2,  40.5,  40.4,  39.8,  45.0,  47.0,  48.4,  48.2,  394.6,  398.5,  401.3,  400.5,  394.2,  386.8,  377.1,  365.4,  362.1,  367.9,  379.3,  389.3,  394.7,  394.5,  393.2,  390.3,  389.9,  363.0,  356.3,  350.2,  346.3,  343.3,  344.9,  350.6,  356.5,  362.8,  369.4,  340.8,  331.6,  322.8,  314.2,  331.5,  327.5,  325.3,  327.7,  331.6,  354.6,  351.7,  350.8,  349.7,  349.6,  350.6,  355.0,  355.5,  356.9,  360.2,  355.9,  354.0,  341.4,  329.9,  326.6,  326.2,  327.3,  332.8,  342.5,  334.3,  331.4,  330.6,  330.9,  332.0,  338.6,  329.9,  328.9,  330.8,  339.6,  332.7,  331.3,  332.0,  2.482,  0.023,  -0.023,  -0.093,  641.628,  405.187,  -6.904,  20.380,  -7.592,  35.742,  -24.717,  -9.174,  11.956,  -5.847,  7.827,  -26.037,  -3.781,  3.962,  6.049,  -1.959,  11.944,  -9.022,  -4.596,  -2.996,  -2.182,  -3.474,  -2.371,  -1.025,  1.406,  0.502,  0.487,  3.310,  1.379,  -1.089,  0.169,  -1.319,  -0.466,  0.609,  -0.053,  -0.015, 0.08, 0.05, 0.17, 0.00, 0.23, 0.70, 0.33, 1.77, 0.25, 0.00, 0.00, 0.00, 0.00, 0.04, 0.47, 2.04, 0.74, 0.00, 0.00, 0.00, 1.00, 0.00, 0.00, 0.00, 1.00, 0.00, 0.00, 0.00, 0.00, 0.00, 0.00, 1.00, 1.00, 0.00, 0.00
65,  0,  2.135,  0.98,  1,  0.128587,  0.064667,  -0.989588,  -0.058124,  0.129521,  -0.989872,  0.036,  0.098,  539.8,  544.7,  556.7,  568.7,  573.7,  569.9,  556.8,  544.8,  529.1,  533.9,  541.7,  553.3,  566.6,  577.0,  584.8,  575.7,  564.0,  552.1,  542.2,  534.6,  551.2,  557.6,  564.0,  566.7,  564.0,  557.6,  551.1,  548.5,  683.8,  686.2,  696.5,  708.6,  715.5,  713.1,  702.8,  689.7,  671.9,  680.8,  691.6,  703.9,  714.6,  722.0,  726.6,  723.0,  716.7,  707.8,  696.1,  683.1,  693.8,  700.3,  705.9,  707.2,  703.5,  696.9,  691.4,  690.0,  309.7,  296.8,  290.4,  294.3,  306.1,  320.1,  325.5,  321.6,  318.0,  310.1,  304.4,  300.6,  301.3,  305.7,  313.2,  317.1,  319.2,  320.9,  321.4,  320.7,  316.0,  318.1,  314.7,  307.7,  301.3,  299.2,  302.7,  309.6,  299.8,  287.1,  281.2,  285.4,  297.3,  310.0,  316.0,  312.9,  302.3,  297.0,  293.0,  291.3,  293.2,  296.8,  302.5,  306.5,  308.4,  309.2,  308.4,  307.0,  306.4,  308.8,  305.6,  298.7,  292.2,  289.9,  293.1,  299.9,  -34.5,  -32.9,  -28.6,  -24.4,  -22.5,  -23.7,  -28.3,  -32.6,  -38.7,  -36.7,  -33.7,  -29.5,  -24.9,  -21.4,  -18.7,  -21.8,  -25.7,  -29.8,  -33.4,  -36.4,  -30.4,  -28.1,  -25.9,  -25.0,  -26.0,  -28.3,  -30.6,  -31.5,  14.7,  15.6,  19.2,  23.5,  25.8,  24.9,  21.2,  16.7,  10.7,  13.7,  17.3,  21.6,  25.5,  28.3,  30.3,  28.6,  26.1,  22.9,  18.8,  14.4,  18.2,  20.5,  22.5,  23.0,  21.7,  19.4,  17.4,  16.9,  -17.3,  -21.8,  -23.9,  -22.5,  -18.3,  -13.5,  -11.7,  -13.1,  -14.7,  -17.3,  -19.1,  -20.2,  -19.9,  -18.4,  -15.9,  -14.5,  -13.8,  -13.2,  -13.2,  -13.6,  -15.1,  -14.3,  -15.5,  -17.8,  -20.1,  -20.9,  -19.7,  -17.3,  -20.3,  -24.7,  -26.9,  -25.6,  -21.5,  -17.0,  -14.9,  -15.8,  -19.4,  -21.2,  -22.5,  -23.2,  -22.8,  -21.8,  -20.1,  -18.4,  -17.6,  -17.1,  -17.3,  -17.7,  -18.1,  -17.4,  -18.5,  -21.0,  -23.2,  -23.9,  -22.7,  -20.3,  301.0,  301.6,  300.8,  298.8,  297.0,  296.4,  297.2,  299.1,  305.3,  302.8,  300.0,  298.0,  296.9,  296.7,  296.8,  296.0,  295.7,  296.6,  299.0,  302.1,  299.8,  298.8,  298.3,  298.7,  299.7,  300.7,  301.2,  300.8,  294.4,  296.1,  298.3,  299.8,  299.6,  298.0,  295.7,  294.3,  294.0,  293.7,  293.9,  295.6,  298.5,  301.9,  305.8,  301.4,  297.9,  295.0,  293.3,  293.2,  296.2,  297.0,  298.3,  299.2,  299.3,  298.5,  297.3,  296.3,  -0.1,  18.2,  346.5,  -0.063,  -0.017,  -0.095,  458.9,  466.5,  480.2,  496.2,  519.6,  548.9,  579.7,  615.5,  656.4,  697.2,  730.7,  759.1,  778.1,  788.6,  792.9,  793.6,  789.9,  484.6,  501.7,  531.4,  562.1,  590.1,  661.7,  690.2,  718.1,  745.7,  763.7,  632.2,  635.6,  639.1,  643.1,  608.7,  625.7,  643.7,  660.9,  675.7,  525.5,  543.1,  565.4,  585.3,  565.6,  543.1,  672.7,  691.8,  713.2,  730.1,  715.3,  693.9,  597.8,  613.2,  634.0,  648.5,  663.9,  683.1,  698.8,  687.2,  670.5,  653.3,  637.6,  616.1,  607.9,  635.2,  649.3,  665.4,  688.7,  667.8,  651.4,  636.8,  320.5,  374.2,  428.6,  479.9,  528.3,  568.9,  603.0,  626.3,  630.4,  618.9,  586.9,  544.8,  499.0,  448.2,  396.7,  344.5,  293.4,  295.9,  270.7,  260.2,  262.3,  269.9,  264.5,  255.5,  250.1,  254.4,  273.7,  300.1,  328.5,  356.5,  385.8,  410.8,  416.0,  419.8,  412.8,  405.0,  316.7,  304.4,  302.4,  311.8,  318.7,  321.8,  305.3,  292.7,  292.7,  300.9,  308.0,  308.7,  486.2,  461.4,  449.7,  453.2,  447.4,  456.5,  475.5,  501.5,  513.0,  516.8,  516.4,  507.7,  483.7,  467.0,  466.7,  464.4,  476.1,  487.0,  491.5,  490.8,  -82.4,  -79.6,  -73.8,  -66.1,  -54.6,  -40.6,  -26.3,  -10.3,  6.8,  24.1,  39.4,  53.1,  62.4,  67.0,  68.8,  68.7,  67.1,  -64.8,  -56.7,  -43.9,  -31.2,  -19.8,  8.6,  20.3,  32.1,  44.1,  52.5,  -3.1,  -1.7,  -0.3,  1.1,  -12.0,  -5.4,  1.4,  7.9,  13.7,  -46.7,  -39.3,  -30.2,  -22.0,  -30.0,  -39.1,  13.4,  21.2,  30.1,  37.3,  30.9,  22.0,  -16.8,  -10.3,  -2.3,  3.2,  9.1,  16.7,  23.4,  18.3,  11.7,  5.1,  -0.9,  -9.2,  -12.7,  -1.8,  3.5,  9.7,  19.2,  10.7,  4.4,  -1.2,  -18.0,  6.5,  31.6,  55.2,  76.4,  93.1,  106.0,  112.4,  112.6,  109.2,  98.6,  82.4,  62.8,  39.8,  16.5,  -6.9,  -29.8,  -26.7,  -36.6,  -40.3,  -39.1,  -35.7,  -38.1,  -42.3,  -45.1,  -44.1,  -36.6,  -23.6,  -12.1,  -1.3,  9.4,  19.5,  21.2,  22.5,  20.0,  17.2,  -17.7,  -22.5,  -23.3,  -19.4,  -16.6,  -15.4,  -22.4,  -27.5,  -27.6,  -24.5,  -21.3,  -20.9,  50.1,  38.9,  34.0,  35.3,  33.2,  37.3,  46.0,  54.9,  58.6,  59.9,  59.9,  56.9,  48.8,  40.9,  40.6,  40.0,  45.9,  48.9,  50.4,  50.3,  398.1,  401.6,  403.8,  402.6,  397.0,  390.1,  381.5,  369.2,  364.4,  369.2,  380.1,  390.3,  395.5,  394.8,  393.6,  391.2,  391.3,  365.0,  359.1,  353.5,  349.9,  347.2,  348.9,  354.4,  359.4,  365.1,  371.1,  344.7,  336.0,  327.9,  319.8,  336.2,  331.8,  329.3,  331.6,  335.3,  357.2,  354.4,  353.6,  352.5,  352.4,  353.3,  358.0,  358.3,  359.7,  362.7,  358.5,  356.7,  347.3,  335.7,  331.7,  331.1,  332.2,  338.5,  348.6,  339.3,  335.0,  334.3,  334.9,  337.1,  344.9,  334.2,  333.1,  334.9,  345.7,  336.9,  335.7,  336.6,  2.458,  0.028,  -0.014,  -0.095,  639.967,  407.083,  -15.369,  19.986,  -4.634,  29.545,  -23.808,  -7.797,  10.364,  -5.696,  7.303,  -25.496,  -5.902,  7.773,  4.587,  -0.724,  11.467,  -6.989,  -2.751,  -4.628,  -2.474,  -1.301,  -2.607,  0.656,  0.816,  0.223,  1.269,  3.117,  1.081,  -1.268,  0.201,  -1.064,  -0.581,  0.178,  -0.352,  0.006, 0.07, 0.04, 0.09, 0.00, 0.26, 0.69, 0.41, 1.77, 0.17, 0.00, 0.00, 0.01, 0.00, 0.01, 0.93, 2.14, 0.52, 0.00, 0.00, 0.00, 1.00, 0.00, 0.00, 0.00, 1.00, 0.00, 0.00, 0.00, 0.00, 0.00, 0.00, 1.00, 1.00, 0.00, 0.00
66,  0,  2.169,  0.98,  1,  0.132566,  0.062865,  -0.989179,  -0.079724,  0.114940,  -0.990168,  0.027,  0.090,  538.3,  543.1,  555.0,  567.2,  572.3,  568.6,  555.5,  543.4,  527.3,  532.1,  540.1,  551.7,  564.9,  575.4,  583.2,  574.2,  562.6,  550.7,  540.7,  532.9,  549.7,  556.2,  562.6,  565.2,  562.4,  556.0,  549.6,  547.0,  681.6,  684.1,  694.6,  706.9,  713.9,  711.4,  700.9,  687.7,  673.0,  679.8,  689.3,  701.5,  712.7,  720.6,  725.9,  721.3,  714.6,  705.5,  694.0,  682.6,  692.1,  698.7,  704.3,  705.6,  701.9,  695.3,  689.7,  688.3,  311.9,  299.0,  292.7,  296.6,  308.5,  322.4,  327.7,  323.8,  320.2,  312.5,  306.7,  303.0,  303.6,  308.0,  315.5,  319.2,  321.2,  323.0,  323.5,  322.8,  318.2,  320.3,  316.9,  310.0,  303.6,  301.6,  304.9,  311.8,  302.1,  289.7,  283.7,  287.5,  299.0,  311.3,  317.3,  314.7,  308.3,  300.1,  294.6,  292.4,  294.5,  298.9,  305.6,  308.5,  310.1,  310.9,  310.9,  310.5,  308.2,  310.3,  307.1,  300.5,  294.3,  292.3,  295.5,  302.1,  -35.2,  -33.6,  -29.4,  -25.0,  -23.1,  -24.3,  -28.9,  -33.2,  -39.5,  -37.5,  -34.5,  -30.2,  -25.6,  -22.0,  -19.4,  -22.4,  -26.3,  -30.5,  -34.1,  -37.2,  -31.1,  -28.8,  -26.6,  -25.7,  -26.7,  -29.0,  -31.3,  -32.1,  14.7,  15.7,  19.5,  24.0,  26.4,  25.4,  21.5,  16.8,  11.6,  14.0,  17.4,  21.8,  26.0,  29.0,  31.2,  29.2,  26.5,  23.1,  19.0,  15.0,  18.5,  20.9,  22.9,  23.5,  22.2,  19.8,  17.7,  17.2,  -16.6,  -21.1,  -23.3,  -21.8,  -17.6,  -12.8,  -11.0,  -12.4,  -13.9,  -16.5,  -18.4,  -19.5,  -19.2,  -17.8,  -15.2,  -13.9,  -13.2,  -12.6,  -12.6,  -12.9,  -14.4,  -13.6,  -14.8,  -17.2,  -19.4,  -20.2,  -19.1,  -16.7,  -20.4,  -24.9,  -27.2,  -26.0,  -21.8,  -17.3,  -15.1,  -16.0,  -18.2,  -21.1,  -23.1,  -24.0,  -23.4,  -22.0,  -19.8,  -18.5,  -17.8,  -17.3,  -17.3,  -17.4,  -18.4,  -17.6,  -18.8,  -21.3,  -23.5,  -24.2,  -23.0,  -20.6,  302.5,  303.2,  302.3,  300.5,  298.8,  298.2,  299.0,  300.8,  306.9,  304.4,  301.6,  299.6,  298.7,  298.5,  298.7,  297.9,  297.5,  298.4,  300.7,  303.8,  301.5,  300.5,  300.1,  300.5,  301.4,  302.4,  302.8,  302.4,  308.8,  310.5,  312.4,  313.5,  313.1,  311.4,  309.4,  308.4,  308.4,  308.3,  308.7,  310.0,  312.3,  315.2,  317.9,  314.5,  311.3,  308.7,  307.6,  307.7,  310.3,  310.9,  311.9,  312.9,  313.1,  312.5,  311.5,  310.5,  -0.7,  19.0,  349.6,  -0.048,  -0.010,  -0.098,  457.0,  465.6,  479.9,  496.3,  519.4,  548.2,  578.6,  614.6,  656.2,  697.6,  731.5,  759.6,  778.0,  787.6,  791.7,  792.6,  789.4,  483.0,  500.4,  529.8,  560.5,  588.6,  659.5,  688.5,  716.7,  744.5,  762.8,  630.3,  633.4,  636.7,  640.4,  606.0,  623.3,  641.6,  659.0,  674.0,  523.9,  541.4,  563.9,  583.7,  564.0,  541.4,  671.3,  690.0,  711.7,  728.8,  713.9,  692.4,  595.1,  609.9,  630.8,  646.0,  662.2,  682.4,  698.7,  686.9,  669.6,  651.5,  635.1,  613.3,  605.3,  632.2,  647.0,  663.9,  688.2,  666.8,  649.6,  634.2,  322.2,  375.5,  428.9,  479.1,  526.4,  566.6,  600.7,  624.2,  628.0,  616.3,  584.4,  542.5,  496.6,  446.4,  395.9,  345.1,  295.1,  298.3,  273.3,  263.0,  265.0,  272.7,  267.6,  258.3,  252.7,  256.8,  276.0,  303.3,  331.9,  360.1,  389.5,  413.4,  418.6,  422.6,  415.2,  407.1,  319.0,  306.5,  304.4,  314.5,  321.3,  324.3,  308.1,  295.0,  294.7,  303.2,  310.5,  311.4,  487.8,  462.3,  450.7,  454.0,  448.2,  457.0,  476.7,  502.9,  514.9,  518.8,  518.5,  509.6,  485.2,  467.8,  467.5,  465.1,  477.2,  489.3,  493.9,  493.2,  -84.1,  -80.8,  -74.5,  -66.6,  -55.2,  -41.3,  -27.1,  -10.8,  6.8,  24.5,  40.1,  53.7,  62.7,  66.9,  68.4,  68.4,  67.0,  -65.9,  -57.6,  -44.7,  -31.9,  -20.5,  7.8,  19.7,  31.6,  43.8,  52.3,  -3.9,  -2.5,  -1.2,  0.2,  -13.2,  -6.4,  0.6,  7.3,  13.1,  -47.7,  -40.2,  -31.0,  -22.8,  -30.8,  -40.1,  12.9,  20.6,  29.6,  37.0,  30.4,  21.5,  -18.0,  -11.7,  -3.5,  2.3,  8.5,  16.5,  23.6,  18.4,  11.5,  4.5,  -1.9,  -10.4,  -13.9,  -3.0,  2.7,  9.2,  19.2,  10.4,  3.7,  -2.3,  -17.4,  7.2,  32.1,  55.2,  76.1,  92.9,  106.1,  112.6,  112.6,  109.0,  98.3,  82.0,  62.1,  39.1,  16.2,  -6.7,  -29.1,  -25.9,  -35.8,  -39.4,  -38.1,  -34.8,  -37.0,  -41.4,  -44.2,  -43.2,  -35.8,  -22.5,  -10.9,  0.0,  10.9,  20.7,  22.5,  23.8,  21.1,  18.2,  -16.9,  -21.8,  -22.6,  -18.4,  -15.7,  -14.5,  -21.3,  -26.8,  -27.0,  -23.6,  -20.4,  -19.9,  51.3,  39.7,  34.7,  35.9,  33.8,  37.9,  46.9,  56.0,  59.9,  61.3,  61.4,  58.3,  49.9,  41.6,  41.3,  40.6,  46.8,  50.3,  51.9,  51.8,  402.1,  405.3,  407.1,  405.6,  400.2,  393.6,  385.5,  373.0,  367.8,  372.3,  383.2,  393.0,  397.7,  396.3,  394.6,  392.3,  392.7,  367.3,  361.2,  355.3,  351.5,  348.7,  350.2,  355.6,  360.4,  366.3,  372.5,  346.7,  338.7,  331.2,  323.7,  339.9,  335.5,  332.9,  334.8,  338.3,  359.8,  357.0,  356.2,  355.0,  355.1,  356.1,  359.9,  360.0,  361.4,  364.4,  360.3,  358.6,  351.5,  339.2,  335.1,  334.3,  335.1,  341.6,  351.8,  342.9,  338.5,  338.0,  338.8,  341.3,  349.1,  337.5,  336.2,  337.8,  349.1,  340.4,  339.3,  340.5,  2.439,  0.045,  -0.002,  -0.098,  638.499,  408.421,  -16.918,  20.139,  -3.743,  25.954,  -22.298,  -9.148,  9.305,  -4.982,  7.617,  -24.348,  -6.379,  6.553,  3.477,  1.001,  11.467,  -6.302,  -1.044,  -4.310,  -1.575,  -1.597,  -2.520,  1.599,  0.555,  -0.535,  1.649,  3.424,  0.365,  -0.907,  -0.284,  -1.141,  -0.520,  0.125,  -0.342,  0.085, 0.02, 0.04, 0.00, 0.00, 0.31, 0.55, 0.45, 1.80, 0.26, 0.03, 0.00, 0.06, 0.00, 0.00, 1.54, 2.16, 0.43, 0.00, 0.00, 0.00, 1.00, 0.00, 0.00, 0.00, 1.00, 0.00, 0.00, 0.00, 0.00, 0.00, 0.00, 1.00, 1.00, 0.00, 0.00
67,  0,  2.202,  0.98,  1,  0.127912,  0.071651,  -0.989194,  -0.088254,  0.123246,  -0.988444,  0.020,  0.098,  537.0,  541.8,  553.6,  565.6,  570.6,  566.9,  554.0,  542.0,  526.2,  530.9,  538.7,  550.2,  563.4,  573.9,  581.8,  572.7,  561.2,  549.4,  539.5,  531.9,  548.3,  554.7,  561.0,  563.6,  560.9,  554.5,  548.2,  545.7,  680.3,  682.8,  693.2,  705.5,  712.4,  710.0,  699.6,  686.5,  671.9,  678.5,  687.9,  700.2,  711.5,  719.3,  724.7,  720.1,  713.5,  704.4,  692.9,  681.4,  690.9,  697.4,  702.8,  704.1,  700.4,  694.0,  688.5,  687.3,  313.5,  300.6,  294.4,  298.5,  310.6,  324.5,  329.7,  325.6,  321.5,  313.9,  308.4,  304.7,  305.3,  309.6,  317.2,  321.2,  323.4,  325.2,  325.5,  324.4,  319.9,  322.1,  318.8,  311.9,  305.4,  303.2,  306.5,  313.4,  303.8,  291.4,  285.3,  288.9,  300.2,  312.6,  318.8,  316.3,  309.9,  301.7,  296.1,  293.8,  295.8,  300.0,  306.7,  309.9,  311.6,  312.5,  312.5,  312.2,  309.6,  311.6,  308.4,  301.9,  295.9,  294.0,  297.2,  303.7,  -35.7,  -34.1,  -29.9,  -25.6,  -23.8,  -25.0,  -29.5,  -33.8,  -40.1,  -38.1,  -35.0,  -30.8,  -26.2,  -22.6,  -19.9,  -23.0,  -26.9,  -31.0,  -34.6,  -37.7,  -31.7,  -29.4,  -27.2,  -26.3,  -27.3,  -29.6,  -31.8,  -32.7,  14.3,  15.2,  19.1,  23.6,  26.0,  25.0,  21.2,  16.5,  11.3,  13.7,  17.0,  21.4,  25.6,  28.7,  30.9,  28.9,  26.3,  22.8,  18.7,  14.6,  18.1,  20.5,  22.5,  23.0,  21.7,  19.4,  17.4,  16.9,  -16.1,  -20.6,  -22.7,  -21.2,  -16.9,  -12.1,  -10.4,  -11.9,  -13.5,  -16.1,  -17.8,  -19.0,  -18.7,  -17.2,  -14.7,  -13.3,  -12.5,  -11.9,  -11.9,  -12.4,  -13.9,  -13.1,  -14.2,  -16.6,  -18.8,  -19.7,  -18.6,  -16.1,  -19.9,  -24.4,  -26.8,  -25.6,  -21.5,  -16.9,  -14.6,  -15.5,  -17.7,  -20.7,  -22.6,  -23.6,  -23.0,  -21.7,  -19.4,  -18.1,  -17.3,  -16.8,  -16.8,  -16.9,  -18.0,  -17.3,  -18.5,  -20.9,  -23.0,  -23.7,  -22.5,  -20.1,  303.5,  303.9,  303.0,  301.2,  299.6,  299.3,  300.2,  301.9,  307.9,  305.2,  302.4,  300.3,  299.3,  299.2,  299.5,  298.7,  298.4,  299.3,  301.7,  304.7,  302.5,  301.6,  301.1,  301.3,  302.1,  303.1,  303.6,  303.4,  310.3,  312.0,  313.9,  314.9,  314.5,  312.9,  311.0,  310.0,  310.0,  309.9,  310.3,  311.5,  313.8,  316.7,  319.4,  316.1,  312.9,  310.3,  309.1,  309.3,  311.9,  312.4,  313.4,  314.3,  314.5,  314.0,  313.0,  312.1,  -1.1,  19.6,  351.4,  -0.029,  -0.009,  -0.100,  456.0,  464.6,  478.6,  494.4,  516.9,  545.7,  577.3,  615.0,  657.7,  699.1,  732.5,  759.9,  777.7,  786.9,  790.8,  791.6,  788.4,  481.9,  499.5,  528.6,  559.1,  587.3,  658.0,  687.3,  715.7,  743.5,  762.0,  629.1,  632.1,  635.4,  639.1,  604.2,  621.8,  640.3,  658.0,  673.2,  522.7,  540.1,  562.5,  582.3,  562.7,  540.2,  670.2,  688.7,  710.4,  727.7,  712.7,  691.2,  591.3,  607.2,  629.3,  644.5,  660.5,  681.9,  699.6,  687.2,  668.9,  651.0,  634.4,  611.0,  601.5,  631.0,  645.7,  662.4,  689.2,  665.9,  648.9,  633.4,  324.3,  376.7,  429.2,  478.7,  525.4,  565.3,  599.0,  622.0,  625.3,  612.8,  581.1,  539.8,  494.9,  445.8,  396.3,  346.5,  297.5,  299.3,  274.9,  264.8,  266.6,  274.2,  269.2,  259.9,  254.6,  258.4,  277.1,  305.4,  334.2,  362.5,  392.0,  415.1,  420.4,  424.4,  416.8,  408.3,  320.7,  308.1,  306.1,  316.6,  323.2,  325.9,  309.8,  296.4,  296.1,  304.6,  311.8,  312.9,  488.8,  463.8,  452.3,  455.4,  449.6,  457.7,  476.7,  505.2,  518.2,  522.2,  522.1,  513.0,  486.4,  468.9,  468.4,  465.8,  477.5,  492.9,  497.4,  497.0,  -84.8,  -81.5,  -75.4,  -67.8,  -56.6,  -42.7,  -27.8,  -10.7,  7.5,  25.3,  40.7,  54.0,  62.8,  66.6,  68.0,  68.0,  66.5,  -66.4,  -58.0,  -45.3,  -32.5,  -21.0,  7.2,  19.2,  31.2,  43.3,  51.9,  -4.3,  -3.1,  -1.8,  -0.3,  -14.0,  -7.0,  0.1,  6.9,  12.9,  -48.3,  -40.8,  -31.6,  -23.5,  -31.4,  -40.7,  12.4,  20.1,  29.1,  36.6,  30.0,  21.0,  -19.7,  -12.8,  -4.1,  1.7,  7.9,  16.5,  24.2,  18.6,  11.3,  4.3,  -2.2,  -11.4,  -15.5,  -3.5,  2.2,  8.7,  19.8,  10.1,  3.5,  -2.6,  -16.5,  7.8,  32.3,  55.2,  76.1,  93.0,  106.0,  112.4,  112.1,  108.1,  97.3,  81.1,  61.5,  38.9,  16.4,  -6.0,  -28.0,  -25.5,  -35.1,  -38.7,  -37.5,  -34.2,  -36.3,  -40.7,  -43.4,  -42.5,  -35.3,  -21.6,  -10.0,  0.9,  11.9,  21.5,  23.3,  24.6,  21.8,  18.7,  -16.2,  -21.2,  -22.0,  -17.6,  -15.0,  -13.9,  -20.7,  -26.2,  -26.4,  -23.1,  -19.9,  -19.3,  52.2,  40.5,  35.5,  36.7,  34.5,  38.4,  47.3,  57.4,  61.7,  63.1,  63.3,  60.2,  51.0,  42.3,  41.9,  41.1,  47.3,  52.0,  53.7,  53.7,  403.1,  406.6,  408.5,  407.2,  402.5,  396.4,  388.2,  375.2,  369.8,  374.2,  385.0,  394.4,  398.7,  396.8,  394.5,  392.2,  392.5,  367.6,  361.4,  355.5,  351.5,  348.6,  350.1,  355.9,  360.5,  366.3,  372.5,  346.9,  339.4,  332.1,  325.1,  341.3,  337.1,  334.5,  336.4,  339.7,  360.5,  357.7,  356.8,  355.8,  355.8,  356.9,  360.3,  360.4,  361.8,  364.9,  360.7,  359.1,  355.0,  341.9,  337.0,  336.2,  337.0,  343.8,  355.0,  345.8,  341.1,  340.6,  341.4,  344.5,  352.9,  339.6,  338.2,  339.6,  352.4,  342.8,  341.8,  343.0,  2.430,  0.064,  0.003,  -0.100,  637.429,  409.558,  -19.401,  20.928,  -0.842,  22.819,  -20.558,  -10.029,  8.105,  -3.298,  7.977,  -21.506,  -5.915,  6.124,  3.034,  0.230,  10.907,  -4.552,  0.113,  -3.868,  -1.268,  -0.525,  -2.087,  1.657,  -0.082,  -0.851,  0.486,  3.699,  -0.033,  -0.998,  -0.297,  -0.982,  -0.536,  0.005,  -0.371,  0.144, 0.02, 0.00, 0.00, 0.00, 0.33, 0.40, 0.47, 1.92, 0.34, 0.16, 0.00, 0.17, 0.00, 0.00, 1.95, 2.29, 0.33, 0.00, 0.00, 0.00, 1.00, 0.00, 0.00, 0.00, 1.00, 0.00, 0.00, 0.00, 0.00, 0.00, 0.00, 1.00, 1.00, 0.00, 0.00
68,  0,  2.236,  0.98,  1,  0.129573,  0.073651,  -0.988831,  -0.088792,  0.131478,  -0.987334,  0.021,  0.103,  536.1,  540.9,  552.8,  564.8,  569.9,  566.1,  553.1,  541.1,  525.3,  530.1,  538.0,  549.6,  562.7,  573.1,  581.0,  572.0,  560.5,  548.6,  538.7,  531.0,  547.4,  553.8,  560.2,  562.8,  560.1,  553.7,  547.3,  544.7,  679.4,  681.8,  692.2,  704.4,  711.4,  709.1,  698.7,  685.6,  671.0,  677.6,  687.0,  699.3,  710.7,  718.6,  724.0,  719.2,  712.5,  703.4,  691.9,  680.4,  690.0,  696.5,  701.9,  703.2,  699.5,  693.0,  687.6,  686.3,  313.6,  300.8,  294.5,  298.6,  310.5,  324.3,  329.5,  325.5,  321.9,  314.3,  308.7,  304.9,  305.4,  309.6,  316.9,  320.8,  323.1,  324.9,  325.3,  324.6,  319.9,  322.0,  318.7,  311.9,  305.5,  303.4,  306.7,  313.5,  303.9,  291.5,  285.2,  288.7,  300.0,  312.4,  318.7,  316.3,  310.0,  301.7,  296.1,  293.8,  295.9,  300.1,  306.8,  309.8,  311.5,  312.5,  312.4,  312.2,  309.6,  311.5,  308.3,  301.7,  295.7,  293.8,  297.1,  303.6,  -36.2,  -34.6,  -30.4,  -26.0,  -24.1,  -25.4,  -29.9,  -34.3,  -40.5,  -38.5,  -35.4,  -31.2,  -26.6,  -23.0,  -20.3,  -23.3,  -27.2,  -31.4,  -35.1,  -38.1,  -32.1,  -29.8,  -27.6,  -26.7,  -27.7,  -30.1,  -32.3,  -33.2,  14.0,  14.9,  18.7,  23.2,  25.7,  24.7,  20.9,  16.2,  11.0,  13.3,  16.7,  21.1,  25.4,  28.5,  30.7,  28.7,  26.0,  22.5,  18.4,  14.3,  17.9,  20.2,  22.2,  22.7,  21.4,  19.1,  17.0,  16.5,  -16.2,  -20.7,  -22.8,  -21.3,  -17.0,  -12.3,  -10.5,  -12.0,  -13.5,  -16.0,  -17.8,  -19.0,  -18.8,  -17.3,  -14.8,  -13.4,  -12.7,  -12.1,  -12.0,  -12.4,  -13.9,  -13.1,  -14.3,  -16.7,  -18.9,  -19.7,  -18.6,  -16.2,  -19.9,  -24.5,  -26.9,  -25.7,  -21.6,  -17.0,  -14.7,  -15.5,  -17.8,  -20.7,  -22.7,  -23.6,  -23.0,  -21.7,  -19.5,  -18.2,  -17.4,  -16.9,  -16.8,  -16.9,  -18.0,  -17.3,  -18.6,  -21.0,  -23.1,  -23.8,  -22.5,  -20.1,  304.9,  305.4,  304.6,  302.8,  301.1,  300.6,  301.4,  303.2,  309.1,  306.6,  303.8,  301.8,  300.9,  300.8,  301.1,  300.2,  299.8,  300.7,  303.0,  306.0,  303.9,  302.9,  302.5,  302.8,  303.7,  304.6,  305.1,  304.8,  311.1,  312.6,  314.4,  315.5,  315.1,  313.6,  311.7,  310.8,  310.7,  310.6,  310.8,  312.0,  314.3,  317.2,  319.9,  316.6,  313.5,  310.9,  309.8,  310.0,  312.6,  313.1,  314.1,  314.9,  315.1,  314.6,  313.6,  312.8,  -1.4,  19.5,  351.9,  -0.019,  -0.012,  -0.100,  454.9,  463.3,  476.9,  492.4,  514.5,  543.3,  575.5,  614.3,  657.8,  699.4,  732.7,  759.8,  777.6,  786.4,  790.0,  790.8,  787.6,  481.1,  498.4,  527.3,  557.9,  586.5,  656.7,  686.2,  714.8,  742.9,  761.3,  627.9,  631.1,  634.5,  638.3,  603.4,  621.1,  639.6,  657.2,  672.5,  521.9,  539.2,  561.6,  581.5,  562.0,  539.6,  669.3,  687.8,  709.5,  726.9,  711.7,  690.3,  589.6,  605.8,  628.4,  643.9,  660.1,  682.2,  700.2,  687.7,  669.0,  650.9,  633.9,  610.0,  600.0,  630.1,  645.2,  662.1,  689.7,  665.7,  648.4,  632.6,  324.5,  375.9,  427.2,  475.8,  522.0,  562.0,  596.1,  619.9,  623.4,  610.6,  578.8,  537.8,  493.3,  444.7,  395.7,  346.4,  297.8,  299.6,  275.2,  265.0,  266.6,  274.3,  269.4,  259.6,  254.4,  258.6,  277.4,  305.8,  334.5,  362.7,  392.2,  415.2,  420.4,  424.5,  416.7,  408.3,  320.9,  308.3,  306.3,  316.6,  323.1,  325.9,  309.7,  296.4,  296.1,  304.5,  311.7,  312.7,  488.2,  463.5,  452.0,  455.1,  449.2,  457.0,  475.8,  505.2,  518.7,  522.8,  522.7,  513.3,  485.9,  468.9,  468.4,  465.7,  476.7,  492.9,  497.5,  497.0,  -85.3,  -82.1,  -76.2,  -68.8,  -57.8,  -43.9,  -28.7,  -11.0,  7.5,  25.5,  40.9,  54.2,  62.9,  66.6,  67.7,  67.7,  66.2,  -66.8,  -58.5,  -45.7,  -32.9,  -21.3,  6.7,  18.8,  30.8,  43.0,  51.6,  -4.8,  -3.4,  -2.1,  -0.6,  -14.3,  -7.3,  -0.1,  6.6,  12.6,  -48.7,  -41.2,  -32.0,  -23.8,  -31.7,  -41.0,  12.0,  19.7,  28.7,  36.2,  29.6,  20.6,  -20.5,  -13.4,  -4.5,  1.5,  7.8,  16.6,  24.5,  18.9,  11.3,  4.2,  -2.4,  -11.8,  -16.2,  -3.8,  2.0,  8.6,  20.1,  10.1,  3.3,  -2.9,  -16.3,  7.4,  31.4,  54.0,  74.7,  91.7,  104.9,  111.6,  111.5,  107.5,  96.6,  80.4,  60.9,  38.5,  16.1,  -6.1,  -27.9,  -25.4,  -35.0,  -38.6,  -37.5,  -34.1,  -36.2,  -40.8,  -43.4,  -42.4,  -35.1,  -21.5,  -9.9,  1.0,  12.0,  21.5,  23.3,  24.7,  21.9,  18.8,  -16.1,  -21.1,  -21.9,  -17.7,  -15.0,  -13.9,  -20.7,  -26.2,  -26.4,  -23.1,  -19.9,  -19.4,  52.1,  40.5,  35.5,  36.6,  34.4,  38.2,  47.1,  57.5,  62.0,  63.5,  63.6,  60.5,  50.9,  42.3,  42.0,  41.1,  47.1,  52.2,  53.8,  53.8,  403.1,  406.7,  408.7,  407.7,  403.2,  397.1,  388.6,  375.6,  370.5,  375.3,  386.4,  395.8,  400.0,  398.0,  395.1,  392.5,  392.4,  367.5,  361.1,  355.1,  351.1,  348.1,  349.6,  355.3,  360.1,  365.8,  372.1,  346.5,  339.2,  332.2,  325.4,  341.5,  337.6,  335.1,  337.0,  340.2,  360.4,  357.8,  356.9,  355.9,  356.0,  357.0,  360.1,  360.2,  361.6,  364.7,  360.7,  359.0,  355.8,  342.3,  337.3,  336.5,  337.2,  344.2,  355.8,  346.7,  341.8,  341.3,  342.2,  345.4,  353.8,  340.1,  338.7,  340.1,  353.2,  343.4,  342.4,  343.5,  2.428,  0.074,  -0.000,  -0.101,  636.657,  409.137,  -18.426,  20.098,  -0.240,  21.330,  -20.831,  -10.601,  7.585,  -1.880,  8.414,  -20.243,  -6.211,  4.342,  3.153,  -0.036,  10.467,  -4.185,  0.473,  -3.547,  -0.747,  -0.715,  -1.877,  1.428,  -0.075,  -0.943,  0.056,  3.589,  -0.081,  -0.980,  -0.341,  -1.059,  -0.411,  0.057,  -0.369,  0.153, 0.02, 0.00, 0.00, 0.00, 0.29, 0.41, 0.35, 1.91, 0.42, 0.24, 0.00, 0.17, 0.00, 0.00, 2.21, 2.36, 0.27, 0.00, 0.00, 0.00, 1.00, 0.00, 0.00, 0.00, 1.00, 0.00, 0.00, 0.00, 0.00, 0.00, 0.00, 1.00, 1.00, 0.00, 0.00
69,  0,  2.269,  0.98,  1,  0.129343,  0.088626,  -0.987631,  -0.095602,  0.124762,  -0.987570,  0.017,  0.108,  535.3,  540.1,  552.0,  564.0,  569.1,  565.3,  552.3,  540.3,  524.2,  529.2,  537.2,  548.7,  561.8,  572.3,  580.4,  571.4,  560.0,  548.1,  537.9,  530.1,  546.7,  553.0,  559.4,  561.9,  559.2,  552.9,  546.5,  544.0,  678.5,  680.8,  691.2,  703.6,  710.8,  708.5,  698.1,  684.8,  670.3,  676.8,  686.2,  698.6,  710.1,  718.2,  723.6,  718.8,  712.1,  702.9,  691.4,  679.9,  689.3,  695.8,  701.2,  702.3,  698.6,  692.2,  686.8,  685.6,  313.1,  300.3,  294.2,  298.3,  310.3,  324.1,  329.3,  325.1,  321.2,  313.6,  308.0,  304.2,  304.7,  309.0,  316.4,  319.9,  321.9,  323.6,  324.1,  323.5,  319.5,  321.7,  318.4,  311.6,  305.2,  303.0,  306.3,  313.1,  303.2,  290.6,  284.2,  287.6,  299.0,  311.5,  318.0,  315.7,  309.6,  301.1,  295.4,  292.9,  294.9,  299.1,  305.7,  309.0,  310.8,  311.9,  312.0,  311.8,  308.7,  310.6,  307.3,  300.8,  294.9,  293.0,  296.3,  302.8,  -36.6,  -35.0,  -30.7,  -26.4,  -24.5,  -25.8,  -30.3,  -34.7,  -41.0,  -39.0,  -35.8,  -31.6,  -27.0,  -23.4,  -20.6,  -23.6,  -27.5,  -31.7,  -35.5,  -38.6,  -32.5,  -30.2,  -28.0,  -27.1,  -28.1,  -30.4,  -32.7,  -33.6,  13.6,  14.4,  18.2,  22.7,  25.3,  24.3,  20.5,  15.8,  10.7,  12.9,  16.3,  20.7,  24.9,  28.1,  30.3,  28.3,  25.6,  22.1,  18.0,  14.0,  17.4,  19.8,  21.7,  22.2,  20.9,  18.6,  16.6,  16.1,  -16.4,  -20.9,  -23.0,  -21.4,  -17.2,  -12.4,  -10.6,  -12.1,  -13.8,  -16.3,  -18.1,  -19.3,  -19.1,  -17.6,  -15.1,  -13.8,  -13.1,  -12.6,  -12.5,  -12.8,  -14.1,  -13.3,  -14.4,  -16.8,  -19.1,  -19.9,  -18.8,  -16.4,  -20.0,  -24.6,  -27.0,  -25.9,  -21.8,  -17.2,  -14.8,  -15.6,  -17.7,  -20.7,  -22.7,  -23.7,  -23.2,  -21.9,  -19.6,  -18.3,  -17.4,  -16.9,  -16.8,  -16.9,  -18.1,  -17.5,  -18.8,  -21.1,  -23.2,  -23.9,  -22.6,  -20.2,  305.9,  306.4,  305.6,  303.8,  302.3,  301.8,  302.6,  304.3,  310.2,  307.7,  305.0,  303.0,  302.1,  302.0,  302.3,  301.4,  301.0,  301.8,  304.1,  307.1,  305.0,  304.1,  303.6,  303.9,  304.8,  305.7,  306.1,  305.8,  308.2,  309.8,  311.6,  312.6,  312.2,  310.6,  308.8,  307.9,  307.7,  307.6,  307.8,  309.0,  311.3,  314.2,  316.9,  313.6,  310.4,  307.9,  306.8,  307.0,  309.7,  310.2,  311.2,  312.0,  312.2,  311.7,  310.8,  309.9,  -1.7,  19.2,  351.5,  -0.018,  -0.014,  -0.100,  454.2,  462.4,  475.7,  490.9,  513.0,  542.0,  574.5,  613.3,  656.7,  698.3,  731.7,  758.9,  776.9,  786.0,  789.6,  790.2,  786.7,  480.2,  497.7,  526.7,  557.4,  586.0,  656.4,  685.8,  714.4,  742.4,  760.7,  627.6,  630.8,  634.1,  637.9,  602.9,  620.6,  639.1,  656.6,  671.8,  521.0,  538.5,  560.9,  580.8,  561.3,  538.8,  668.6,  687.3,  709.0,  726.4,  711.3,  689.8,  587.8,  604.5,  627.3,  643.0,  659.6,  681.6,  699.7,  686.8,  667.9,  649.5,  632.3,  608.3,  598.1,  628.9,  644.3,  661.5,  689.3,  664.7,  647.2,  631.2,  324.3,  375.7,  427.0,  475.8,  522.0,  561.8,  595.5,  618.7,  621.9,  608.9,  576.8,  535.9,  491.6,  443.2,  394.4,  345.4,  297.1,  299.0,  274.8,  264.5,  266.1,  273.7,  268.7,  258.9,  253.7,  258.0,  276.6,  305.1,  333.7,  361.9,  391.3,  414.8,  419.9,  423.9,  416.3,  408.1,  320.1,  307.4,  305.4,  316.0,  322.4,  325.2,  309.2,  295.6,  295.2,  303.7,  310.9,  312.1,  487.3,  463.2,  451.8,  455.0,  449.1,  456.8,  475.0,  503.8,  517.0,  521.1,  521.0,  511.8,  485.1,  468.8,  468.3,  465.6,  476.0,  491.3,  495.9,  495.5,  -85.6,  -82.5,  -76.7,  -69.5,  -58.5,  -44.4,  -29.0,  -11.4,  7.1,  25.0,  40.4,  53.8,  62.6,  66.4,  67.6,  67.4,  65.8,  -67.1,  -58.7,  -46.0,  -33.1,  -21.4,  6.5,  18.6,  30.6,  42.8,  51.3,  -4.9,  -3.6,  -2.2,  -0.8,  -14.5,  -7.5,  -0.4,  6.4,  12.3,  -49.0,  -41.5,  -32.2,  -24.0,  -32.0,  -41.3,  11.8,  19.4,  28.5,  36.0,  29.4,  20.4,  -21.2,  -13.9,  -4.9,  1.2,  7.5,  16.4,  24.3,  18.5,  10.9,  3.7,  -3.0,  -12.5,  -16.9,  -4.3,  1.6,  8.4,  19.9,  9.7,  2.8,  -3.5,  -16.4,  7.3,  31.3,  53.9,  74.6,  91.5,  104.4,  110.9,  110.8,  106.6,  95.7,  79.5,  60.1,  37.8,  15.5,  -6.6,  -28.2,  -25.6,  -35.1,  -38.7,  -37.6,  -34.3,  -36.5,  -41.0,  -43.7,  -42.6,  -35.4,  -21.7,  -10.2,  0.7,  11.6,  21.4,  23.1,  24.4,  21.7,  18.7,  -16.4,  -21.5,  -22.2,  -17.9,  -15.3,  -14.2,  -20.9,  -26.5,  -26.8,  -23.4,  -20.2,  -19.7,  51.7,  40.3,  35.4,  36.5,  34.3,  38.0,  46.7,  56.9,  61.3,  62.8,  62.9,  59.9,  50.6,  42.2,  41.9,  41.0,  46.8,  51.5,  53.1,  53.1,  403.0,  406.6,  408.7,  407.7,  403.1,  396.9,  388.2,  375.1,  370.0,  374.9,  386.1,  395.5,  399.8,  398.0,  395.3,  392.8,  392.6,  367.4,  360.9,  354.9,  350.7,  347.7,  349.2,  354.9,  359.7,  365.6,  371.9,  346.1,  338.7,  331.5,  324.6,  341.1,  337.2,  334.6,  336.5,  339.7,  360.1,  357.3,  356.4,  355.5,  355.5,  356.6,  359.7,  359.8,  361.2,  364.3,  360.3,  358.7,  355.6,  342.1,  337.0,  336.2,  336.9,  344.0,  355.6,  346.4,  341.5,  340.9,  341.7,  345.1,  353.5,  339.8,  338.4,  339.9,  352.9,  342.9,  341.9,  343.1,  2.430,  0.074,  -0.001,  -0.101,  635.844,  408.344,  -16.920,  20.349,  -0.282,  20.740,  -20.297,  -9.681,  7.037,  -2.762,  7.983,  -19.289,  -5.618,  4.497,  3.553,  0.007,  10.244,  -4.012,  0.274,  -3.325,  -0.889,  -1.054,  -2.051,  1.076,  -0.252,  -0.695,  0.170,  3.114,  0.123,  -0.741,  -0.413,  -1.060,  -0.214,  0.047,  -0.332,  0.191, 0.00, 0.00, 0.02, 0.00, 0.27, 0.59, 0.37, 1.83, 0.45, 0.31, 0.00, 0.13, 0.00, 0.00, 2.26, 2.40, 0.23, 0.00, 0.00, 0.00, 1.00, 0.00, 0.00, 0.00, 1.00, 0.00, 0.00, 0.00, 0.00, 0.00, 0.00, 1.00, 1.00, 0.00, 0.00
70,  0,  2.302,  0.98,  1,  0.130546,  0.083353,  -0.987932,  -0.091626,  0.121588,  -0.988343,  0.020,  0.103,  535.0,  539.8,  551.7,  563.7,  568.8,  565.1,  552.1,  540.1,  524.1,  528.9,  536.9,  548.4,  561.5,  572.1,  580.1,  571.2,  559.7,  547.7,  537.6,  529.9,  546.4,  552.8,  559.1,  561.6,  558.9,  552.6,  546.3,  543.7,  678.2,  680.6,  691.1,  703.4,  710.4,  707.9,  697.5,  684.3,  669.9,  676.4,  685.7,  698.2,  709.7,  717.7,  723.0,  718.2,  711.4,  702.3,  690.8,  679.3,  688.9,  695.2,  700.7,  702.0,  698.4,  692.0,  686.5,  685.3,  312.2,  299.4,  293.2,  297.3,  309.2,  323.0,  328.3,  324.2,  320.5,  312.8,  307.1,  303.3,  303.8,  308.0,  315.4,  319.0,  321.1,  322.8,  323.4,  322.8,  318.5,  320.7,  317.4,  310.6,  304.2,  302.1,  305.4,  312.2,  302.1,  289.7,  283.4,  287.0,  298.3,  310.7,  317.0,  314.6,  308.6,  300.1,  294.5,  292.1,  294.3,  298.5,  305.4,  308.5,  310.2,  311.2,  311.2,  310.8,  307.7,  309.6,  306.4,  300.0,  294.1,  292.2,  295.4,  301.8,  -36.6,  -35.0,  -30.8,  -26.4,  -24.5,  -25.8,  -30.3,  -34.7,  -41.0,  -39.0,  -35.9,  -31.7,  -27.0,  -23.4,  -20.7,  -23.7,  -27.6,  -31.8,  -35.5,  -38.6,  -32.6,  -30.2,  -28.0,  -27.2,  -28.2,  -30.5,  -32.7,  -33.6,  13.5,  14.5,  18.3,  22.8,  25.3,  24.3,  20.4,  15.7,  10.6,  12.9,  16.2,  20.7,  25.0,  28.1,  30.3,  28.2,  25.5,  22.1,  17.9,  13.9,  17.4,  19.7,  21.7,  22.3,  21.0,  18.6,  16.6,  16.1,  -16.7,  -21.2,  -23.3,  -21.7,  -17.5,  -12.7,  -11.0,  -12.4,  -14.0,  -16.6,  -18.4,  -19.6,  -19.4,  -17.9,  -15.4,  -14.1,  -13.4,  -12.8,  -12.7,  -13.0,  -14.4,  -13.6,  -14.8,  -17.1,  -19.4,  -20.2,  -19.1,  -16.7,  -20.5,  -25.1,  -27.5,  -26.3,  -22.2,  -17.6,  -15.3,  -16.1,  -18.2,  -21.2,  -23.2,  -24.2,  -23.6,  -22.2,  -19.9,  -18.6,  -17.8,  -17.3,  -17.3,  -17.4,  -18.6,  -18.0,  -19.2,  -21.6,  -23.7,  -24.3,  -23.1,  -20.8,  305.3,  305.9,  305.0,  303.2,  301.6,  301.2,  302.0,  303.7,  309.7,  307.3,  304.5,  302.5,  301.6,  301.5,  301.7,  300.9,  300.4,  301.3,  303.6,  306.6,  304.4,  303.5,  303.0,  303.3,  304.2,  305.1,  305.6,  305.3,  310.4,  312.0,  313.8,  314.8,  314.4,  312.8,  311.1,  310.2,  310.1,  310.0,  310.2,  311.3,  313.6,  316.5,  319.1,  315.9,  312.8,  310.3,  309.2,  309.5,  312.0,  312.5,  313.4,  314.2,  314.4,  313.9,  313.0,  312.2,  -1.9,  19.0,  352.4,  -0.017,  -0.016,  -0.099,  453.6,  462.1,  475.6,  491.0,  513.2,  542.0,  573.9,  612.1,  655.3,  697.0,  730.5,  757.9,  776.0,  785.1,  788.7,  789.4,  786.1,  479.9,  497.8,  526.7,  557.1,  585.6,  656.3,  685.8,  714.2,  742.0,  760.2,  627.4,  630.6,  634.1,  637.9,  602.7,  620.4,  638.9,  656.5,  671.7,  520.8,  538.3,  560.7,  580.5,  560.9,  538.5,  668.3,  686.7,  708.4,  725.8,  710.7,  689.3,  587.1,  604.1,  627.2,  642.9,  659.3,  681.5,  699.7,  686.6,  667.5,  649.2,  632.1,  607.8,  597.4,  628.8,  644.1,  661.2,  689.3,  664.4,  646.9,  631.0,  323.4,  375.2,  426.9,  475.7,  521.8,  561.2,  594.5,  617.7,  621.0,  608.4,  576.6,  535.5,  490.8,  442.2,  393.5,  344.7,  296.6,  297.5,  273.7,  263.5,  265.0,  272.4,  267.4,  257.9,  252.8,  257.0,  275.4,  304.0,  332.8,  361.0,  390.6,  414.1,  419.2,  423.2,  415.6,  407.2,  319.3,  306.6,  304.6,  315.1,  321.6,  324.3,  308.3,  294.9,  294.4,  303.0,  310.2,  311.2,  486.8,  462.5,  451.1,  454.2,  448.4,  456.1,  474.4,  503.3,  516.5,  520.5,  520.4,  511.2,  484.7,  468.1,  467.7,  465.0,  475.5,  490.7,  495.2,  494.7,  -85.9,  -82.8,  -76.8,  -69.5,  -58.4,  -44.5,  -29.4,  -12.0,  6.5,  24.4,  40.0,  53.4,  62.2,  66.0,  67.2,  67.1,  65.6,  -67.3,  -58.7,  -46.1,  -33.3,  -21.7,  6.5,  18.6,  30.6,  42.7,  51.2,  -5.0,  -3.6,  -2.3,  -0.8,  -14.6,  -7.6,  -0.4,  6.4,  12.4,  -49.1,  -41.6,  -32.4,  -24.2,  -32.2,  -41.4,  11.7,  19.3,  28.3,  35.8,  29.2,  20.2,  -21.6,  -14.1,  -5.0,  1.1,  7.5,  16.4,  24.3,  18.5,  10.8,  3.6,  -3.1,  -12.7,  -17.3,  -4.4,  1.6,  8.3,  19.9,  9.6,  2.7,  -3.5,  -16.9,  7.1,  31.3,  53.9,  74.6,  91.3,  104.2,  110.7,  110.6,  106.5,  95.7,  79.4,  59.8,  37.4,  15.1,  -6.9,  -28.5,  -26.2,  -35.6,  -39.2,  -38.2,  -34.9,  -37.1,  -41.5,  -44.2,  -43.1,  -36.0,  -22.2,  -10.6,  0.4,  11.4,  21.1,  22.9,  24.2,  21.4,  18.4,  -16.8,  -21.8,  -22.6,  -18.3,  -15.6,  -14.6,  -21.3,  -26.8,  -27.1,  -23.8,  -20.6,  -20.0,  51.7,  40.2,  35.2,  36.3,  34.1,  37.9,  46.6,  56.9,  61.2,  62.7,  62.8,  59.8,  50.6,  42.1,  41.8,  40.9,  46.8,  51.3,  53.0,  53.0,  403.4,  406.9,  409.0,  408.0,  403.3,  397.1,  388.8,  375.8,  370.6,  375.3,  386.5,  396.0,  400.1,  398.0,  395.3,  392.8,  392.9,  367.7,  361.4,  355.5,  351.4,  348.4,  350.1,  356.0,  360.7,  366.5,  372.8,  346.9,  339.7,  332.7,  325.9,  342.1,  338.1,  335.6,  337.5,  340.7,  360.6,  357.9,  357.0,  356.1,  356.0,  357.1,  360.6,  360.6,  362.0,  365.1,  361.0,  359.5,  356.8,  343.3,  338.1,  337.3,  338.0,  345.1,  356.8,  347.5,  342.3,  341.7,  342.6,  346.2,  354.7,  340.9,  339.5,  340.9,  354.2,  343.8,  342.7,  343.9,  2.425,  0.074,  -0.002,  -0.100,  635.473,  407.599,  -19.682,  20.671,  -0.267,  20.376,  -19.729,  -9.269,  6.519,  -2.937,  7.878,  -19.214,  -5.983,  5.223,  3.092,  0.048,  10.284,  -3.818,  0.770,  -3.908,  -0.711,  -1.254,  -1.688,  1.123,  0.177,  -0.598,  0.085,  3.150,  -0.089,  -0.604,  -0.316,  -1.092,  -0.221,  0.027,  -0.354,  0.182, 0.00, 0.00, 0.14, 0.00, 0.25, 0.67, 0.37, 1.80, 0.48, 0.18, 0.00, 0.03, 0.00, 0.00, 2.21, 2.37, 0.10, 0.00, 0.00, 0.00, 1.00, 0.00, 0.00, 0.00, 1.00, 0.00, 0.00, 0.00, 0.00, 0.00, 0.00, 1.00, 1.00, 0.00, 0.00
71,  0,  2.336,  0.98,  1,  0.133557,  0.090543,  -0.986896,  -0.093185,  0.123351,  -0.987978,  0.020,  0.108,  534.7,  539.4,  551.2,  563.3,  568.5,  564.9,  551.9,  539.9,  523.4,  528.4,  536.5,  548.1,  561.2,  571.6,  579.5,  570.8,  559.5,  547.6,  537.4,  529.5,  546.1,  552.5,  558.7,  561.2,  558.5,  552.1,  545.8,  543.3,  677.9,  680.4,  690.9,  703.3,  710.2,  707.7,  697.2,  684.0,  670.1,  676.3,  685.5,  697.8,  709.3,  717.4,  723.0,  718.2,  711.3,  702.1,  690.7,  679.4,  688.6,  695.1,  700.6,  702.0,  698.3,  691.8,  686.3,  685.0,  311.3,  298.5,  292.4,  296.6,  308.5,  322.2,  327.3,  323.2,  319.4,  311.8,  306.2,  302.4,  302.8,  306.8,  314.1,  317.8,  320.0,  321.9,  322.4,  321.8,  317.5,  319.7,  316.5,  309.7,  303.4,  301.2,  304.5,  311.2,  301.0,  288.8,  282.6,  286.2,  297.3,  309.5,  315.7,  313.3,  307.7,  299.2,  293.4,  290.9,  292.9,  297.2,  304.1,  307.4,  309.2,  310.2,  310.3,  310.0,  306.7,  308.6,  305.4,  299.0,  293.1,  291.2,  294.4,  300.8,  -37.1,  -35.5,  -31.3,  -26.9,  -24.9,  -26.2,  -30.7,  -35.1,  -41.6,  -39.6,  -36.4,  -32.1,  -27.5,  -23.8,  -21.1,  -24.1,  -28.0,  -32.2,  -36.0,  -39.1,  -33.0,  -30.7,  -28.5,  -27.6,  -28.7,  -31.0,  -33.2,  -34.1,  13.6,  14.5,  18.4,  23.0,  25.4,  24.4,  20.5,  15.7,  10.8,  13.0,  16.3,  20.7,  25.0,  28.2,  30.5,  28.4,  25.7,  22.2,  18.1,  14.0,  17.5,  19.8,  21.9,  22.4,  21.1,  18.8,  16.7,  16.2,  -17.2,  -21.7,  -23.8,  -22.2,  -18.0,  -13.2,  -11.4,  -12.9,  -14.5,  -17.1,  -18.9,  -20.1,  -20.0,  -18.5,  -16.0,  -14.7,  -13.9,  -13.3,  -13.2,  -13.5,  -14.9,  -14.1,  -15.2,  -17.6,  -19.9,  -20.7,  -19.6,  -17.2,  -21.1,  -25.6,  -28.0,  -26.8,  -22.7,  -18.2,  -15.9,  -16.7,  -18.7,  -21.7,  -23.8,  -24.8,  -24.2,  -22.9,  -20.5,  -19.1,  -18.3,  -17.8,  -17.7,  -17.8,  -19.2,  -18.5,  -19.7,  -22.1,  -24.2,  -24.9,  -23.7,  -21.3,  308.4,  309.0,  308.2,  306.6,  305.1,  304.7,  305.4,  307.0,  312.6,  310.2,  307.6,  305.7,  305.0,  305.0,  305.3,  304.4,  303.8,  304.5,  306.7,  309.6,  307.7,  306.8,  306.4,  306.7,  307.5,  308.4,  308.8,  308.5,  313.2,  314.8,  316.5,  317.4,  316.8,  315.1,  313.4,  312.7,  312.9,  312.7,  312.9,  314.0,  316.1,  318.8,  321.3,  318.2,  315.1,  312.7,  311.8,  312.1,  314.5,  314.9,  315.8,  316.7,  317.0,  316.6,  315.7,  314.8,  -2.0,  18.6,  352.6,  -0.014,  -0.015,  -0.100,  453.2,  461.6,  475.2,  490.7,  513.2,  542.3,  574.4,  612.9,  656.0,  697.3,  730.5,  757.6,  775.6,  784.7,  788.3,  789.0,  785.6,  479.9,  497.6,  526.5,  557.0,  585.4,  655.9,  685.2,  713.7,  741.5,  759.7,  627.0,  630.2,  633.6,  637.5,  602.3,  620.1,  638.6,  656.2,  671.4,  520.5,  537.8,  560.2,  580.0,  560.5,  538.1,  668.2,  686.6,  708.3,  725.6,  710.6,  689.2,  586.7,  603.8,  626.8,  642.6,  659.2,  681.5,  699.8,  686.7,  667.4,  649.0,  631.8,  607.6,  597.0,  628.4,  643.8,  661.0,  689.4,  664.3,  646.7,  630.6,  322.7,  374.2,  425.6,  474.2,  520.2,  559.9,  593.5,  616.8,  620.0,  607.3,  575.6,  534.8,  490.2,  441.6,  392.7,  343.7,  295.4,  296.7,  272.6,  262.3,  263.8,  271.3,  266.3,  256.6,  251.6,  256.0,  274.7,  302.9,  331.6,  359.8,  389.3,  412.9,  418.0,  422.0,  414.4,  406.0,  318.4,  305.5,  303.5,  314.1,  320.6,  323.3,  307.3,  293.7,  293.3,  302.0,  309.1,  310.2,  485.8,  461.6,  450.3,  453.4,  447.6,  455.1,  473.3,  502.2,  515.4,  519.4,  519.2,  510.1,  483.7,  467.0,  466.6,  463.8,  474.4,  490.1,  494.6,  494.2,  -86.2,  -83.0,  -77.1,  -69.6,  -58.4,  -44.3,  -29.1,  -11.7,  6.8,  24.6,  40.0,  53.2,  62.0,  65.8,  67.0,  66.9,  65.3,  -67.3,  -58.8,  -46.1,  -33.4,  -21.7,  6.3,  18.4,  30.4,  42.5,  51.0,  -5.2,  -3.8,  -2.4,  -0.9,  -14.7,  -7.7,  -0.5,  6.3,  12.2,  -49.3,  -41.8,  -32.6,  -24.4,  -32.4,  -41.6,  11.6,  19.2,  28.2,  35.7,  29.1,  20.2,  -21.7,  -14.2,  -5.1,  1.0,  7.4,  16.4,  24.4,  18.6,  10.7,  3.5,  -3.2,  -12.8,  -17.5,  -4.5,  1.5,  8.2,  20.0,  9.5,  2.6,  -3.7,  -17.2,  6.6,  30.7,  53.3,  73.8,  90.7,  103.7,  110.3,  110.2,  106.1,  95.3,  79.1,  59.5,  37.1,  14.8,  -7.3,  -29.0,  -26.6,  -36.1,  -39.7,  -38.6,  -35.3,  -37.5,  -42.0,  -44.7,  -43.5,  -36.3,  -22.6,  -11.0,  -0.1,  10.9,  20.7,  22.4,  23.8,  21.0,  17.9,  -17.2,  -22.3,  -23.1,  -18.7,  -16.0,  -15.0,  -21.7,  -27.3,  -27.6,  -24.2,  -21.0,  -20.4,  51.3,  39.9,  34.9,  36.1,  33.9,  37.6,  46.3,  56.5,  60.8,  62.3,  62.4,  59.4,  50.2,  41.7,  41.4,  40.5,  46.4,  51.2,  52.8,  52.8,  403.8,  407.2,  409.2,  408.1,  403.2,  396.9,  388.5,  375.7,  370.7,  375.5,  386.7,  396.1,  400.1,  398.0,  395.2,  392.7,  392.7,  367.7,  361.4,  355.5,  351.5,  348.5,  350.1,  355.8,  360.5,  366.2,  372.4,  346.9,  339.6,  332.6,  325.8,  342.2,  338.2,  335.7,  337.6,  340.8,  360.8,  358.1,  357.2,  356.4,  356.3,  357.4,  360.5,  360.6,  362.0,  365.1,  361.1,  359.5,  357.1,  343.6,  338.5,  337.7,  338.4,  345.6,  357.3,  347.9,  342.7,  342.0,  342.9,  346.4,  355.1,  341.1,  339.8,  341.2,  354.7,  344.2,  343.1,  344.3,  2.424,  0.076,  -0.001,  -0.101,  635.243,  406.561,  -20.409,  20.690,  0.176,  20.101,  -19.321,  -8.665,  6.733,  -2.549,  8.162,  -19.249,  -6.332,  4.565,  2.711,  -0.496,  9.488,  -3.922,  0.685,  -3.578,  -0.544,  -1.153,  -2.058,  1.354,  0.015,  -0.959,  0.146,  2.956,  0.103,  -0.536,  -0.357,  -1.071,  -0.147,  0.013,  -0.320,  0.178, 0.02, 0.00, 0.22, 0.00, 0.25, 0.69, 0.36, 1.75, 0.47, 0.13, 0.00, 0.02, 0.00, 0.00, 2.21, 2.50, 0.13, 0.00, 0.00, 0.00, 1.00, 0.00, 0.00, 0.00, 1.00, 0.00, 0.00, 0.00, 0.00, 0.00, 0.00, 1.00, 1.00, 0.00, 0.00
72,  0,  2.369,  0.98,  1,  0.120488,  0.069405,  -0.990286,  -0.082670,  0.110601,  -0.990421,  0.019,  0.091,  534.2,  539.1,  551.1,  563.0,  568.0,  564.2,  551.2,  539.2,  523.6,  528.5,  536.5,  548.1,  561.2,  571.7,  579.5,  570.5,  559.0,  547.2,  537.2,  529.4,  545.5,  551.9,  558.3,  561.0,  558.3,  551.9,  545.5,  542.9,  678.2,  680.7,  691.0,  703.2,  710.1,  707.6,  697.3,  684.3,  670.1,  676.2,  685.3,  697.5,  708.9,  717.1,  722.7,  717.7,  710.9,  701.8,  690.5,  679.3,  688.7,  695.2,  700.7,  702.0,  698.3,  691.9,  686.4,  685.1,  310.1,  297.2,  291.1,  295.2,  307.2,  321.0,  326.2,  322.1,  318.1,  310.4,  304.7,  301.0,  301.7,  306.1,  313.8,  317.9,  320.2,  321.9,  322.2,  321.2,  316.5,  318.7,  315.4,  308.5,  302.1,  299.9,  303.2,  310.1,  299.8,  287.7,  281.6,  285.1,  296.2,  308.3,  314.3,  312.0,  306.6,  297.9,  292.1,  289.6,  291.7,  296.1,  303.1,  306.2,  307.9,  309.0,  309.0,  308.7,  305.5,  307.4,  304.2,  297.9,  292.0,  290.1,  293.3,  299.7,  -36.7,  -35.1,  -30.8,  -26.5,  -24.7,  -25.9,  -30.5,  -34.8,  -41.0,  -38.9,  -35.8,  -31.6,  -27.0,  -23.4,  -20.7,  -23.8,  -27.6,  -31.8,  -35.5,  -38.5,  -32.7,  -30.4,  -28.1,  -27.3,  -28.3,  -30.6,  -32.8,  -33.7,  13.8,  14.7,  18.6,  23.1,  25.6,  24.6,  20.7,  15.9,  10.8,  13.0,  16.3,  20.8,  25.1,  28.3,  30.6,  28.5,  25.7,  22.2,  18.1,  14.1,  17.7,  20.0,  22.1,  22.6,  21.3,  18.9,  16.9,  16.4,  -17.3,  -21.8,  -23.9,  -22.3,  -18.1,  -13.3,  -11.6,  -13.1,  -14.7,  -17.3,  -19.1,  -20.3,  -20.0,  -18.5,  -15.9,  -14.4,  -13.6,  -13.0,  -13.0,  -13.5,  -15.1,  -14.3,  -15.4,  -17.8,  -20.0,  -20.8,  -19.7,  -17.3,  -21.7,  -26.2,  -28.6,  -27.4,  -23.3,  -18.8,  -16.5,  -17.3,  -19.3,  -22.4,  -24.5,  -25.5,  -24.9,  -23.5,  -21.1,  -19.7,  -18.9,  -18.4,  -18.3,  -18.4,  -19.7,  -19.1,  -20.3,  -22.7,  -24.8,  -25.5,  -24.3,  -21.9,  303.8,  304.4,  303.5,  301.7,  300.0,  299.6,  300.4,  302.2,  307.9,  305.4,  302.7,  300.7,  299.9,  299.7,  300.0,  299.1,  298.7,  299.5,  301.8,  304.8,  302.8,  301.9,  301.4,  301.7,  302.6,  303.5,  304.0,  303.7,  315.7,  317.3,  319.1,  320.0,  319.4,  317.7,  316.0,  315.2,  315.3,  315.2,  315.4,  316.5,  318.6,  321.3,  323.8,  320.6,  317.5,  315.1,  314.2,  314.5,  317.0,  317.5,  318.4,  319.3,  319.6,  319.2,  318.2,  317.3,  -2.1,  18.1,  353.5,  -0.027,  -0.014,  -0.100,  452.9,  461.4,  475.1,  490.5,  512.8,  542.0,  574.1,  612.7,  655.7,  697.0,  730.3,  757.5,  775.4,  784.4,  787.9,  788.5,  785.1,  479.5,  497.2,  526.2,  556.7,  585.3,  655.3,  684.7,  713.1,  740.9,  759.4,  626.7,  629.9,  633.3,  637.1,  602.1,  619.8,  638.3,  655.9,  671.1,  520.4,  537.7,  560.2,  579.9,  560.5,  537.9,  667.9,  686.1,  708.0,  725.4,  710.4,  688.9,  586.4,  603.6,  626.4,  642.3,  658.9,  681.2,  699.7,  686.3,  667.1,  648.6,  631.4,  607.3,  596.7,  628.1,  643.5,  660.8,  689.2,  663.9,  646.4,  630.2,  321.8,  373.6,  425.2,  473.9,  519.9,  559.4,  592.7,  615.5,  618.5,  606.1,  575.0,  534.6,  490.2,  441.7,  392.6,  343.3,  294.7,  296.1,  271.7,  261.2,  262.6,  269.9,  265.0,  255.4,  250.6,  254.8,  273.6,  301.5,  329.9,  357.9,  387.2,  411.6,  416.5,  420.4,  412.9,  404.7,  317.5,  304.4,  302.4,  313.3,  319.9,  322.6,  306.3,  292.5,  292.0,  301.0,  308.2,  309.3,  485.2,  460.5,  449.1,  452.1,  446.2,  453.9,  472.5,  500.5,  513.2,  517.2,  517.2,  508.6,  483.1,  466.0,  465.5,  462.7,  473.5,  488.0,  492.5,  492.1,  -86.6,  -83.3,  -77.3,  -69.8,  -58.6,  -44.4,  -29.3,  -11.7,  6.6,  24.4,  39.9,  53.1,  61.9,  65.7,  66.8,  66.7,  65.2,  -67.7,  -59.2,  -46.5,  -33.6,  -21.9,  6.2,  18.3,  30.3,  42.4,  51.0,  -5.3,  -4.0,  -2.6,  -1.1,  -14.9,  -7.8,  -0.7,  6.1,  12.2,  -49.5,  -42.0,  -32.7,  -24.6,  -32.5,  -41.9,  11.6,  19.1,  28.3,  35.8,  29.2,  20.2,  -21.9,  -14.3,  -5.3,  0.9,  7.3,  16.3,  24.4,  18.4,  10.6,  3.4,  -3.4,  -13.0,  -17.6,  -4.7,  1.4,  8.1,  20.0,  9.4,  2.5,  -3.8,  -17.7,  6.3,  30.5,  53.2,  73.7,  90.4,  103.3,  109.6,  109.4,  105.5,  94.9,  79.0,  59.5,  37.2,  14.7,  -7.5,  -29.4,  -26.9,  -36.6,  -40.3,  -39.3,  -36.1,  -38.2,  -42.8,  -45.3,  -44.2,  -36.9,  -23.3,  -11.8,  -0.8,  10.2,  20.3,  21.9,  23.3,  20.5,  17.5,  -17.6,  -22.8,  -23.6,  -19.1,  -16.4,  -15.3,  -22.2,  -28.0,  -28.3,  -24.7,  -21.5,  -20.9,  51.2,  39.6,  34.6,  35.6,  33.4,  37.2,  46.0,  55.9,  60.0,  61.5,  61.6,  58.9,  50.0,  41.4,  41.1,  40.1,  46.1,  50.4,  52.0,  52.0,  404.8,  408.1,  409.9,  408.5,  403.4,  396.9,  388.4,  375.4,  370.2,  374.9,  386.1,  395.7,  399.9,  398.1,  395.6,  393.2,  393.4,  369.1,  363.0,  357.2,  353.3,  350.6,  352.3,  357.9,  362.4,  367.8,  373.7,  348.7,  341.4,  334.4,  327.6,  343.6,  339.6,  337.0,  338.9,  342.1,  362.0,  359.5,  358.7,  357.8,  357.7,  358.7,  362.1,  362.2,  363.6,  366.6,  362.6,  361.0,  357.6,  344.4,  339.5,  338.7,  339.4,  346.4,  357.8,  348.2,  342.8,  342.1,  343.1,  346.7,  355.6,  341.9,  340.6,  342.0,  355.1,  344.5,  343.4,  344.6,  2.418,  0.062,  0.001,  -0.101,  634.954,  405.456,  -22.176,  20.687,  -1.477,  19.322,  -19.819,  -8.570,  6.071,  -2.463,  8.458,  -19.176,  -7.072,  5.300,  2.289,  0.210,  9.072,  -3.322,  0.668,  -3.523,  -0.192,  -0.980,  -2.204,  1.147,  -0.142,  -0.864,  0.121,  3.024,  0.011,  -0.792,  -0.106,  -0.898,  -0.382,  -0.043,  -0.363,  0.029, 0.04, 0.00, 0.24, 0.00, 0.22, 0.54, 0.23, 1.79, 0.47, 0.08, 0.00, 0.05, 0.00, 0.00, 2.14, 2.43, 0.06, 0.00, 0.00, 0.00, 1.00, 0.00, 0.00, 0.00, 1.00, 0.00, 0.00, 0.00, 0.00, 0.00, 0.00, 1.00, 1.00, 0.00, 0.00
73,  0,  2.402,  0.98,  1,  0.120678,  0.064453,  -0.990597,  -0.080986,  0.105082,  -0.991160,  0.020,  0.085,  534.1,  539.0,  550.9,  562.9,  567.9,  564.1,  551.1,  539.1,  523.3,  528.3,  536.4,  548.0,  561.2,  571.5,  579.3,  570.4,  559.0,  547.2,  537.2,  529.3,  545.4,  551.8,  558.2,  560.9,  558.2,  551.7,  545.3,  542.7,  678.1,  680.7,  691.1,  703.2,  709.9,  707.4,  697.0,  684.1,  670.0,  676.1,  685.1,  697.3,  708.7,  716.9,  722.5,  717.7,  710.8,  701.7,  690.4,  679.2,  688.6,  695.0,  700.6,  701.9,  698.3,  691.8,  686.3,  685.0,  308.8,  296.0,  289.9,  294.2,  306.2,  320.0,  325.0,  320.8,  317.0,  309.2,  303.6,  299.8,  300.4,  304.8,  312.6,  316.7,  319.1,  320.9,  321.1,  320.0,  315.3,  317.5,  314.3,  307.4,  300.9,  298.7,  301.9,  308.8,  298.5,  286.5,  280.6,  284.3,  295.3,  307.2,  313.1,  310.6,  305.6,  296.9,  291.0,  288.3,  290.4,  294.9,  302.1,  305.3,  307.0,  308.0,  308.0,  307.8,  304.4,  306.3,  303.2,  296.8,  291.0,  289.0,  292.1,  298.5,  -36.9,  -35.3,  -31.0,  -26.7,  -24.8,  -26.1,  -30.7,  -35.0,  -41.2,  -39.1,  -36.0,  -31.7,  -27.2,  -23.6,  -20.9,  -23.9,  -27.8,  -31.9,  -35.6,  -38.7,  -32.9,  -30.6,  -28.3,  -27.4,  -28.4,  -30.8,  -33.0,  -33.9,  13.8,  14.8,  18.6,  23.1,  25.5,  24.5,  20.6,  15.9,  10.8,  13.0,  16.3,  20.7,  25.0,  28.2,  30.5,  28.5,  25.7,  22.2,  18.1,  14.1,  17.6,  20.0,  22.0,  22.6,  21.3,  18.9,  16.8,  16.3,  -17.9,  -22.4,  -24.4,  -22.8,  -18.5,  -13.8,  -12.1,  -13.6,  -15.2,  -17.8,  -19.6,  -20.8,  -20.5,  -19.0,  -16.3,  -14.9,  -14.0,  -13.4,  -13.5,  -14.0,  -15.6,  -14.7,  -15.8,  -18.2,  -20.5,  -21.4,  -20.3,  -17.8,  -22.2,  -26.6,  -28.9,  -27.7,  -23.6,  -19.1,  -16.9,  -17.8,  -19.6,  -22.7,  -24.9,  -25.9,  -25.3,  -23.9,  -21.4,  -20.1,  -19.2,  -18.7,  -18.7,  -18.8,  -20.1,  -19.5,  -20.7,  -23.0,  -25.2,  -25.9,  -24.7,  -22.3,  305.1,  305.7,  304.8,  303.1,  301.5,  301.1,  301.8,  303.6,  309.1,  306.7,  304.0,  302.1,  301.3,  301.3,  301.6,  300.7,  300.2,  300.9,  303.1,  306.1,  304.2,  303.3,  302.9,  303.2,  304.0,  304.9,  305.4,  305.1,  315.6,  317.3,  319.0,  319.8,  319.2,  317.6,  315.8,  315.1,  315.3,  315.2,  315.4,  316.4,  318.6,  321.3,  323.8,  320.6,  317.5,  315.1,  314.2,  314.5,  316.9,  317.3,  318.3,  319.2,  319.5,  319.1,  318.1,  317.2,  -2.2,  17.7,  353.6,  -0.028,  -0.017,  -0.099,  452.7,  461.2,  474.7,  489.9,  511.9,  540.9,  573.0,  612.1,  655.5,  696.9,  730.1,  757.1,  775.0,  784.1,  787.6,  788.3,  784.9,  479.5,  497.2,  526.2,  556.7,  585.3,  655.3,  684.6,  713.0,  740.8,  759.1,  626.7,  630.0,  633.5,  637.3,  602.1,  619.9,  638.4,  656.0,  671.3,  520.3,  537.5,  560.1,  579.8,  560.4,  537.8,  667.9,  686.0,  707.8,  725.1,  710.4,  688.9,  586.1,  603.4,  626.3,  642.3,  659.0,  681.3,  699.6,  686.3,  667.0,  648.4,  631.1,  607.0,  596.4,  627.8,  643.4,  660.8,  689.2,  663.9,  646.2,  630.0,  322.0,  373.4,  424.5,  472.9,  518.6,  558.1,  591.5,  614.2,  617.2,  604.9,  574.1,  534.1,  489.9,  441.4,  392.3,  343.0,  294.4,  294.8,  270.3,  259.8,  261.1,  268.4,  263.5,  253.9,  249.1,  253.5,  272.3,  300.4,  328.7,  356.6,  385.8,  410.4,  415.4,  419.3,  411.8,  403.5,  316.5,  303.1,  301.1,  312.2,  318.9,  321.5,  305.4,  291.3,  290.7,  300.0,  307.2,  308.3,  484.4,  459.7,  448.4,  451.4,  445.6,  453.3,  472.0,  499.7,  512.2,  516.1,  516.0,  507.4,  482.3,  464.9,  464.4,  461.6,  472.9,  487.7,  492.2,  491.8,  -86.6,  -83.3,  -77.3,  -69.9,  -59.0,  -44.9,  -29.7,  -12.0,  6.5,  24.3,  39.7,  52.9,  61.7,  65.6,  66.8,  66.7,  65.3,  -67.7,  -59.2,  -46.5,  -33.6,  -21.9,  6.2,  18.3,  30.3,  42.4,  51.0,  -5.3,  -3.9,  -2.5,  -1.0,  -14.9,  -7.8,  -0.6,  6.2,  12.2,  -49.5,  -42.1,  -32.8,  -24.6,  -32.6,  -41.9,  11.6,  19.0,  28.2,  35.7,  29.2,  20.2,  -22.0,  -14.4,  -5.3,  0.9,  7.4,  16.3,  24.4,  18.4,  10.6,  3.3,  -3.5,  -13.1,  -17.7,  -4.8,  1.3,  8.1,  20.0,  9.4,  2.5,  -4.0,  -17.6,  6.3,  30.2,  52.6,  73.0,  89.7,  102.6,  108.9,  108.6,  104.7,  94.3,  78.6,  59.3,  37.0,  14.6,  -7.6,  -29.6,  -27.5,  -37.2,  -40.9,  -39.9,  -36.7,  -38.9,  -43.4,  -46.0,  -44.8,  -37.5,  -23.8,  -12.2,  -1.3,  9.7,  19.8,  21.5,  22.8,  20.1,  17.0,  -18.0,  -23.4,  -24.1,  -19.5,  -16.8,  -15.8,  -22.6,  -28.5,  -28.8,  -25.2,  -21.9,  -21.3,  50.9,  39.3,  34.3,  35.4,  33.2,  37.0,  45.8,  55.6,  59.6,  61.1,  61.2,  58.4,  49.7,  41.0,  40.7,  39.7,  45.9,  50.3,  51.9,  51.9,  404.7,  407.8,  409.3,  407.8,  402.7,  396.3,  388.0,  374.9,  369.5,  374.2,  385.5,  395.3,  399.7,  398.2,  395.9,  393.8,  394.2,  369.1,  363.1,  357.3,  353.4,  350.6,  352.5,  358.2,  362.7,  368.2,  374.3,  348.8,  341.5,  334.5,  327.6,  343.7,  339.7,  337.1,  338.9,  342.1,  362.1,  359.6,  358.8,  357.9,  357.8,  358.8,  362.3,  362.5,  363.9,  366.9,  362.9,  361.2,  357.7,  344.6,  339.8,  338.9,  339.7,  346.8,  358.1,  348.4,  343.0,  342.3,  343.2,  346.9,  355.7,  342.0,  340.7,  342.1,  355.4,  344.8,  343.7,  344.9,  2.417,  0.058,  -0.003,  -0.099,  634.797,  404.490,  -23.100,  19.987,  -1.347,  19.262,  -18.880,  -8.349,  6.052,  -2.366,  8.831,  -17.865,  -7.158,  5.303,  1.888,  0.164,  9.130,  -3.130,  0.880,  -3.353,  -0.613,  -0.873,  -2.612,  1.580,  -0.353,  -1.102,  0.176,  3.042,  -0.041,  -0.632,  -0.115,  -0.929,  -0.353,  -0.068,  -0.355,  0.067, 0.09, 0.00, 0.24, 0.00, 0.19, 0.44, 0.10, 1.74, 0.43, 0.13, 0.00, 0.08, 0.00, 0.00, 2.20, 2.47, 0.07, 0.00, 0.00, 0.00, 1.00, 0.00, 0.00, 0.00, 1.00, 0.00, 0.00, 0.00, 0.00, 0.00, 0.00, 1.00, 1.00, 0.00, 0.00
74,  0,  2.436,  0.98,  1,  0.122325,  0.033635,  -0.991920,  -0.094733,  0.089472,  -0.991474,  0.014,  0.062,  534.0,  538.8,  550.7,  562.8,  568.0,  564.3,  551.3,  539.2,  523.0,  528.1,  536.2,  548.0,  561.2,  571.6,  579.3,  570.4,  559.0,  547.4,  537.3,  529.3,  545.5,  551.9,  558.2,  560.7,  558.0,  551.6,  545.3,  542.7,  677.9,  680.3,  690.6,  702.9,  709.8,  707.3,  697.0,  683.9,  670.1,  676.2,  685.2,  697.4,  708.9,  717.1,  722.7,  717.9,  711.0,  701.9,  690.6,  679.4,  688.5,  694.9,  700.3,  701.6,  698.0,  691.6,  686.1,  684.9,  307.8,  294.9,  288.8,  293.0,  305.1,  319.0,  324.2,  320.0,  316.0,  308.1,  302.5,  298.8,  299.6,  304.3,  312.4,  317.6,  320.6,  322.6,  322.3,  320.3,  314.2,  316.4,  313.2,  306.3,  299.9,  297.7,  301.0,  307.8,  297.8,  285.8,  279.8,  283.4,  294.4,  306.3,  312.3,  310.0,  305.1,  296.1,  290.0,  287.3,  289.5,  294.1,  301.4,  304.5,  306.2,  307.2,  307.3,  307.1,  303.5,  305.4,  302.3,  296.0,  290.3,  288.4,  291.5,  297.8,  -36.5,  -34.9,  -30.7,  -26.4,  -24.5,  -25.7,  -30.2,  -34.5,  -40.8,  -38.7,  -35.6,  -31.3,  -26.8,  -23.2,  -20.7,  -23.6,  -27.4,  -31.4,  -35.1,  -38.2,  -32.5,  -30.2,  -28.0,  -27.1,  -28.1,  -30.4,  -32.6,  -33.5,  13.6,  14.5,  18.4,  22.8,  25.3,  24.3,  20.4,  15.7,  10.8,  13.0,  16.2,  20.6,  24.9,  28.2,  30.5,  28.4,  25.6,  22.2,  18.1,  14.1,  17.5,  19.8,  21.8,  22.3,  21.0,  18.7,  16.7,  16.2,  -18.0,  -22.4,  -24.5,  -22.9,  -18.7,  -13.9,  -12.2,  -13.7,  -15.3,  -17.9,  -19.7,  -20.8,  -20.5,  -18.9,  -16.2,  -14.4,  -13.4,  -12.7,  -12.9,  -13.7,  -15.7,  -14.9,  -16.0,  -18.4,  -20.6,  -21.4,  -20.3,  -18.0,  -22.3,  -26.7,  -29.1,  -27.9,  -23.8,  -19.4,  -17.1,  -17.9,  -19.7,  -22.9,  -25.1,  -26.2,  -25.5,  -24.1,  -21.6,  -20.2,  -19.4,  -18.9,  -18.8,  -18.9,  -20.3,  -19.7,  -20.9,  -23.2,  -25.3,  -26.0,  -24.8,  -22.4,  301.2,  301.6,  300.8,  299.2,  297.7,  297.4,  298.1,  299.7,  305.0,  302.5,  299.9,  298.0,  297.3,  297.3,  297.7,  296.9,  296.3,  297.0,  299.2,  302.1,  300.4,  299.5,  299.1,  299.4,  300.1,  301.0,  301.4,  301.2,  313.8,  315.5,  317.3,  318.1,  317.4,  315.7,  313.9,  313.2,  313.4,  313.4,  313.6,  314.7,  316.9,  319.6,  322.1,  318.8,  315.7,  313.3,  312.3,  312.6,  315.1,  315.5,  316.4,  317.4,  317.7,  317.3,  316.4,  315.4,  -2.2,  17.4,  354.0,  -0.035,  -0.018,  -0.098,  452.5,  461.1,  474.6,  489.6,  511.4,  540.2,  572.2,  611.4,  655.0,  696.8,  730.4,  757.7,  775.3,  784.1,  787.4,  788.1,  784.7,  479.2,  497.5,  526.4,  556.9,  585.3,  655.4,  684.8,  713.1,  740.7,  759.2,  626.8,  630.0,  633.4,  637.1,  602.3,  620.0,  638.3,  655.9,  671.1,  520.2,  537.3,  560.2,  579.8,  560.4,  537.5,  668.0,  685.9,  708.0,  725.4,  710.7,  689.0,  585.8,  603.3,  626.0,  642.2,  659.1,  681.3,  699.7,  686.2,  666.8,  648.0,  630.6,  606.7,  596.1,  627.6,  643.3,  660.9,  689.2,  663.8,  646.0,  629.5,  321.4,  372.7,  423.6,  471.9,  517.5,  557.0,  590.3,  613.0,  615.8,  603.6,  573.0,  532.9,  488.8,  440.5,  391.9,  343.0,  294.5,  293.6,  269.3,  259.0,  260.1,  267.2,  262.3,  252.7,  248.2,  252.6,  271.5,  299.6,  327.7,  355.4,  384.4,  410.1,  414.8,  418.6,  411.3,  403.3,  316.2,  302.4,  300.4,  312.1,  319.0,  321.6,  304.9,  290.3,  289.6,  299.5,  306.9,  308.1,  484.6,  459.5,  448.1,  451.1,  445.1,  453.0,  471.8,  498.5,  510.6,  514.6,  514.6,  506.4,  482.3,  464.8,  464.3,  461.3,  472.6,  486.4,  490.9,  490.5,  -86.9,  -83.5,  -77.4,  -70.1,  -59.2,  -45.2,  -30.1,  -12.3,  6.3,  24.3,  39.8,  53.1,  61.8,  65.5,  66.7,  66.7,  65.3,  -67.9,  -59.2,  -46.5,  -33.7,  -22.0,  6.2,  18.4,  30.4,  42.5,  51.1,  -5.3,  -3.9,  -2.5,  -1.1,  -14.9,  -7.8,  -0.7,  6.2,  12.2,  -49.7,  -42.3,  -32.8,  -24.7,  -32.6,  -42.1,  11.6,  19.1,  28.4,  35.9,  29.4,  20.3,  -22.2,  -14.5,  -5.4,  0.8,  7.4,  16.4,  24.5,  18.4,  10.5,  3.1,  -3.7,  -13.2,  -17.8,  -4.9,  1.3,  8.2,  20.0,  9.4,  2.3,  -4.1,  -17.9,  5.9,  29.8,  52.2,  72.5,  89.2,  102.2,  108.4,  107.9,  104.0,  93.7,  78.0,  58.8,  36.6,  14.4,  -7.7,  -29.5,  -28.0,  -37.7,  -41.4,  -40.4,  -37.3,  -39.5,  -44.1,  -46.5,  -45.3,  -37.9,  -24.2,  -12.7,  -1.7,  9.2,  19.7,  21.3,  22.7,  19.9,  17.0,  -18.2,  -23.7,  -24.5,  -19.6,  -16.8,  -15.8,  -22.9,  -29.0,  -29.4,  -25.5,  -22.1,  -21.5,  50.9,  39.2,  34.3,  35.3,  33.1,  36.9,  45.8,  55.2,  59.0,  60.4,  60.6,  58.0,  49.7,  41.0,  40.7,  39.7,  45.8,  49.8,  51.4,  51.4,  405.4,  408.3,  409.5,  407.8,  402.7,  396.3,  388.1,  374.9,  369.2,  373.7,  385.0,  394.8,  399.3,  397.9,  395.9,  394.2,  395.0,  369.6,  363.7,  358.1,  354.2,  351.7,  353.7,  359.4,  364.0,  369.4,  375.2,  349.9,  342.6,  335.5,  328.7,  344.6,  340.6,  338.1,  339.9,  343.0,  362.9,  360.4,  359.6,  358.8,  358.5,  359.6,  363.4,  363.6,  365.1,  368.2,  364.0,  362.3,  357.9,  344.9,  340.3,  339.5,  340.3,  347.3,  358.5,  348.5,  342.9,  342.2,  343.1,  346.9,  355.9,  342.4,  341.2,  342.6,  355.7,  344.8,  343.6,  344.8,  2.414,  0.051,  -0.003,  -0.099,  634.716,  403.750,  -23.935,  20.243,  -3.114,  18.642,  -18.871,  -8.827,  4.743,  -2.256,  8.884,  -16.921,  -7.736,  6.298,  0.920,  0.801,  8.998,  -2.771,  1.024,  -3.046,  -0.114,  -1.071,  -2.789,  1.896,  -0.516,  -0.883,  0.330,  3.064,  0.206,  -0.973,  0.141,  -0.710,  -0.668,  -0.040,  -0.393,  -0.090, 0.10, 0.00, 0.19, 0.00, 0.13, 0.36, 0.01, 1.73, 0.40, 0.14, 0.00, 0.15, 0.00, 0.00, 2.20, 2.34, 0.01, 0.00, 0.00, 0.00, 1.00, 0.00, 0.00, 0.00, 1.00, 0.00, 0.00, 0.00, 0.00, 0.00, 0.00, 1.00, 1.00, 0.00, 0.00
75,  0,  2.469,  0.98,  1,  0.115355,  0.034812,  -0.992714,  -0.076931,  0.096527,  -0.992353,  0.019,  0.066,  533.7,  538.7,  550.6,  562.6,  567.5,  563.7,  550.6,  538.7,  522.8,  528.0,  536.2,  547.9,  560.9,  571.4,  579.3,  570.3,  558.8,  547.2,  537.1,  529.0,  545.0,  551.4,  557.8,  560.4,  557.8,  551.4,  545.0,  542.4,  678.3,  680.8,  691.2,  703.2,  709.8,  707.3,  696.9,  684.1,  669.9,  675.9,  684.8,  696.9,  708.4,  716.8,  722.7,  717.7,  710.7,  701.4,  690.2,  679.1,  688.6,  695.1,  700.6,  702.0,  698.4,  691.9,  686.4,  685.0,  307.2,  294.4,  288.3,  292.6,  304.7,  318.5,  323.5,  319.3,  315.4,  307.6,  302.0,  298.3,  299.1,  303.7,  311.7,  317.0,  320.0,  322.0,  321.8,  319.8,  313.7,  316.0,  312.7,  305.9,  299.5,  297.2,  300.5,  307.3,  297.4,  285.7,  280.0,  283.5,  294.3,  306.0,  311.8,  309.3,  304.3,  295.6,  289.7,  286.9,  289.0,  293.7,  301.1,  304.3,  305.9,  306.9,  306.9,  306.7,  303.3,  305.2,  302.2,  295.9,  290.1,  288.2,  291.2,  297.5,  -36.5,  -34.9,  -30.7,  -26.4,  -24.6,  -25.9,  -30.4,  -34.6,  -40.8,  -38.6,  -35.5,  -31.3,  -26.8,  -23.3,  -20.6,  -23.6,  -27.4,  -31.4,  -35.1,  -38.2,  -32.5,  -30.3,  -28.0,  -27.2,  -28.2,  -30.4,  -32.7,  -33.5,  13.9,  14.9,  18.8,  23.2,  25.6,  24.6,  20.7,  16.0,  10.8,  13.0,  16.3,  20.7,  25.1,  28.4,  30.8,  28.6,  25.8,  22.3,  18.1,  14.1,  17.7,  20.1,  22.2,  22.7,  21.5,  19.1,  17.0,  16.4,  -18.1,  -22.6,  -24.6,  -23.0,  -18.8,  -14.1,  -12.4,  -13.9,  -15.5,  -18.1,  -19.8,  -21.0,  -20.7,  -19.1,  -16.4,  -14.6,  -13.5,  -12.9,  -13.0,  -13.8,  -15.9,  -15.0,  -16.1,  -18.5,  -20.7,  -21.6,  -20.5,  -18.1,  -22.7,  -27.1,  -29.4,  -28.1,  -24.1,  -19.7,  -17.5,  -18.4,  -20.2,  -23.4,  -25.5,  -26.6,  -26.0,  -24.5,  -21.9,  -20.5,  -19.7,  -19.2,  -19.2,  -19.3,  -20.7,  -20.0,  -21.2,  -23.5,  -25.7,  -26.4,  -25.2,  -22.8,  300.7,  301.3,  300.4,  298.7,  297.2,  296.7,  297.5,  299.2,  304.5,  302.0,  299.3,  297.4,  296.6,  296.7,  297.0,  296.1,  295.5,  296.2,  298.4,  301.4,  299.8,  298.9,  298.5,  298.8,  299.6,  300.5,  301.0,  300.7,  317.8,  319.5,  321.2,  321.9,  321.2,  319.4,  317.7,  317.1,  317.6,  317.4,  317.6,  318.5,  320.6,  323.3,  325.8,  322.4,  319.4,  317.1,  316.2,  316.6,  318.9,  319.3,  320.2,  321.2,  321.6,  321.2,  320.3,  319.3,  -2.3,  17.2,  353.8,  -0.035,  -0.017,  -0.098,  452.3,  460.9,  474.4,  489.3,  511.0,  539.6,  571.6,  610.9,  654.8,  696.8,  730.5,  757.7,  775.2,  783.8,  787.2,  787.9,  784.5,  479.1,  497.6,  526.5,  556.9,  585.4,  654.9,  684.4,  712.8,  740.5,  759.1,  626.5,  629.7,  633.0,  636.7,  601.8,  619.6,  637.9,  655.5,  670.8,  520.0,  537.2,  560.0,  579.7,  560.2,  537.3,  667.7,  685.7,  707.7,  725.1,  710.4,  688.7,  585.4,  602.8,  625.4,  641.7,  658.9,  681.1,  699.5,  686.0,  666.5,  647.6,  630.0,  606.2,  595.7,  626.9,  642.9,  660.7,  688.9,  663.5,  645.5,  628.9,  321.1,  372.3,  423.1,  471.4,  516.9,  556.4,  589.7,  612.3,  615.0,  602.8,  572.1,  532.1,  487.9,  439.7,  391.2,  342.3,  293.9,  292.9,  268.7,  258.5,  259.7,  266.8,  262.0,  252.4,  247.9,  252.5,  271.4,  299.1,  327.1,  354.8,  383.6,  409.5,  414.3,  418.1,  410.8,  402.8,  315.6,  301.8,  299.9,  311.6,  318.4,  321.0,  304.5,  289.8,  289.2,  299.1,  306.5,  307.7,  484.4,  459.2,  447.8,  450.8,  444.8,  452.7,  471.7,  498.0,  510.0,  514.0,  514.0,  505.9,  482.1,  464.5,  463.9,  461.0,  472.5,  485.8,  490.4,  490.0,  -87.0,  -83.6,  -77.5,  -70.3,  -59.4,  -45.5,  -30.3,  -12.5,  6.2,  24.2,  39.8,  53.1,  61.7,  65.4,  66.6,  66.6,  65.3,  -67.9,  -59.2,  -46.4,  -33.6,  -21.9,  6.0,  18.2,  30.3,  42.4,  51.0,  -5.4,  -4.0,  -2.7,  -1.2,  -15.0,  -7.9,  -0.8,  6.0,  12.1,  -49.7,  -42.3,  -32.9,  -24.7,  -32.7,  -42.2,  11.5,  19.0,  28.2,  35.8,  29.3,  20.2,  -22.3,  -14.6,  -5.7,  0.7,  7.3,  16.3,  24.3,  18.3,  10.4,  3.0,  -3.9,  -13.4,  -18.0,  -5.1,  1.1,  8.1,  19.9,  9.3,  2.2,  -4.4,  -18.0,  5.7,  29.5,  51.9,  72.2,  88.9,  101.9,  108.0,  107.5,  103.6,  93.3,  77.6,  58.4,  36.3,  14.1,  -8.0,  -29.8,  -28.3,  -37.9,  -41.5,  -40.6,  -37.4,  -39.6,  -44.1,  -46.6,  -45.4,  -38.0,  -24.3,  -12.9,  -2.0,  8.9,  19.5,  21.1,  22.4,  19.7,  16.8,  -18.4,  -24.0,  -24.7,  -19.8,  -17.0,  -16.0,  -23.0,  -29.1,  -29.5,  -25.6,  -22.3,  -21.7,  50.9,  39.1,  34.1,  35.2,  33.0,  36.8,  45.7,  54.9,  58.7,  60.2,  60.3,  57.8,  49.6,  40.9,  40.5,  39.5,  45.7,  49.5,  51.1,  51.2,  405.6,  408.4,  409.6,  407.9,  402.8,  396.3,  387.9,  374.5,  368.8,  373.4,  384.9,  394.7,  399.3,  397.9,  395.9,  394.2,  395.0,  369.4,  363.5,  357.8,  353.9,  351.3,  353.3,  359.1,  363.7,  369.2,  375.1,  349.6,  342.3,  335.2,  328.3,  344.4,  340.4,  337.9,  339.6,  342.7,  362.7,  360.2,  359.4,  358.6,  358.4,  359.4,  363.2,  363.3,  364.8,  368.0,  363.8,  362.1,  357.6,  344.6,  340.1,  339.2,  340.0,  347.1,  358.2,  348.2,  342.5,  341.8,  342.8,  346.6,  355.6,  342.2,  340.8,  342.3,  355.4,  344.4,  343.3,  344.5,  2.415,  0.051,  -0.002,  -0.098,  634.423,  403.264,  -22.919,  20.545,  -3.201,  18.658,  -19.008,  -8.778,  4.771,  -2.484,  8.950,  -16.391,  -7.463,  6.061,  0.702,  0.865,  8.808,  -2.535,  1.245,  -3.109,  -0.139,  -1.460,  -2.815,  2.039,  -0.694,  -1.132,  0.273,  2.971,  0.291,  -1.032,  0.161,  -0.770,  -0.628,  -0.039,  -0.378,  -0.064, 0.09, 0.00, 0.16, 0.00, 0.08, 0.27, 0.00, 1.74, 0.35, 0.13, 0.00, 0.15, 0.00, 0.00, 2.19, 2.40, 0.01, 0.00, 0.00, 0.00, 1.00, 0.00, 0.00, 0.00, 1.00, 0.00, 0.00, 0.00, 0.00, 0.00, 0.00, 1.00, 1.00, 0.00, 0.00
76,  0,  2.503,  0.98,  1,  0.113098,  0.040561,  -0.992756,  -0.086380,  0.094986,  -0.991724,  0.013,  0.068,  533.5,  538.3,  550.1,  562.0,  567.0,  563.3,  550.4,  538.5,  522.3,  527.5,  535.7,  547.5,  560.6,  571.0,  578.9,  570.2,  558.8,  547.1,  536.9,  528.7,  544.8,  551.1,  557.3,  559.8,  557.1,  550.9,  544.7,  542.2,  677.7,  680.2,  690.6,  702.7,  709.5,  706.9,  696.6,  683.6,  669.7,  675.7,  684.7,  696.9,  708.4,  716.6,  722.3,  717.3,  710.4,  701.3,  690.1,  678.9,  688.2,  694.6,  700.1,  701.4,  697.8,  691.4,  685.9,  684.6,  306.7,  294.1,  288.1,  292.4,  304.4,  318.1,  323.0,  318.7,  315.1,  307.4,  301.8,  298.1,  298.7,  303.2,  310.8,  316.0,  318.9,  321.0,  320.9,  319.2,  313.1,  315.3,  312.2,  305.5,  299.2,  297.0,  300.1,  306.8,  297.1,  285.1,  279.1,  282.7,  293.8,  305.8,  311.8,  309.3,  304.2,  295.3,  289.3,  286.6,  288.7,  293.2,  300.3,  303.7,  305.6,  306.8,  306.8,  306.5,  302.9,  304.8,  301.7,  295.3,  289.5,  287.6,  290.7,  297.1,  -37.0,  -35.4,  -31.2,  -26.9,  -25.1,  -26.3,  -30.8,  -35.1,  -41.4,  -39.3,  -36.1,  -31.8,  -27.3,  -23.7,  -21.0,  -23.9,  -27.8,  -31.8,  -35.6,  -38.8,  -33.0,  -30.7,  -28.6,  -27.7,  -28.7,  -31.0,  -33.1,  -34.0,  13.6,  14.6,  18.4,  22.9,  25.3,  24.3,  20.4,  15.7,  10.7,  12.9,  16.1,  20.5,  24.9,  28.1,  30.4,  28.3,  25.5,  22.0,  17.9,  14.0,  17.4,  19.8,  21.8,  22.4,  21.1,  18.7,  16.7,  16.2,  -18.5,  -22.9,  -24.9,  -23.3,  -19.1,  -14.4,  -12.7,  -14.3,  -15.8,  -18.4,  -20.1,  -21.3,  -21.0,  -19.5,  -16.9,  -15.1,  -14.0,  -13.4,  -13.5,  -14.2,  -16.3,  -15.4,  -16.5,  -18.8,  -21.0,  -21.9,  -20.8,  -18.5,  -22.6,  -27.1,  -29.5,  -28.2,  -24.1,  -19.6,  -17.4,  -18.2,  -20.1,  -23.3,  -25.5,  -26.5,  -25.9,  -24.5,  -22.1,  -20.6,  -19.7,  -19.1,  -19.1,  -19.2,  -20.7,  -20.0,  -21.2,  -23.6,  -25.7,  -26.4,  -25.2,  -22.8,  304.0,  304.5,  303.7,  302.1,  300.7,  300.4,  301.0,  302.6,  308.0,  305.4,  302.8,  300.8,  300.2,  300.3,  300.8,  299.8,  299.2,  299.8,  301.9,  304.8,  303.3,  302.4,  302.0,  302.3,  303.0,  303.9,  304.3,  304.0,  315.3,  316.9,  318.6,  319.4,  318.9,  317.3,  315.6,  314.8,  314.9,  314.8,  315.0,  316.0,  318.1,  320.9,  323.4,  320.2,  317.1,  314.7,  313.8,  314.1,  316.6,  317.0,  317.9,  318.8,  319.1,  318.7,  317.8,  316.9,  -2.5,  17.1,  353.7,  -0.035,  -0.016,  -0.097,  452.1,  460.8,  474.4,  489.3,  510.9,  539.3,  571.2,  610.3,  654.2,  696.3,  730.2,  757.4,  775.0,  783.6,  787.0,  787.8,  784.5,  478.7,  497.0,  526.0,  556.5,  585.1,  654.5,  684.1,  712.6,  740.5,  759.0,  626.1,  629.3,  632.6,  636.3,  601.3,  619.1,  637.5,  655.2,  670.5,  519.7,  536.8,  559.6,  579.3,  559.9,  537.1,  667.5,  685.4,  707.5,  724.9,  710.1,  688.5,  585.1,  602.3,  624.7,  641.2,  658.7,  680.9,  699.1,  685.6,  666.2,  646.9,  629.1,  605.6,  595.4,  626.2,  642.3,  660.5,  688.6,  663.2,  644.9,  628.1,  320.9,  372.2,  422.9,  471.0,  516.3,  555.7,  588.9,  611.3,  614.1,  602.2,  572.1,  532.3,  488.2,  440.0,  391.2,  342.0,  293.4,  292.9,  268.5,  258.2,  259.4,  266.6,  261.8,  252.1,  247.6,  252.2,  271.3,  298.8,  327.0,  354.8,  383.9,  409.4,  414.2,  418.1,  410.8,  402.8,  315.1,  301.3,  299.4,  311.0,  317.8,  320.4,  304.1,  289.5,  288.9,  298.8,  306.1,  307.3,  484.4,  459.2,  447.9,  450.9,  445.0,  452.9,  472.0,  497.6,  509.3,  513.2,  513.2,  505.2,  482.1,  464.5,  464.0,  461.1,  472.7,  485.2,  489.7,  489.3,  -87.2,  -83.7,  -77.6,  -70.2,  -59.4,  -45.6,  -30.5,  -12.7,  6.0,  24.0,  39.7,  53.0,  61.6,  65.4,  66.5,  66.6,  65.2,  -68.1,  -59.4,  -46.6,  -33.7,  -22.0,  5.9,  18.1,  30.2,  42.3,  51.0,  -5.6,  -4.2,  -2.8,  -1.4,  -15.2,  -8.1,  -1.0,  5.9,  11.9,  -49.9,  -42.5,  -33.0,  -24.9,  -32.8,  -42.3,  11.4,  18.9,  28.1,  35.7,  29.1,  20.1,  -22.4,  -14.8,  -6.0,  0.5,  7.3,  16.2,  24.2,  18.1,  10.2,  2.7,  -4.3,  -13.6,  -18.1,  -5.4,  0.9,  8.0,  19.7,  9.1,  1.9,  -4.7,  -18.1,  5.7,  29.5,  51.8,  72.0,  88.6,  101.3,  107.4,  107.0,  103.3,  93.3,  77.8,  58.6,  36.4,  14.1,  -8.1,  -30.0,  -28.4,  -38.0,  -41.6,  -40.7,  -37.5,  -39.6,  -44.2,  -46.7,  -45.4,  -38.0,  -24.5,  -12.9,  -2.0,  9.0,  19.4,  21.1,  22.4,  19.7,  16.7,  -18.6,  -24.2,  -24.9,  -20.1,  -17.3,  -16.3,  -23.2,  -29.2,  -29.6,  -25.7,  -22.4,  -21.8,  50.8,  39.1,  34.2,  35.2,  33.0,  36.8,  45.8,  54.7,  58.4,  59.8,  60.0,  57.5,  49.6,  40.9,  40.5,  39.5,  45.7,  49.3,  50.9,  50.9,  405.9,  408.5,  409.7,  408.0,  402.7,  396.0,  387.4,  373.9,  368.3,  373.0,  384.8,  394.9,  399.5,  398.2,  396.0,  394.1,  394.8,  369.7,  363.6,  357.9,  353.8,  351.1,  353.0,  358.7,  363.3,  368.8,  374.8,  349.4,  342.2,  335.1,  328.3,  344.5,  340.4,  337.8,  339.5,  342.6,  362.8,  360.3,  359.5,  358.7,  358.5,  359.5,  362.9,  363.1,  364.5,  367.6,  363.6,  361.9,  357.4,  344.5,  340.1,  339.2,  339.9,  346.9,  357.8,  347.9,  342.3,  341.6,  342.7,  346.5,  355.3,  342.1,  340.8,  342.2,  355.1,  344.2,  343.1,  344.4,  2.416,  0.050,  -0.000,  -0.097,  634.079,  403.005,  -22.267,  19.918,  -3.889,  18.516,  -18.821,  -7.795,  4.814,  -2.294,  9.082,  -16.326,  -7.502,  5.138,  1.037,  1.152,  8.606,  -2.414,  1.554,  -3.202,  -0.294,  -1.755,  -2.811,  2.136,  -0.610,  -1.356,  0.379,  2.875,  0.216,  -0.769,  0.081,  -0.773,  -0.476,  -0.035,  -0.326,  -0.030, 0.03, 0.00, 0.07, 0.00, 0.04, 0.19, 0.00, 1.74, 0.33, 0.13, 0.00, 0.19, 0.00, 0.00, 2.12, 2.37, 0.00, 0.00, 0.00, 0.00, 1.00, 0.00, 0.00, 0.00, 1.00, 0.00, 0.00, 0.00, 0.00, 0.00, 0.00, 1.00, 1.00, 0.00, 0.00
77,  0,  2.536,  0.98,  1,  0.106672,  0.041005,  -0.993448,  -0.080208,  0.092703,  -0.992458,  0.013,  0.067,  533.3,  538.1,  549.8,  561.7,  566.7,  563.1,  550.2,  538.4,  522.3,  527.4,  535.5,  547.4,  560.5,  571.0,  578.9,  570.1,  558.7,  547.0,  536.8,  528.7,  544.6,  550.9,  557.1,  559.6,  556.9,  550.6,  544.5,  542.0,  677.6,  680.3,  690.8,  702.9,  709.6,  706.9,  696.5,  683.5,  669.5,  675.5,  684.4,  696.6,  708.1,  716.5,  722.3,  717.3,  710.2,  700.9,  689.7,  678.6,  688.2,  694.6,  700.1,  701.5,  698.0,  691.6,  686.1,  684.6,  306.9,  294.1,  288.2,  292.6,  304.7,  318.5,  323.4,  319.1,  315.1,  307.3,  301.8,  298.0,  298.7,  303.2,  311.0,  316.4,  319.5,  321.7,  321.5,  319.5,  313.3,  315.6,  312.4,  305.7,  299.3,  297.1,  300.2,  306.9,  297.0,  285.1,  279.2,  282.8,  293.8,  305.8,  311.6,  309.1,  304.2,  295.3,  289.3,  286.5,  288.6,  293.1,  300.3,  303.7,  305.6,  306.7,  306.8,  306.5,  302.8,  304.7,  301.7,  295.4,  289.6,  287.6,  290.7,  297.0,  -36.9,  -35.3,  -31.1,  -26.9,  -25.0,  -26.3,  -30.7,  -35.0,  -41.2,  -39.1,  -36.0,  -31.7,  -27.1,  -23.6,  -20.9,  -23.8,  -27.7,  -31.7,  -35.4,  -38.6,  -32.9,  -30.7,  -28.5,  -27.6,  -28.6,  -30.9,  -33.1,  -33.9,  13.6,  14.7,  18.6,  23.1,  25.5,  24.4,  20.5,  15.7,  10.7,  12.8,  16.1,  20.6,  24.9,  28.2,  30.6,  28.4,  25.6,  22.0,  17.9,  14.0,  17.5,  19.9,  22.0,  22.5,  21.3,  18.9,  16.8,  16.3,  -18.4,  -22.8,  -24.8,  -23.1,  -18.9,  -14.2,  -12.5,  -14.1,  -15.7,  -18.3,  -20.0,  -21.2,  -20.9,  -19.4,  -16.8,  -14.9,  -13.8,  -13.1,  -13.2,  -14.0,  -16.1,  -15.3,  -16.3,  -18.7,  -20.9,  -21.7,  -20.7,  -18.3,  -22.8,  -27.3,  -29.6,  -28.3,  -24.2,  -19.8,  -17.5,  -18.4,  -20.2,  -23.4,  -25.6,  -26.7,  -26.1,  -24.6,  -22.1,  -20.7,  -19.8,  -19.3,  -19.2,  -19.3,  -20.8,  -20.1,  -21.3,  -23.7,  -25.8,  -26.5,  -25.3,  -23.0,  302.6,  302.9,  302.0,  300.4,  299.1,  298.9,  299.7,  301.3,  306.5,  303.9,  301.2,  299.2,  298.5,  298.7,  299.2,  298.3,  297.7,  298.4,  300.5,  303.4,  301.8,  301.0,  300.5,  300.7,  301.4,  302.2,  302.7,  302.5,  317.2,  318.8,  320.5,  321.2,  320.5,  318.9,  317.2,  316.6,  316.9,  316.7,  316.8,  317.7,  319.7,  322.4,  324.9,  321.7,  318.7,  316.4,  315.6,  316.0,  318.4,  318.7,  319.6,  320.5,  320.9,  320.5,  319.6,  318.7,  -2.5,  17.1,  353.9,  -0.034,  -0.014,  -0.098,  451.9,  460.7,  474.4,  489.6,  511.3,  539.7,  571.3,  610.2,  654.1,  696.3,  730.4,  757.8,  775.4,  783.9,  787.1,  787.8,  784.4,  478.7,  496.9,  525.7,  556.0,  584.4,  654.4,  683.9,  712.4,  740.2,  758.8,  625.8,  629.0,  632.2,  635.9,  600.9,  618.8,  637.3,  655.1,  670.5,  519.6,  536.8,  559.6,  579.3,  559.8,  537.0,  667.3,  685.2,  707.3,  724.8,  710.0,  688.3,  584.6,  602.1,  624.6,  641.1,  658.5,  680.9,  699.7,  685.7,  666.0,  646.8,  629.1,  605.4,  594.8,  626.1,  642.2,  660.3,  689.1,  663.0,  644.8,  628.0,  320.8,  372.2,  423.0,  471.2,  516.5,  555.7,  588.6,  610.8,  613.5,  601.7,  571.9,  532.3,  488.1,  439.8,  391.0,  341.8,  293.2,  293.0,  268.6,  258.3,  259.5,  266.5,  261.6,  251.9,  247.4,  252.0,  271.1,  298.7,  327.0,  354.9,  384.0,  409.5,  414.3,  418.2,  410.8,  402.7,  315.3,  301.4,  299.5,  311.2,  318.1,  320.7,  304.2,  289.5,  288.8,  298.7,  306.1,  307.3,  484.4,  459.4,  448.1,  451.1,  445.1,  453.0,  471.7,  497.2,  508.7,  512.6,  512.6,  504.8,  482.1,  464.6,  464.0,  461.0,  472.4,  485.0,  489.5,  489.1,  -87.4,  -83.8,  -77.6,  -70.1,  -59.2,  -45.4,  -30.5,  -12.7,  5.9,  24.0,  39.8,  53.1,  61.8,  65.5,  66.6,  66.5,  65.2,  -68.2,  -59.5,  -46.8,  -34.0,  -22.3,  5.8,  18.0,  30.1,  42.2,  50.9,  -5.7,  -4.3,  -3.0,  -1.5,  -15.4,  -8.2,  -1.1,  5.8,  12.0,  -49.9,  -42.5,  -33.0,  -24.9,  -32.9,  -42.3,  11.3,  18.7,  28.0,  35.6,  29.1,  20.0,  -22.7,  -14.9,  -6.0,  0.4,  7.2,  16.2,  24.5,  18.2,  10.1,  2.6,  -4.3,  -13.7,  -18.4,  -5.4,  0.9,  7.9,  20.0,  9.1,  1.9,  -4.7,  -18.2,  5.7,  29.5,  51.9,  72.0,  88.6,  101.3,  107.2,  106.7,  103.0,  93.1,  77.7,  58.5,  36.3,  14.0,  -8.2,  -30.2,  -28.3,  -38.0,  -41.6,  -40.7,  -37.5,  -39.7,  -44.3,  -46.8,  -45.5,  -38.1,  -24.5,  -12.9,  -2.0,  9.0,  19.5,  21.1,  22.5,  19.7,  16.7,  -18.5,  -24.1,  -24.9,  -20.0,  -17.2,  -16.2,  -23.1,  -29.3,  -29.7,  -25.7,  -22.4,  -21.8,  50.9,  39.2,  34.3,  35.3,  33.1,  36.9,  45.8,  54.6,  58.1,  59.5,  59.7,  57.4,  49.7,  40.9,  40.5,  39.5,  45.7,  49.2,  50.8,  50.8,  406.5,  408.9,  409.8,  408.0,  402.8,  396.2,  387.7,  374.1,  368.2,  372.8,  384.7,  394.9,  399.5,  398.1,  395.9,  394.0,  395.0,  369.8,  363.8,  358.0,  354.0,  351.3,  353.1,  358.8,  363.3,  368.8,  374.7,  349.6,  342.3,  335.3,  328.4,  344.6,  340.5,  337.9,  339.6,  342.7,  363.0,  360.4,  359.6,  358.8,  358.6,  359.6,  362.9,  363.1,  364.5,  367.6,  363.5,  361.9,  358.1,  345.0,  340.4,  339.5,  340.2,  347.3,  358.5,  348.0,  342.1,  341.4,  342.6,  346.7,  356.0,  342.3,  340.9,  342.3,  355.7,  344.1,  343.0,  344.4,  2.415,  0.051,  0.002,  -0.099,  633.980,  402.927,  -22.309,  19.867,  -3.557,  17.911,  -18.658,  -7.062,  4.300,  -2.287,  8.663,  -16.046,  -8.087,  5.846,  0.581,  0.825,  8.281,  -2.044,  2.183,  -3.308,  -0.202,  -1.693,  -2.674,  2.204,  -0.553,  -1.468,  0.593,  2.942,  0.187,  -0.802,  0.148,  -0.766,  -0.520,  -0.035,  -0.400,  -0.034, 0.01, 0.00, 0.09, 0.00, 0.02, 0.14, 0.00, 1.72, 0.32, 0.08, 0.00, 0.17, 0.00, 0.00, 2.03, 2.33, 0.00, 0.00, 0.00, 0.00, 1.00, 0.00, 0.00, 0.00, 1.00, 0.00, 0.00, 0.00, 0.00, 0.00, 0.00, 1.00, 1.00, 0.00, 0.00
78,  0,  2.569,  0.98,  1,  0.087861,  0.024777,  -0.995825,  -0.082254,  0.092072,  -0.992349,  0.003,  0.059,  533.2,  537.8,  549.0,  560.3,  565.0,  561.5,  549.2,  537.9,  522.3,  527.1,  535.2,  547.1,  560.2,  570.5,  578.4,  569.6,  558.0,  546.5,  536.4,  528.3,  544.1,  549.9,  555.7,  558.0,  555.6,  549.8,  544.0,  541.7,  677.3,  680.0,  690.6,  702.8,  709.5,  706.7,  696.1,  683.1,  669.4,  675.3,  684.2,  696.4,  707.8,  716.2,  722.1,  717.0,  709.9,  700.7,  689.5,  678.4,  687.9,  694.3,  699.9,  701.3,  697.8,  691.4,  685.8,  684.4,  306.4,  294.1,  288.3,  292.5,  304.1,  317.4,  322.2,  318.0,  315.2,  307.2,  301.5,  297.6,  298.7,  303.4,  310.9,  316.4,  319.3,  321.4,  321.3,  319.5,  312.4,  314.5,  311.5,  305.2,  299.2,  297.1,  300.1,  306.4,  296.8,  284.9,  279.1,  282.8,  293.9,  305.8,  311.6,  309.0,  304.0,  295.0,  288.9,  286.2,  288.3,  292.9,  300.2,  303.7,  305.6,  306.7,  306.8,  306.4,  302.7,  304.7,  301.6,  295.4,  289.6,  287.6,  290.6,  296.9,  -37.4,  -35.8,  -31.8,  -27.7,  -25.9,  -27.1,  -31.5,  -35.6,  -41.8,  -39.7,  -36.5,  -32.2,  -27.6,  -24.0,  -21.3,  -24.3,  -28.2,  -32.3,  -36.0,  -39.2,  -33.5,  -31.4,  -29.3,  -28.5,  -29.4,  -31.5,  -33.6,  -34.4,  13.5,  14.6,  18.6,  23.1,  25.5,  24.3,  20.4,  15.6,  10.6,  12.8,  16.0,  20.5,  24.8,  28.1,  30.5,  28.3,  25.5,  21.9,  17.8,  13.9,  17.4,  19.8,  21.9,  22.5,  21.2,  18.8,  16.8,  16.2,  -18.8,  -23.1,  -25.1,  -23.5,  -19.3,  -14.7,  -13.1,  -14.6,  -15.9,  -18.6,  -20.4,  -21.6,  -21.2,  -19.6,  -17.0,  -15.1,  -14.0,  -13.3,  -13.4,  -14.2,  -16.6,  -15.9,  -16.9,  -19.1,  -21.2,  -22.0,  -21.0,  -18.8,  -22.9,  -27.4,  -29.7,  -28.4,  -24.2,  -19.8,  -17.6,  -18.5,  -20.3,  -23.6,  -25.8,  -26.8,  -26.2,  -24.7,  -22.2,  -20.7,  -19.8,  -19.3,  -19.2,  -19.4,  -20.9,  -20.2,  -21.3,  -23.7,  -25.8,  -26.5,  -25.4,  -23.0,  306.5,  306.8,  305.9,  304.2,  302.8,  302.6,  303.4,  305.0,  310.8,  307.9,  305.1,  302.9,  302.2,  302.4,  303.0,  302.0,  301.4,  302.2,  304.3,  307.3,  305.6,  304.8,  304.3,  304.5,  305.2,  306.1,  306.5,  306.3,  317.4,  319.1,  320.8,  321.4,  320.7,  319.0,  317.3,  316.8,  317.1,  317.0,  317.2,  318.0,  320.0,  322.6,  324.9,  321.8,  318.8,  316.6,  315.8,  316.3,  318.6,  318.9,  319.8,  320.7,  321.1,  320.8,  319.9,  319.0,  -2.7,  16.9,  354.5,  -0.038,  -0.013,  -0.098,  451.7,  460.5,  474.3,  489.4,  511.2,  539.7,  571.1,  609.8,  653.5,  695.7,  729.9,  757.4,  775.1,  783.8,  787.0,  787.7,  784.4,  478.3,  496.6,  525.4,  555.7,  584.0,  654.2,  683.7,  712.2,  739.9,  758.6,  625.5,  628.6,  631.9,  635.5,  600.7,  618.5,  636.9,  654.7,  670.1,  519.3,  536.4,  559.3,  578.8,  559.4,  536.6,  667.1,  684.9,  707.1,  724.5,  709.8,  688.1,  584.2,  601.6,  623.9,  640.7,  658.5,  680.9,  699.5,  685.5,  665.7,  646.2,  628.1,  604.8,  594.4,  625.4,  641.8,  660.3,  688.9,  662.9,  644.2,  627.1,  320.9,  372.3,  423.1,  471.2,  516.3,  555.2,  587.8,  609.8,  612.5,  601.0,  571.4,  532.0,  488.0,  439.7,  390.8,  341.6,  292.9,  292.6,  268.4,  258.1,  259.3,  266.3,  261.3,  251.6,  247.0,  251.6,  270.5,  298.5,  326.8,  354.7,  383.8,  409.6,  414.4,  418.2,  410.9,  402.9,  315.2,  301.2,  299.3,  311.1,  318.0,  320.6,  304.1,  289.3,  288.6,  298.6,  306.0,  307.2,  484.2,  459.3,  448.2,  451.2,  445.2,  453.0,  471.7,  496.2,  507.4,  511.4,  511.3,  503.7,  482.0,  464.8,  464.3,  461.2,  472.4,  483.8,  488.2,  487.8,  -87.6,  -84.0,  -77.8,  -70.3,  -59.4,  -45.4,  -30.5,  -12.9,  5.7,  23.7,  39.5,  53.0,  61.7,  65.5,  66.6,  66.6,  65.3,  -68.5,  -59.8,  -47.0,  -34.2,  -22.5,  5.8,  18.0,  30.0,  42.2,  50.9,  -5.8,  -4.5,  -3.1,  -1.7,  -15.5,  -8.4,  -1.2,  5.7,  11.8,  -50.2,  -42.8,  -33.3,  -25.1,  -33.1,  -42.6,  11.3,  18.7,  28.0,  35.6,  29.0,  19.9,  -22.9,  -15.2,  -6.3,  0.3,  7.2,  16.3,  24.4,  18.1,  10.1,  2.4,  -4.7,  -14.0,  -18.6,  -5.7,  0.7,  8.0,  19.9,  9.0,  1.6,  -5.1,  -18.2,  5.8,  29.6,  52.0,  72.0,  88.4,  101.0,  106.8,  106.3,  102.7,  92.9,  77.7,  58.5,  36.3,  14.0,  -8.3,  -30.3,  -28.6,  -38.2,  -41.8,  -40.8,  -37.7,  -39.9,  -44.6,  -47.0,  -45.8,  -38.4,  -24.6,  -13.0,  -2.0,  9.0,  19.6,  21.2,  22.5,  19.8,  16.8,  -18.6,  -24.3,  -25.0,  -20.1,  -17.3,  -16.2,  -23.2,  -29.4,  -29.8,  -25.8,  -22.5,  -21.9,  50.9,  39.2,  34.4,  35.5,  33.2,  37.0,  45.8,  54.3,  57.7,  59.2,  59.3,  57.0,  49.7,  41.1,  40.7,  39.7,  45.7,  48.8,  50.4,  50.4,  407.2,  409.6,  410.6,  408.6,  403.1,  396.3,  387.7,  374.2,  368.3,  372.9,  384.8,  395.1,  399.7,  398.4,  396.3,  394.4,  395.4,  370.7,  364.7,  359.0,  355.0,  352.3,  354.1,  359.7,  364.1,  369.4,  375.2,  350.5,  343.3,  336.3,  329.5,  345.7,  341.5,  338.9,  340.5,  343.6,  363.7,  361.2,  360.4,  359.6,  359.3,  360.4,  363.7,  363.8,  365.2,  368.3,  364.2,  362.6,  358.5,  345.7,  341.3,  340.3,  341.0,  348.0,  358.8,  348.5,  342.7,  342.0,  343.2,  347.2,  356.3,  343.1,  341.7,  343.1,  356.0,  344.7,  343.6,  345.0,  2.411,  0.047,  0.004,  -0.099,  633.665,  402.639,  -23.133,  19.569,  -4.873,  17.017,  -18.329,  -6.407,  3.906,  -2.340,  8.702,  -15.887,  -8.263,  5.745,  0.663,  1.421,  8.174,  -1.982,  1.820,  -3.378,  -0.037,  -2.239,  -2.898,  2.185,  -0.597,  -1.397,  0.805,  2.872,  0.059,  -0.731,  0.225,  -0.827,  -0.527,  -0.086,  -0.389,  -0.021, 0.01, 0.00, 0.08, 0.00, 0.02, 0.08, 0.00, 1.68, 0.31, 0.07, 0.00, 0.17, 0.00, 0.00, 1.95, 2.19, 0.00, 0.00, 0.00, 0.00, 1.00, 0.00, 0.00, 0.00, 1.00, 0.00, 0.00, 0.00, 0.00, 0.00, 0.00, 1.00, 1.00, 0.00, 0.00
79,  0,  2.603,  0.98,  1,  0.091451,  0.026020,  -0.995470,  -0.061412,  0.090226,  -0.994026,  0.015,  0.058,  533.0,  537.6,  548.9,  560.2,  565.1,  561.6,  549.2,  537.8,  522.2,  526.8,  534.9,  546.8,  560.1,  570.3,  578.1,  569.3,  557.8,  546.3,  536.4,  528.3,  544.1,  549.9,  555.7,  558.0,  555.6,  549.7,  543.9,  541.6,  678.3,  681.1,  691.3,  703.0,  709.4,  706.7,  696.4,  683.9,  669.3,  675.3,  684.1,  696.1,  707.6,  716.1,  722.1,  717.0,  709.7,  700.3,  689.3,  678.3,  688.4,  694.8,  700.3,  701.8,  698.3,  692.0,  686.4,  684.9,  306.0,  293.5,  287.9,  292.3,  304.2,  317.5,  322.3,  317.9,  314.6,  306.7,  301.2,  297.3,  298.3,  302.9,  310.6,  316.1,  319.3,  321.4,  321.2,  319.1,  312.1,  314.3,  311.4,  305.0,  298.9,  296.6,  299.6,  306.0,  296.3,  284.9,  279.5,  283.2,  293.8,  305.1,  310.5,  308.0,  303.5,  294.7,  288.6,  285.7,  287.9,  292.8,  300.4,  303.6,  305.2,  306.1,  306.1,  305.9,  302.3,  304.3,  301.3,  295.2,  289.4,  287.4,  290.3,  296.5,  -37.4,  -35.8,  -31.8,  -27.7,  -25.9,  -27.1,  -31.5,  -35.6,  -41.8,  -39.8,  -36.6,  -32.2,  -27.6,  -24.0,  -21.4,  -24.4,  -28.3,  -32.4,  -36.0,  -39.2,  -33.5,  -31.4,  -29.3,  -28.5,  -29.4,  -31.5,  -33.6,  -34.4,  14.1,  15.2,  19.1,  23.5,  25.8,  24.6,  20.7,  16.1,  10.8,  13.0,  16.2,  20.7,  25.1,  28.5,  30.9,  28.7,  25.8,  22.1,  18.0,  14.0,  17.8,  20.2,  22.3,  23.0,  21.7,  19.3,  17.2,  16.6,  -18.9,  -23.3,  -25.2,  -23.5,  -19.3,  -14.7,  -13.1,  -14.7,  -16.1,  -18.7,  -20.5,  -21.7,  -21.3,  -19.7,  -17.1,  -15.1,  -14.0,  -13.3,  -13.5,  -14.3,  -16.7,  -15.9,  -16.9,  -19.1,  -21.3,  -22.1,  -21.1,  -18.9,  -23.4,  -27.8,  -29.9,  -28.6,  -24.6,  -20.3,  -18.2,  -19.1,  -20.8,  -24.0,  -26.3,  -27.4,  -26.7,  -25.1,  -22.5,  -21.0,  -20.2,  -19.8,  -19.7,  -19.8,  -21.3,  -20.6,  -21.7,  -24.1,  -26.3,  -27.0,  -25.8,  -23.5,  306.1,  306.2,  305.2,  303.6,  302.5,  302.5,  303.4,  305.0,  310.5,  307.5,  304.7,  302.4,  301.7,  302.0,  302.7,  301.8,  301.3,  302.1,  304.3,  307.2,  305.4,  304.6,  304.1,  304.2,  304.8,  305.5,  306.1,  306.0,  321.8,  323.5,  325.2,  325.8,  324.9,  323.2,  321.6,  321.1,  321.8,  321.6,  321.6,  322.5,  324.5,  327.1,  329.6,  326.1,  323.1,  320.9,  320.1,  320.7,  322.8,  323.1,  324.0,  325.0,  325.5,  325.1,  324.2,  323.3,  -2.8,  16.8,  354.9,  -0.041,  -0.013,  -0.097,  451.8,  460.6,  474.2,  489.1,  510.6,  539.0,  570.5,  609.4,  653.1,  695.3,  729.6,  757.1,  775.0,  783.7,  787.0,  787.7,  784.4,  478.2,  496.3,  525.2,  555.6,  584.2,  653.7,  683.3,  712.0,  739.9,  758.6,  625.3,  628.4,  631.7,  635.3,  600.4,  618.3,  636.7,  654.5,  670.0,  519.2,  536.2,  559.1,  578.6,  559.2,  536.4,  667.1,  684.8,  706.9,  724.3,  709.6,  688.0,  583.7,  601.3,  623.5,  640.5,  658.4,  680.8,  699.5,  685.3,  665.5,  645.7,  627.5,  604.3,  593.9,  624.9,  641.5,  660.2,  688.9,  662.6,  643.8,  626.5,  321.3,  372.4,  422.9,  470.8,  515.6,  554.3,  586.8,  608.7,  611.3,  599.9,  570.5,  531.6,  487.8,  439.7,  390.9,  341.7,  292.9,  292.8,  268.3,  257.8,  258.9,  265.8,  260.9,  251.1,  246.6,  251.3,  270.5,  298.1,  326.3,  354.2,  383.2,  409.2,  413.9,  417.8,  410.5,  402.5,  314.9,  300.9,  298.9,  310.8,  317.7,  320.3,  303.7,  288.9,  288.2,  298.3,  305.7,  306.9,  483.7,  459.0,  448.0,  451.0,  445.0,  452.8,  471.3,  495.2,  506.2,  510.1,  510.0,  502.6,  481.5,  464.5,  464.1,  461.0,  471.9,  482.7,  487.2,  486.8,  -87.7,  -84.1,  -77.9,  -70.5,  -59.7,  -45.7,  -30.8,  -13.1,  5.5,  23.5,  39.4,  52.9,  61.7,  65.5,  66.7,  66.7,  65.4,  -68.7,  -60.0,  -47.2,  -34.3,  -22.5,  5.6,  17.8,  30.0,  42.2,  50.9,  -5.9,  -4.6,  -3.2,  -1.8,  -15.7,  -8.5,  -1.3,  5.6,  11.8,  -50.3,  -42.9,  -33.4,  -25.3,  -33.2,  -42.7,  11.3,  18.6,  28.0,  35.5,  29.0,  19.9,  -23.1,  -15.3,  -6.5,  0.2,  7.2,  16.3,  24.4,  18.1,  10.0,  2.2,  -4.9,  -14.2,  -18.8,  -5.9,  0.6,  7.9,  19.9,  8.9,  1.5,  -5.3,  -18.0,  5.8,  29.5,  51.8,  71.7,  88.0,  100.5,  106.3,  105.7,  102.2,  92.5,  77.5,  58.4,  36.3,  14.0,  -8.3,  -30.4,  -28.5,  -38.3,  -42.0,  -41.1,  -38.0,  -40.2,  -44.9,  -47.3,  -46.0,  -38.4,  -24.8,  -13.2,  -2.2,  8.8,  19.5,  21.1,  22.4,  19.7,  16.7,  -18.8,  -24.4,  -25.2,  -20.3,  -17.4,  -16.4,  -23.4,  -29.6,  -30.0,  -26.0,  -22.6,  -22.0,  50.7,  39.2,  34.4,  35.4,  33.2,  36.9,  45.7,  53.9,  57.3,  58.7,  58.9,  56.6,  49.5,  41.0,  40.7,  39.6,  45.6,  48.4,  50.0,  50.0,  407.7,  410.0,  410.9,  409.0,  403.3,  396.4,  387.6,  373.9,  368.0,  372.6,  384.6,  395.0,  399.9,  398.8,  396.9,  395.1,  396.2,  371.5,  365.5,  359.7,  355.6,  352.9,  354.8,  360.3,  364.7,  370.0,  375.8,  351.0,  343.8,  336.8,  329.9,  346.1,  342.0,  339.3,  340.9,  344.0,  364.3,  361.8,  361.0,  360.2,  359.9,  360.9,  364.3,  364.4,  365.7,  368.8,  364.7,  363.1,  358.7,  346.0,  341.7,  340.7,  341.4,  348.4,  359.1,  348.8,  342.9,  342.1,  343.4,  347.5,  356.5,  343.5,  342.1,  343.4,  356.3,  344.9,  343.8,  345.2,  2.408,  0.042,  0.004,  -0.098,  633.430,  402.183,  -22.788,  19.034,  -5.326,  16.491,  -18.019,  -5.891,  3.552,  -2.415,  9.003,  -15.101,  -8.420,  5.648,  0.721,  1.686,  7.971,  -1.800,  1.574,  -3.350,  0.055,  -2.260,  -3.130,  2.147,  -0.618,  -1.470,  0.765,  2.765,  0.038,  -0.814,  0.275,  -0.836,  -0.548,  -0.131,  -0.364,  -0.021, 0.01, 0.00, 0.08, 0.00, 0.00, 0.08, 0.00, 1.58, 0.28, 0.11, 0.04, 0.16, 0.00, 0.00, 1.82, 2.14, 0.00, 0.00, 0.00, 0.00, 1.00, 0.00, 0.00, 0.00, 1.00, 0.00, 0.00, 0.00, 0.00, 0.00, 0.00, 1.00, 1.00, 0.00, 0.00
80,  0,  2.636,  0.98,  1,  0.071955,  0.008419,  -0.997372,  -0.062794,  0.075200,  -0.995189,  0.005,  0.042,  532.9,  537.3,  548.3,  559.4,  564.1,  560.7,  548.6,  537.5,  522.0,  526.7,  535.0,  547.1,  560.3,  570.3,  577.8,  569.3,  557.8,  546.4,  536.4,  528.1,  543.9,  549.3,  554.6,  556.8,  554.5,  549.1,  543.7,  541.6,  678.1,  680.9,  691.2,  703.0,  709.4,  706.7,  696.4,  683.7,  669.0,  675.1,  684.0,  696.1,  707.7,  716.2,  722.0,  716.9,  709.7,  700.3,  689.2,  678.1,  688.3,  694.6,  700.1,  701.6,  698.1,  691.8,  686.3,  684.8,  305.2,  293.2,  287.6,  291.9,  303.3,  316.3,  320.9,  316.7,  314.1,  306.1,  300.6,  296.8,  298.0,  302.7,  310.3,  316.0,  319.1,  321.1,  320.9,  318.9,  310.7,  312.8,  310.1,  304.2,  298.7,  296.7,  299.3,  305.2,  295.9,  284.3,  278.8,  282.5,  293.3,  304.9,  310.5,  307.8,  303.3,  294.4,  288.2,  285.4,  287.7,  292.7,  300.4,  303.8,  305.6,  306.6,  306.4,  305.9,  301.9,  303.9,  300.9,  294.8,  289.0,  286.9,  289.9,  296.1,  -38.2,  -36.6,  -32.6,  -28.5,  -26.7,  -27.9,  -32.3,  -36.3,  -42.6,  -40.5,  -37.2,  -32.7,  -28.0,  -24.5,  -22.0,  -24.9,  -28.8,  -32.9,  -36.7,  -40.0,  -34.2,  -32.2,  -30.2,  -29.5,  -30.4,  -32.3,  -34.3,  -35.0,  13.8,  14.9,  18.8,  23.2,  25.5,  24.3,  20.5,  15.8,  10.5,  12.7,  16.0,  20.4,  24.8,  28.1,  30.5,  28.3,  25.4,  21.8,  17.8,  13.8,  17.6,  19.9,  22.0,  22.6,  21.4,  19.0,  16.9,  16.4,  -19.5,  -23.8,  -25.7,  -24.1,  -20.0,  -15.4,  -13.8,  -15.4,  -16.6,  -19.3,  -21.1,  -22.2,  -21.8,  -20.2,  -17.5,  -15.5,  -14.4,  -13.7,  -13.8,  -14.7,  -17.5,  -16.7,  -17.7,  -19.7,  -21.8,  -22.5,  -21.6,  -19.5,  -23.3,  -27.6,  -29.8,  -28.5,  -24.4,  -20.1,  -18.0,  -18.9,  -20.6,  -23.8,  -26.0,  -27.1,  -26.5,  -24.8,  -22.2,  -20.7,  -19.8,  -19.3,  -19.3,  -19.6,  -21.2,  -20.5,  -21.6,  -23.9,  -26.1,  -26.8,  -25.6,  -23.3,  311.6,  311.9,  311.0,  309.5,  308.3,  308.2,  308.9,  310.4,  315.9,  312.9,  310.1,  308.0,  307.4,  307.9,  308.8,  307.7,  307.0,  307.7,  309.8,  312.7,  310.9,  310.2,  309.8,  309.9,  310.5,  311.2,  311.6,  311.5,  317.6,  319.3,  321.0,  321.7,  320.9,  319.3,  317.6,  317.0,  317.5,  317.3,  317.3,  318.2,  320.3,  322.9,  325.5,  322.1,  319.0,  316.8,  316.0,  316.5,  318.8,  319.1,  320.0,  320.9,  321.3,  321.0,  320.1,  319.2,  -2.8,  16.6,  354.8,  -0.042,  -0.011,  -0.097,  451.9,  460.5,  473.9,  488.7,  510.2,  538.6,  570.1,  609.1,  653.0,  695.4,  729.8,  757.4,  775.2,  783.8,  787.1,  787.7,  784.5,  478.2,  496.5,  525.3,  555.6,  584.0,  653.7,  683.3,  712.0,  739.9,  758.6,  625.1,  628.1,  631.3,  634.8,  600.2,  618.0,  636.3,  654.1,  669.6,  519.1,  536.1,  559.1,  578.6,  559.2,  536.3,  666.9,  684.6,  706.9,  724.3,  709.6,  687.9,  583.1,  601.0,  623.3,  640.3,  658.2,  680.7,  699.7,  685.2,  665.3,  645.5,  627.4,  604.1,  593.4,  624.8,  641.3,  660.1,  689.1,  662.4,  643.6,  626.4,  321.2,  372.1,  422.5,  470.3,  515.0,  553.7,  586.3,  608.2,  610.8,  599.4,  570.1,  531.3,  487.6,  439.6,  390.9,  341.9,  293.3,  291.9,  267.7,  257.4,  258.5,  265.5,  260.8,  251.0,  246.6,  251.4,  270.6,  298.0,  326.1,  354.0,  383.0,  409.2,  413.9,  417.8,  410.5,  402.6,  314.5,  300.4,  298.5,  310.6,  317.4,  320.0,  303.7,  288.7,  288.0,  298.4,  305.8,  306.9,  483.4,  459.0,  448.1,  451.0,  445.0,  452.7,  470.9,  494.6,  505.4,  509.3,  509.3,  502.0,  481.2,  464.6,  464.1,  461.0,  471.5,  482.1,  486.5,  486.1,  -87.8,  -84.2,  -78.0,  -70.7,  -59.8,  -45.9,  -30.9,  -13.2,  5.5,  23.6,  39.5,  53.0,  61.8,  65.5,  66.7,  66.7,  65.4,  -68.7,  -59.9,  -47.1,  -34.3,  -22.6,  5.6,  17.8,  30.0,  42.2,  50.9,  -6.0,  -4.7,  -3.3,  -2.0,  -15.7,  -8.6,  -1.4,  5.5,  11.7,  -50.3,  -43.0,  -33.4,  -25.3,  -33.2,  -42.8,  11.2,  18.6,  28.0,  35.5,  29.0,  19.9,  -23.3,  -15.4,  -6.5,  0.1,  7.1,  16.2,  24.5,  18.0,  9.9,  2.2,  -4.9,  -14.3,  -19.0,  -6.0,  0.5,  7.9,  20.0,  8.8,  1.4,  -5.4,  -18.1,  5.7,  29.4,  51.6,  71.5,  87.8,  100.2,  106.0,  105.4,  101.9,  92.4,  77.3,  58.3,  36.3,  14.0,  -8.2,  -30.2,  -28.9,  -38.6,  -42.2,  -41.2,  -38.1,  -40.2,  -44.9,  -47.3,  -45.9,  -38.4,  -24.9,  -13.3,  -2.3,  8.7,  19.5,  21.1,  22.4,  19.7,  16.8,  -18.9,  -24.7,  -25.4,  -20.4,  -17.5,  -16.5,  -23.4,  -29.7,  -30.1,  -26.0,  -22.6,  -22.0,  50.6,  39.1,  34.4,  35.4,  33.2,  36.9,  45.5,  53.6,  56.9,  58.3,  58.5,  56.4,  49.4,  41.1,  40.7,  39.6,  45.4,  48.1,  49.7,  49.7,  408.1,  410.4,  411.1,  409.1,  403.4,  396.3,  387.5,  373.7,  367.8,  372.5,  384.5,  395.0,  399.8,  398.7,  396.8,  395.0,  396.1,  371.6,  365.5,  359.7,  355.7,  353.0,  354.7,  360.3,  364.7,  369.9,  375.7,  351.1,  343.8,  336.7,  329.8,  346.1,  341.9,  339.3,  341.0,  344.0,  364.4,  361.9,  361.1,  360.4,  360.0,  361.1,  364.3,  364.4,  365.7,  368.8,  364.8,  363.2,  358.8,  346.0,  341.7,  340.7,  341.4,  348.4,  359.2,  348.6,  342.6,  341.8,  343.1,  347.3,  356.6,  343.4,  342.0,  343.4,  356.3,  344.6,  343.6,  345.0,  2.408,  0.041,  0.006,  -0.097,  633.313,  401.936,  -22.222,  19.260,  -5.584,  16.087,  -18.185,  -5.515,  3.171,  -2.069,  8.802,  -14.788,  -8.522,  5.624,  0.246,  1.374,  7.889,  -1.815,  1.682,  -3.269,  0.416,  -2.392,  -3.048,  2.168,  -0.881,  -1.319,  0.777,  2.839,  -0.016,  -0.895,  0.281,  -0.826,  -0.575,  -0.135,  -0.417,  -0.009, 0.00, 0.00, 0.05, 0.00, 0.00, 0.01, 0.00, 1.55, 0.27, 0.14, 0.10, 0.17, 0.05, 0.00, 1.72, 2.08, 0.00, 0.00, 0.00, 0.00, 1.00, 0.00, 0.00, 0.00, 1.00, 0.00, 0.00, 0.00, 0.00, 0.00, 0.00, 1.00, 0.00, 0.00, 0.00
81,  0,  2.669,  0.98,  1,  0.070122,  0.004361,  -0.997529,  -0.056204,  0.068215,  -0.996086,  0.007,  0.036,  532.7,  537.1,  548.2,  559.5,  564.3,  560.9,  548.8,  537.5,  521.7,  526.5,  534.8,  547.0,  560.3,  570.5,  578.0,  569.5,  558.1,  546.7,  536.6,  528.1,  543.9,  549.3,  554.6,  556.7,  554.4,  549.0,  543.7,  541.6,  678.6,  681.5,  691.7,  703.2,  709.4,  706.6,  696.4,  684.0,  669.3,  675.3,  684.0,  696.1,  707.8,  716.2,  722.0,  716.9,  709.7,  700.3,  689.2,  678.2,  688.7,  694.8,  700.1,  701.6,  698.4,  692.3,  686.9,  685.4,  305.1,  292.9,  287.4,  291.8,  303.5,  316.5,  321.2,  316.8,  313.9,  305.9,  300.4,  296.7,  297.8,  302.6,  310.4,  316.3,  319.6,  321.7,  321.4,  319.0,  310.6,  312.7,  310.1,  304.2,  298.6,  296.5,  299.2,  305.1,  295.7,  284.4,  279.0,  282.7,  293.4,  304.8,  310.1,  307.5,  303.3,  294.5,  288.3,  285.4,  287.7,  292.7,  300.4,  303.9,  305.7,  306.6,  306.5,  306.0,  301.5,  303.5,  300.7,  294.7,  289.1,  287.1,  289.9,  295.9,  -37.9,  -36.3,  -32.3,  -28.2,  -26.5,  -27.7,  -32.0,  -36.1,  -42.4,  -40.2,  -37.0,  -32.4,  -27.8,  -24.3,  -21.7,  -24.6,  -28.5,  -32.6,  -36.3,  -39.7,  -33.9,  -31.9,  -30.0,  -29.3,  -30.1,  -32.1,  -34.0,  -34.8,  14.2,  15.4,  19.2,  23.6,  25.8,  24.6,  20.8,  16.2,  10.8,  13.0,  16.2,  20.7,  25.2,  28.5,  30.9,  28.7,  25.8,  22.1,  18.0,  14.0,  18.0,  20.3,  22.3,  22.9,  21.7,  19.4,  17.4,  16.8,  -19.4,  -23.7,  -25.6,  -23.9,  -19.8,  -15.2,  -13.6,  -15.2,  -16.5,  -19.2,  -20.9,  -22.1,  -21.7,  -20.0,  -17.4,  -15.3,  -14.1,  -13.4,  -13.6,  -14.5,  -17.4,  -16.6,  -17.5,  -19.6,  -21.6,  -22.4,  -21.5,  -19.4,  -23.7,  -28.0,  -30.1,  -28.8,  -24.8,  -20.4,  -18.4,  -19.3,  -20.9,  -24.1,  -26.4,  -27.5,  -26.8,  -25.2,  -22.5,  -20.9,  -20.1,  -19.6,  -19.6,  -19.8,  -21.6,  -20.9,  -22.0,  -24.3,  -26.4,  -27.1,  -26.0,  -23.7,  309.1,  309.1,  308.2,  306.8,  305.8,  305.9,  306.7,  308.1,  313.3,  310.3,  307.4,  305.2,  304.8,  305.4,  306.4,  305.4,  304.7,  305.4,  307.4,  310.2,  308.5,  307.9,  307.4,  307.5,  307.9,  308.6,  309.0,  309.0,  322.3,  324.0,  325.5,  326.2,  325.4,  323.8,  322.2,  321.7,  322.3,  322.0,  322.0,  322.8,  324.8,  327.5,  330.0,  326.6,  323.6,  321.5,  320.7,  321.3,  323.5,  323.8,  324.6,  325.5,  325.9,  325.5,  324.7,  323.8,  -2.8,  16.6,  354.8,  -0.045,  -0.011,  -0.096,  451.9,  460.5,  473.9,  488.7,  510.0,  538.2,  569.6,  608.6,  652.5,  695.0,  729.5,  757.3,  775.1,  783.7,  787.0,  787.7,  784.6,  478.1,  496.2,  525.0,  555.3,  583.8,  653.6,  683.3,  712.0,  740.0,  758.7,  624.9,  627.9,  631.1,  634.6,  600.0,  617.9,  636.2,  654.0,  669.6,  519.1,  536.1,  559.1,  578.7,  559.3,  536.3,  666.9,  684.6,  707.0,  724.4,  709.7,  687.9,  582.9,  600.8,  623.0,  640.1,  658.2,  680.9,  699.9,  685.4,  665.3,  645.4,  627.1,  603.8,  593.2,  624.5,  641.2,  660.1,  689.3,  662.3,  643.4,  626.0,  321.2,  372.0,  422.2,  469.8,  514.5,  553.2,  586.0,  608.0,  610.7,  599.5,  570.4,  531.6,  488.0,  440.0,  391.2,  342.1,  293.4,  292.3,  267.8,  257.3,  258.4,  265.4,  260.7,  250.8,  246.5,  251.5,  270.9,  297.9,  326.0,  353.9,  382.9,  409.3,  414.0,  417.8,  410.6,  402.7,  314.6,  300.3,  298.4,  310.7,  317.6,  320.2,  303.8,  288.7,  288.0,  298.4,  305.9,  307.1,  483.5,  458.9,  448.0,  451.0,  445.0,  452.7,  471.1,  494.6,  505.3,  509.2,  509.1,  501.9,  481.2,  464.8,  464.3,  461.2,  471.6,  481.8,  486.2,  485.8,  -87.7,  -84.2,  -78.0,  -70.7,  -59.9,  -46.1,  -31.2,  -13.4,  5.3,  23.4,  39.3,  52.9,  61.7,  65.5,  66.7,  66.7,  65.5,  -68.8,  -60.1,  -47.3,  -34.4,  -22.7,  5.5,  17.8,  30.0,  42.3,  51.0,  -6.1,  -4.7,  -3.4,  -2.0,  -15.8,  -8.7,  -1.5,  5.5,  11.6,  -50.4,  -43.0,  -33.4,  -25.2,  -33.2,  -42.8,  11.2,  18.6,  28.0,  35.6,  29.1,  19.9,  -23.4,  -15.5,  -6.6,  0.0,  7.1,  16.3,  24.6,  18.1,  9.9,  2.1,  -5.0,  -14.4,  -19.1,  -6.1,  0.5,  7.9,  20.0,  8.8,  1.3,  -5.5,  -18.1,  5.6,  29.2,  51.3,  71.2,  87.5,  100.1,  105.9,  105.3,  101.9,  92.4,  77.5,  58.5,  36.4,  14.2,  -8.1,  -30.2,  -28.8,  -38.5,  -42.2,  -41.3,  -38.2,  -40.3,  -45.0,  -47.3,  -45.9,  -38.3,  -24.9,  -13.3,  -2.4,  8.6,  19.5,  21.1,  22.4,  19.7,  16.8,  -18.9,  -24.7,  -25.4,  -20.3,  -17.5,  -16.4,  -23.4,  -29.7,  -30.1,  -25.9,  -22.5,  -22.0,  50.6,  39.1,  34.4,  35.4,  33.1,  36.9,  45.6,  53.6,  56.9,  58.2,  58.4,  56.3,  49.4,  41.1,  40.8,  39.7,  45.4,  48.0,  49.5,  49.6,  408.1,  410.2,  410.9,  408.9,  403.2,  396.2,  387.4,  373.7,  367.6,  372.3,  384.3,  394.9,  399.8,  398.8,  396.9,  395.1,  396.3,  371.8,  365.7,  359.9,  355.9,  353.2,  354.9,  360.4,  364.9,  370.0,  375.7,  351.2,  344.0,  336.8,  329.9,  346.2,  342.1,  339.4,  341.1,  344.2,  364.6,  362.1,  361.3,  360.6,  360.2,  361.3,  364.4,  364.5,  365.8,  368.9,  364.8,  363.3,  358.8,  345.9,  341.6,  340.6,  341.2,  348.2,  359.0,  348.4,  342.3,  341.6,  342.9,  347.2,  356.6,  343.3,  341.9,  343.2,  356.1,  344.4,  343.3,  344.8,  2.408,  0.039,  0.006,  -0.096,  633.207,  401.935,  -22.009,  18.559,  -5.833,  16.125,  -18.464,  -5.677,  2.747,  -1.941,  8.771,  -14.690,  -8.944,  5.683,  0.272,  1.644,  7.761,  -1.709,  1.884,  -3.199,  0.720,  -2.534,  -3.108,  2.047,  -0.880,  -1.377,  0.908,  2.794,  -0.093,  -0.950,  0.306,  -0.812,  -0.693,  -0.152,  -0.446,  -0.049, 0.00, 0.00, 0.05, 0.00, 0.00, 0.00, 0.00, 1.49, 0.29, 0.12, 0.10, 0.21, 0.05, 0.00, 1.76, 2.15, 0.00, 0.00, 0.00, 0.00, 1.00, 0.00, 0.00, 0.00, 1.00, 0.00, 0.00, 0.00, 0.00, 0.00, 0.00, 1.00, 0.00, 0.00, 0.00
82,  0,  2.703,  0.98,  1,  0.106341,  0.022076,  -0.994085,  -0.057614,  0.066149,  -0.996145,  0.024,  0.044,  532.7,  537.6,  549.6,  561.7,  566.7,  562.9,  549.8,  537.8,  521.2,  526.5,  534.9,  547.0,  560.5,  570.9,  578.8,  570.0,  558.4,  546.6,  536.3,  527.8,  544.2,  550.5,  556.7,  559.2,  556.6,  550.3,  544.1,  541.6,  678.5,  681.2,  691.4,  703.0,  709.3,  706.5,  696.4,  683.9,  669.1,  675.1,  683.8,  695.7,  707.1,  715.8,  722.0,  716.9,  709.5,  700.0,  689.0,  678.1,  688.5,  694.7,  700.2,  701.7,  698.3,  692.1,  686.6,  685.1,  305.4,  292.5,  286.7,  291.5,  304.0,  317.9,  322.6,  317.9,  313.5,  305.6,  300.3,  296.7,  297.6,  302.4,  310.6,  316.3,  319.6,  321.7,  321.1,  318.6,  311.9,  314.3,  311.3,  304.7,  298.2,  295.8,  298.8,  305.5,  295.4,  284.5,  279.4,  283.0,  293.3,  304.2,  309.3,  306.8,  303.1,  294.5,  288.3,  285.3,  287.4,  292.5,  300.2,  303.5,  305.0,  305.8,  305.8,  305.7,  301.4,  303.3,  300.6,  294.8,  289.2,  287.2,  290.0,  295.8,  -36.6,  -35.0,  -30.8,  -26.5,  -24.7,  -26.0,  -30.5,  -34.8,  -41.1,  -38.9,  -35.7,  -31.4,  -26.8,  -23.3,  -20.7,  -23.6,  -27.4,  -31.5,  -35.2,  -38.4,  -32.6,  -30.4,  -28.3,  -27.4,  -28.4,  -30.6,  -32.7,  -33.6,  14.2,  15.3,  19.2,  23.6,  25.9,  24.7,  20.8,  16.2,  10.8,  13.0,  16.2,  20.6,  25.0,  28.5,  31.0,  28.8,  25.8,  22.1,  18.0,  14.0,  18.0,  20.3,  22.4,  23.0,  21.8,  19.5,  17.4,  16.8,  -18.6,  -23.1,  -24.9,  -23.2,  -18.9,  -14.2,  -12.7,  -14.3,  -16.1,  -18.6,  -20.3,  -21.4,  -21.0,  -19.4,  -16.7,  -14.7,  -13.6,  -12.9,  -13.2,  -14.2,  -16.4,  -15.5,  -16.5,  -18.8,  -21.0,  -21.9,  -20.9,  -18.6,  -23.9,  -28.1,  -30.2,  -28.8,  -24.9,  -20.7,  -18.7,  -19.6,  -21.1,  -24.2,  -26.5,  -27.7,  -27.1,  -25.4,  -22.6,  -21.2,  -20.4,  -20.0,  -19.9,  -20.0,  -21.8,  -21.0,  -22.1,  -24.4,  -26.5,  -27.2,  -26.1,  -23.9,  298.6,  298.7,  297.8,  296.5,  295.4,  295.4,  296.2,  297.6,  302.6,  299.8,  297.1,  295.1,  294.6,  295.0,  295.7,  294.8,  294.2,  294.8,  296.9,  299.7,  298.1,  297.4,  296.9,  297.0,  297.5,  298.3,  298.7,  298.6,  323.8,  325.7,  327.4,  327.8,  326.7,  324.8,  323.1,  322.8,  323.8,  323.6,  323.6,  324.5,  326.4,  328.9,  331.3,  327.8,  324.7,  322.6,  321.9,  322.5,  324.6,  324.8,  325.8,  326.8,  327.4,  327.2,  326.3,  325.2,  -2.8,  16.6,  354.0,  -0.047,  -0.010,  -0.095,  452.2,  460.7,  474.3,  489.1,  510.5,  538.6,  569.8,  608.6,  652.5,  695.0,  729.7,  757.5,  775.5,  784.2,  787.4,  788.0,  784.6,  478.2,  496.5,  525.1,  555.2,  583.4,  653.8,  683.4,  712.1,  740.1,  758.9,  625.0,  627.9,  631.1,  634.5,  599.8,  617.7,  636.2,  654.2,  669.9,  519.2,  536.2,  559.2,  579.0,  559.4,  536.3,  666.6,  684.4,  706.8,  724.4,  709.6,  687.7,  582.6,  600.7,  623.0,  640.2,  658.4,  681.1,  700.5,  685.7,  665.4,  645.4,  627.2,  603.7,  592.9,  624.5,  641.3,  660.2,  689.8,  662.5,  643.4,  626.1,  320.9,  371.9,  422.5,  470.4,  515.1,  553.6,  586.0,  607.6,  610.2,  599.3,  570.8,  532.5,  489.0,  441.0,  392.1,  342.6,  293.7,  291.4,  267.3,  257.1,  258.4,  265.4,  260.6,  250.7,  246.2,  251.2,  270.7,  297.8,  325.9,  353.7,  382.6,  409.2,  413.9,  417.6,  410.4,  402.5,  314.3,  300.1,  298.2,  310.6,  317.4,  320.0,  303.7,  288.4,  287.7,  298.2,  305.6,  306.8,  483.7,  459.1,  448.2,  451.2,  445.1,  452.8,  471.1,  494.3,  504.9,  508.8,  508.7,  501.7,  481.4,  464.8,  464.3,  461.1,  471.7,  481.6,  486.0,  485.6,  -87.5,  -84.0,  -77.7,  -70.4,  -59.6,  -45.9,  -31.0,  -13.4,  5.2,  23.3,  39.3,  53.0,  61.8,  65.6,  66.8,  66.8,  65.4,  -68.6,  -59.9,  -47.2,  -34.4,  -22.8,  5.6,  17.8,  30.0,  42.3,  51.0,  -6.0,  -4.7,  -3.4,  -2.1,  -15.9,  -8.7,  -1.5,  5.5,  11.7,  -50.3,  -42.9,  -33.3,  -25.1,  -33.1,  -42.7,  11.1,  18.5,  27.9,  35.5,  29.0,  19.8,  -23.5,  -15.5,  -6.6,  0.1,  7.1,  16.3,  24.8,  18.1,  9.9,  2.1,  -5.0,  -14.4,  -19.2,  -6.1,  0.5,  7.9,  20.2,  8.8,  1.3,  -5.5,  -18.2,  5.6,  29.3,  51.5,  71.4,  87.6,  99.9,  105.5,  104.8,  101.4,  92.4,  77.7,  58.9,  36.9,  14.5,  -7.8,  -30.0,  -29.1,  -38.7,  -42.2,  -41.2,  -38.1,  -40.2,  -44.9,  -47.4,  -46.0,  -38.3,  -24.9,  -13.4,  -2.4,  8.5,  19.4,  21.0,  22.3,  19.6,  16.7,  -19.0,  -24.8,  -25.5,  -20.3,  -17.5,  -16.5,  -23.4,  -29.8,  -30.2,  -26.0,  -22.6,  -22.0,  50.7,  39.1,  34.3,  35.4,  33.1,  36.9,  45.5,  53.3,  56.5,  57.9,  58.1,  56.1,  49.4,  41.0,  40.6,  39.6,  45.4,  47.7,  49.3,  49.3,  407.9,  409.8,  410.4,  408.3,  402.8,  395.9,  386.9,  372.8,  366.4,  370.9,  383.3,  394.3,  399.4,  398.4,  396.5,  394.7,  396.0,  371.1,  365.0,  359.2,  355.2,  352.5,  353.9,  359.7,  364.2,  369.6,  375.4,  350.5,  343.1,  335.9,  328.8,  345.4,  341.1,  338.3,  340.1,  343.3,  364.1,  361.5,  360.7,  360.0,  359.6,  360.6,  363.7,  363.8,  365.2,  368.3,  364.1,  362.5,  358.4,  345.2,  340.7,  339.7,  340.3,  347.5,  358.6,  347.5,  341.0,  340.4,  341.7,  346.4,  356.1,  342.4,  340.9,  342.3,  355.7,  343.2,  342.2,  343.8,  2.413,  0.037,  0.007,  -0.096,  633.301,  401.892,  -20.593,  18.551,  -5.212,  16.574,  -18.474,  -4.791,  2.704,  -1.269,  8.350,  -14.391,  -8.776,  6.251,  -0.040,  1.271,  7.801,  -0.845,  2.443,  -3.578,  0.397,  -2.741,  -3.070,  2.106,  -0.875,  -1.455,  1.072,  2.733,  -0.118,  -1.040,  0.373,  -0.761,  -0.726,  -0.178,  -0.427,  -0.110, 0.00, 0.02, 0.03, 0.00, 0.00, 0.00, 0.00, 1.52, 0.33, 0.04, 0.06, 0.16, 0.05, 0.00, 1.84, 2.10, 0.00, 0.00, 0.00, 0.00, 1.00, 0.00, 0.00, 0.00, 1.00, 0.00, 0.00, 0.00, 0.00, 0.00, 0.00, 1.00, 0.00, 0.00, 0.00
83,  0,  2.736,  0.98,  1,  0.104635,  0.020353,  -0.994302,  -0.055798,  0.057911,  -0.996761,  0.025,  0.039,  532.7,  537.6,  549.6,  561.7,  566.7,  562.9,  549.8,  537.7,  521.2,  526.5,  535.0,  547.1,  560.5,  570.9,  578.8,  569.9,  558.4,  546.6,  536.3,  527.9,  544.2,  550.4,  556.6,  559.2,  556.5,  550.3,  544.1,  541.6,  678.7,  681.4,  691.5,  703.0,  709.3,  706.6,  696.5,  684.2,  669.2,  675.2,  683.9,  695.8,  707.2,  715.8,  721.9,  716.9,  709.6,  700.1,  689.1,  678.2,  688.7,  694.8,  700.2,  701.6,  698.3,  692.2,  686.9,  685.4,  305.3,  292.5,  286.7,  291.5,  303.9,  317.8,  322.5,  317.8,  313.5,  305.6,  300.2,  296.6,  297.5,  302.2,  310.5,  316.2,  319.6,  321.7,  321.1,  318.5,  311.9,  314.3,  311.3,  304.6,  298.2,  295.8,  298.8,  305.5,  295.2,  284.4,  279.3,  283.0,  293.2,  304.0,  309.1,  306.5,  303.1,  294.5,  288.3,  285.3,  287.5,  292.7,  300.5,  303.6,  305.0,  305.8,  305.7,  305.6,  301.0,  303.0,  300.3,  294.6,  289.2,  287.3,  289.9,  295.6,  -36.7,  -35.0,  -30.8,  -26.6,  -24.8,  -26.1,  -30.6,  -34.8,  -41.1,  -38.9,  -35.7,  -31.4,  -26.8,  -23.3,  -20.7,  -23.7,  -27.5,  -31.5,  -35.2,  -38.5,  -32.7,  -30.5,  -28.3,  -27.5,  -28.4,  -30.6,  -32.8,  -33.6,  14.4,  15.4,  19.3,  23.7,  25.9,  24.8,  20.9,  16.3,  10.8,  13.0,  16.3,  20.7,  25.1,  28.6,  31.1,  28.9,  25.9,  22.2,  18.1,  14.1,  18.1,  20.4,  22.4,  23.1,  21.9,  19.6,  17.5,  16.9,  -18.7,  -23.1,  -25.0,  -23.3,  -19.0,  -14.3,  -12.7,  -14.4,  -16.1,  -18.7,  -20.3,  -21.4,  -21.1,  -19.5,  -16.8,  -14.8,  -13.6,  -12.9,  -13.2,  -14.2,  -16.4,  -15.6,  -16.6,  -18.8,  -21.0,  -21.9,  -20.9,  -18.6,  -24.0,  -28.2,  -30.3,  -28.9,  -25.0,  -20.8,  -18.8,  -19.8,  -21.1,  -24.3,  -26.6,  -27.8,  -27.1,  -25.3,  -22.6,  -21.2,  -20.4,  -20.0,  -20.0,  -20.1,  -21.9,  -21.2,  -22.3,  -24.5,  -26.5,  -27.3,  -26.2,  -24.0,  299.1,  299.3,  298.4,  297.0,  295.9,  295.9,  296.6,  298.0,  303.0,  300.3,  297.6,  295.7,  295.1,  295.5,  296.2,  295.3,  294.6,  295.3,  297.3,  300.1,  298.6,  297.9,  297.4,  297.5,  298.1,  298.8,  299.2,  299.1,  324.4,  326.4,  328.1,  328.6,  327.5,  325.5,  323.8,  323.4,  324.3,  324.2,  324.3,  325.1,  327.1,  329.6,  332.1,  328.5,  325.4,  323.2,  322.5,  323.1,  325.3,  325.5,  326.5,  327.5,  328.1,  327.8,  326.9,  325.9,  -2.8,  16.6,  354.2,  -0.049,  -0.009,  -0.095,  452.5,  461.0,  474.4,  489.1,  510.4,  538.7,  570.0,  608.7,  652.4,  694.7,  729.3,  757.2,  775.4,  784.3,  787.7,  788.2,  784.8,  478.2,  496.3,  525.0,  555.1,  583.5,  653.8,  683.5,  712.2,  740.3,  759.1,  625.0,  628.0,  631.1,  634.5,  599.9,  617.8,  636.2,  654.1,  669.9,  519.2,  536.2,  559.2,  578.9,  559.4,  536.4,  666.8,  684.4,  706.8,  724.4,  709.6,  687.8,  582.6,  600.7,  623.0,  640.2,  658.4,  681.1,  700.5,  685.6,  665.3,  645.3,  627.1,  603.7,  592.9,  624.5,  641.3,  660.2,  689.8,  662.4,  643.4,  626.0,  320.9,  372.0,  422.6,  470.5,  515.2,  553.7,  586.1,  607.6,  610.2,  599.3,  570.9,  532.8,  489.5,  441.5,  392.5,  343.0,  293.9,  291.7,  267.4,  257.1,  258.3,  265.3,  260.6,  250.7,  246.3,  251.3,  270.8,  297.8,  325.8,  353.4,  382.3,  409.1,  413.7,  417.5,  410.3,  402.4,  314.3,  300.0,  298.2,  310.6,  317.3,  319.9,  303.7,  288.4,  287.7,  298.3,  305.7,  306.9,  483.6,  459.2,  448.3,  451.3,  445.2,  453.0,  471.2,  494.3,  504.8,  508.7,  508.6,  501.5,  481.4,  464.8,  464.3,  461.2,  471.7,  481.6,  486.0,  485.5,  -87.4,  -83.9,  -77.7,  -70.5,  -59.6,  -45.8,  -31.0,  -13.3,  5.2,  23.2,  39.1,  52.8,  61.8,  65.7,  66.9,  66.9,  65.6,  -68.7,  -60.0,  -47.3,  -34.5,  -22.8,  5.6,  17.9,  30.1,  42.4,  51.1,  -6.0,  -4.7,  -3.4,  -2.1,  -15.9,  -8.7,  -1.5,  5.5,  11.7,  -50.3,  -42.9,  -33.3,  -25.1,  -33.1,  -42.7,  11.1,  18.5,  27.9,  35.5,  29.0,  19.8,  -23.5,  -15.5,  -6.6,  0.1,  7.1,  16.3,  24.8,  18.1,  9.9,  2.1,  -5.1,  -14.4,  -19.2,  -6.1,  0.5,  7.9,  20.2,  8.8,  1.3,  -5.5,  -18.2,  5.6,  29.4,  51.6,  71.4,  87.6,  99.9,  105.5,  104.7,  101.4,  92.4,  77.8,  59.1,  37.1,  14.7,  -7.7,  -29.9,  -29.0,  -38.7,  -42.3,  -41.3,  -38.2,  -40.3,  -45.0,  -47.4,  -45.9,  -38.3,  -24.9,  -13.4,  -2.5,  8.4,  19.4,  20.9,  22.2,  19.6,  16.6,  -19.0,  -24.8,  -25.5,  -20.4,  -17.5,  -16.5,  -23.4,  -29.8,  -30.2,  -26.0,  -22.6,  -22.0,  50.7,  39.2,  34.4,  35.4,  33.2,  36.9,  45.6,  53.4,  56.5,  57.9,  58.1,  56.1,  49.4,  41.0,  40.7,  39.6,  45.4,  47.7,  49.3,  49.4,  408.0,  410.0,  410.5,  408.5,  402.8,  395.7,  386.7,  372.7,  366.3,  370.8,  383.1,  394.1,  399.3,  398.4,  396.6,  394.8,  396.1,  371.5,  365.4,  359.6,  355.5,  352.8,  354.3,  360.0,  364.5,  369.8,  375.6,  350.7,  343.3,  336.0,  329.0,  345.5,  341.2,  338.5,  340.2,  343.3,  364.3,  361.7,  360.9,  360.2,  359.7,  360.8,  363.9,  364.0,  365.4,  368.5,  364.3,  362.7,  358.5,  345.3,  340.9,  339.9,  340.5,  347.7,  358.7,  347.7,  341.3,  340.6,  341.9,  346.6,  356.2,  342.6,  341.1,  342.4,  355.8,  343.5,  342.5,  344.0,  2.412,  0.035,  0.008,  -0.095,  633.309,  401.926,  -21.098,  18.466,  -5.245,  16.493,  -18.164,  -4.596,  2.799,  -1.285,  8.745,  -14.336,  -8.957,  6.315,  0.185,  1.255,  7.695,  -0.804,  2.111,  -3.690,  0.301,  -2.670,  -3.226,  1.933,  -0.908,  -1.407,  1.041,  2.641,  -0.095,  -0.978,  0.384,  -0.817,  -0.661,  -0.167,  -0.412,  -0.090, 0.00, 0.02, 0.00, 0.00, 0.00, 0.00, 0.00, 1.47, 0.36, 0.01, 0.00, 0.10, 0.01, 0.00, 1.89, 2.11, 0.00, 0.00, 0.00, 0.00, 1.00, 0.00, 0.00, 0.00, 1.00, 0.00, 0.00, 0.00, 0.00, 0.00, 0.00, 1.00, 0.00, 0.00, 0.00
84,  0,  2.769,  0.98,  1,  0.099740,  0.015582,  -0.994891,  -0.060299,  0.063890,  -0.996134,  0.020,  0.040,  532.7,  537.6,  549.5,  561.5,  566.5,  562.7,  549.7,  537.8,  521.4,  526.6,  535.0,  547.1,  560.5,  570.9,  578.8,  570.0,  558.4,  546.7,  536.4,  528.0,  544.2,  550.4,  556.5,  559.0,  556.4,  550.2,  544.1,  541.6,  678.5,  681.1,  691.3,  702.9,  709.3,  706.6,  696.4,  684.0,  669.1,  675.1,  683.9,  695.7,  707.2,  715.8,  722.0,  717.0,  709.6,  700.2,  689.2,  678.2,  688.5,  694.8,  700.2,  701.7,  698.2,  692.0,  686.5,  685.1,  305.3,  292.4,  286.7,  291.4,  303.8,  317.6,  322.3,  317.7,  313.5,  305.7,  300.3,  296.6,  297.5,  302.2,  310.2,  316.1,  319.5,  321.7,  321.1,  318.6,  311.7,  314.1,  311.1,  304.5,  298.1,  295.7,  298.7,  305.4,  295.5,  284.6,  279.5,  283.1,  293.4,  304.3,  309.5,  306.9,  303.2,  294.6,  288.3,  285.3,  287.5,  292.7,  300.5,  303.6,  305.1,  305.9,  305.9,  305.7,  301.5,  303.5,  300.7,  294.9,  289.3,  287.3,  290.1,  295.9,  -36.7,  -35.1,  -30.9,  -26.7,  -24.9,  -26.2,  -30.6,  -34.9,  -41.1,  -39.0,  -35.8,  -31.4,  -26.8,  -23.3,  -20.7,  -23.6,  -27.5,  -31.5,  -35.2,  -38.5,  -32.7,  -30.5,  -28.4,  -27.6,  -28.5,  -30.7,  -32.8,  -33.7,  14.2,  15.3,  19.1,  23.5,  25.8,  24.6,  20.8,  16.2,  10.7,  12.9,  16.2,  20.6,  25.0,  28.4,  30.9,  28.7,  25.7,  22.1,  18.0,  14.0,  17.9,  20.3,  22.3,  22.9,  21.7,  19.4,  17.3,  16.7,  -18.7,  -23.1,  -25.0,  -23.3,  -19.0,  -14.4,  -12.8,  -14.4,  -16.1,  -18.7,  -20.3,  -21.4,  -21.1,  -19.5,  -16.9,  -14.8,  -13.6,  -13.0,  -13.2,  -14.2,  -16.5,  -15.6,  -16.6,  -18.9,  -21.1,  -22.0,  -21.0,  -18.7,  -23.8,  -28.0,  -30.0,  -28.7,  -24.8,  -20.6,  -18.6,  -19.5,  -20.9,  -24.1,  -26.4,  -27.6,  -26.9,  -25.2,  -22.5,  -21.1,  -20.3,  -19.9,  -19.8,  -19.9,  -21.6,  -20.9,  -22.0,  -24.2,  -26.4,  -27.1,  -26.0,  -23.7,  299.5,  299.6,  298.7,  297.3,  296.2,  296.2,  297.0,  298.4,  303.4,  300.6,  297.9,  295.9,  295.4,  295.7,  296.5,  295.6,  294.9,  295.6,  297.7,  300.4,  298.9,  298.2,  297.7,  297.8,  298.4,  299.1,  299.5,  299.5,  322.5,  324.5,  326.3,  326.7,  325.6,  323.6,  321.9,  321.5,  322.5,  322.3,  322.4,  323.3,  325.2,  327.8,  330.3,  326.6,  323.6,  321.4,  320.7,  321.2,  323.4,  323.7,  324.6,  325.7,  326.3,  326.0,  325.1,  324.0,  -2.8,  16.6,  353.9,  -0.051,  -0.009,  -0.095,  452.7,  461.2,  474.5,  489.2,  510.3,  538.3,  569.6,  608.3,  652.2,  694.7,  729.4,  757.3,  775.5,  784.3,  787.7,  788.2,  784.8,  478.3,  496.4,  525.0,  555.1,  583.3,  653.9,  683.5,  712.2,  740.2,  759.0,  625.0,  628.0,  631.1,  634.5,  599.9,  617.8,  636.2,  654.2,  669.9,  519.3,  536.3,  559.3,  579.0,  559.5,  536.4,  666.7,  684.4,  706.8,  724.4,  709.6,  687.8,  582.7,  600.7,  623.0,  640.2,  658.4,  681.1,  700.4,  685.6,  665.3,  645.3,  627.1,  603.7,  593.0,  624.5,  641.3,  660.3,  689.8,  662.5,  643.4,  626.0,  321.3,  372.3,  422.9,  470.8,  515.3,  553.7,  585.8,  607.1,  609.7,  598.9,  570.9,  533.0,  489.8,  441.8,  392.9,  343.3,  294.3,  291.5,  267.4,  257.1,  258.3,  265.3,  260.5,  250.7,  246.3,  251.3,  270.7,  297.7,  325.8,  353.5,  382.4,  409.1,  413.8,  417.6,  410.4,  402.5,  314.3,  300.0,  298.2,  310.5,  317.3,  319.9,  303.8,  288.4,  287.7,  298.3,  305.7,  306.9,  483.8,  459.3,  448.4,  451.4,  445.4,  453.2,  471.4,  494.3,  504.9,  508.7,  508.6,  501.6,  481.5,  464.9,  464.4,  461.3,  471.9,  481.7,  486.0,  485.6,  -87.3,  -83.7,  -77.6,  -70.4,  -59.7,  -46.0,  -31.1,  -13.5,  5.1,  23.2,  39.1,  52.8,  61.8,  65.7,  67.0,  66.9,  65.6,  -68.7,  -59.9,  -47.3,  -34.5,  -22.8,  5.6,  17.9,  30.1,  42.3,  51.1,  -6.0,  -4.7,  -3.4,  -2.1,  -15.8,  -8.7,  -1.5,  5.5,  11.7,  -50.3,  -42.9,  -33.3,  -25.1,  -33.1,  -42.7,  11.1,  18.5,  27.9,  35.5,  29.0,  19.8,  -23.5,  -15.5,  -6.6,  0.1,  7.2,  16.3,  24.7,  18.1,  9.9,  2.1,  -5.0,  -14.4,  -19.1,  -6.1,  0.5,  7.9,  20.2,  8.8,  1.3,  -5.5,  -18.0,  5.8,  29.5,  51.7,  71.5,  87.6,  99.7,  105.1,  104.4,  101.1,  92.3,  77.9,  59.3,  37.3,  14.9,  -7.5,  -29.8,  -29.1,  -38.7,  -42.3,  -41.3,  -38.2,  -40.3,  -45.0,  -47.4,  -46.0,  -38.3,  -24.9,  -13.4,  -2.5,  8.4,  19.4,  21.0,  22.2,  19.6,  16.7,  -19.0,  -24.8,  -25.5,  -20.4,  -17.6,  -16.5,  -23.4,  -29.8,  -30.2,  -26.0,  -22.6,  -22.0,  50.7,  39.2,  34.4,  35.5,  33.2,  37.0,  45.6,  53.3,  56.4,  57.8,  58.0,  56.0,  49.4,  41.0,  40.7,  39.6,  45.5,  47.7,  49.3,  49.3,  407.8,  409.7,  410.2,  408.2,  402.6,  395.6,  386.4,  372.2,  365.8,  370.4,  382.9,  394.0,  399.4,  398.6,  396.7,  395.0,  396.3,  371.4,  365.3,  359.5,  355.4,  352.5,  354.0,  359.8,  364.4,  369.8,  375.6,  350.5,  343.1,  335.7,  328.6,  345.3,  341.0,  338.2,  339.9,  343.0,  364.2,  361.6,  360.8,  360.0,  359.6,  360.6,  363.7,  363.9,  365.2,  368.3,  364.1,  362.5,  358.1,  345.0,  340.6,  339.5,  340.2,  347.3,  358.3,  347.2,  340.9,  340.2,  341.6,  346.2,  355.8,  342.3,  340.8,  342.1,  355.4,  343.1,  342.1,  343.6,  2.414,  0.033,  0.007,  -0.095,  633.311,  401.985,  -20.203,  18.049,  -5.461,  16.847,  -18.167,  -4.513,  2.791,  -1.082,  8.582,  -13.885,  -8.704,  6.119,  0.398,  1.269,  7.727,  -0.685,  2.401,  -3.702,  0.016,  -2.796,  -3.022,  2.081,  -1.019,  -1.363,  1.077,  2.774,  -0.138,  -0.966,  0.362,  -0.842,  -0.644,  -0.171,  -0.404,  -0.048, 0.00, 0.02, 0.00, 0.06, 0.00, 0.00, 0.00, 1.47, 0.37, 0.03, 0.00, 0.05, 0.01, 0.00, 1.84, 2.04, 0.00, 0.00, 0.00, 0.00, 1.00, 0.00, 0.00, 0.00, 1.00, 0.00, 0.00, 0.00, 0.00, 0.00, 0.00, 1.00, 0.00, 0.00, 0.00
85,  0,  2.803,  0.98,  1,  0.087147,  0.004227,  -0.996187,  -0.061643,  0.062208,  -0.996158,  0.013,  0.033,  532.8,  537.7,  549.4,  561.0,  565.8,  561.9,  549.2,  537.6,  521.5,  526.9,  535.4,  547.4,  560.5,  570.9,  578.7,  569.9,  558.3,  546.7,  536.4,  528.0,  543.9,  550.0,  556.0,  558.5,  556.1,  550.0,  544.0,  541.5,  678.4,  681.0,  691.1,  702.8,  709.2,  706.6,  696.5,  684.0,  668.9,  675.0,  683.8,  695.8,  707.3,  715.9,  721.8,  717.0,  709.8,  700.4,  689.3,  678.2,  688.4,  694.7,  700.2,  701.6,  698.1,  691.8,  686.4,  685.0,  305.2,  292.7,  287.0,  291.4,  303.3,  316.8,  321.5,  317.1,  313.7,  305.7,  300.1,  296.5,  297.6,  302.4,  310.3,  316.3,  319.5,  321.7,  321.2,  318.8,  311.5,  313.8,  310.8,  304.3,  298.2,  295.9,  298.9,  305.4,  295.6,  284.5,  279.2,  282.9,  293.4,  304.6,  309.8,  307.2,  303.3,  294.6,  288.2,  285.2,  287.4,  292.6,  300.5,  303.8,  305.4,  306.3,  306.2,  306.0,  301.6,  303.6,  300.8,  294.8,  289.2,  287.2,  290.0,  296.0,  -36.9,  -35.3,  -31.2,  -27.0,  -25.3,  -26.6,  -31.0,  -35.1,  -41.4,  -39.1,  -35.9,  -31.5,  -27.0,  -23.5,  -20.9,  -23.8,  -27.7,  -31.7,  -35.4,  -38.7,  -33.0,  -30.9,  -28.8,  -27.9,  -28.8,  -31.0,  -33.1,  -34.0,  14.0,  15.0,  18.8,  23.2,  25.5,  24.4,  20.6,  16.0,  10.5,  12.8,  16.0,  20.4,  24.8,  28.1,  30.6,  28.4,  25.5,  21.9,  17.9,  13.9,  17.7,  20.0,  22.1,  22.7,  21.4,  19.1,  17.0,  16.5,  -18.9,  -23.2,  -25.1,  -23.5,  -19.3,  -14.7,  -13.1,  -14.7,  -16.2,  -18.8,  -20.5,  -21.6,  -21.2,  -19.6,  -17.0,  -14.9,  -13.7,  -13.0,  -13.3,  -14.2,  -16.7,  -15.9,  -16.8,  -19.1,  -21.2,  -22.1,  -21.1,  -18.8,  -23.5,  -27.7,  -29.8,  -28.5,  -24.5,  -20.3,  -18.3,  -19.2,  -20.7,  -23.8,  -26.1,  -27.3,  -26.7,  -25.0,  -22.3,  -20.8,  -20.0,  -19.5,  -19.5,  -19.6,  -21.3,  -20.6,  -21.7,  -24.0,  -26.1,  -26.8,  -25.7,  -23.4,  301.6,  302.0,  301.2,  299.7,  298.2,  297.9,  298.6,  300.2,  305.5,  302.7,  300.1,  298.1,  297.5,  297.8,  298.4,  297.3,  296.6,  297.2,  299.3,  302.2,  300.8,  300.0,  299.6,  299.8,  300.6,  301.4,  301.8,  301.5,  318.9,  320.8,  322.5,  323.1,  322.2,  320.3,  318.6,  318.1,  318.8,  318.6,  318.7,  319.6,  321.7,  324.4,  327.0,  323.4,  320.3,  318.0,  317.2,  317.7,  319.9,  320.2,  321.2,  322.2,  322.7,  322.4,  321.4,  320.4,  -2.8,  16.6,  354.1,  -0.051,  -0.009,  -0.095,  452.5,  461.0,  474.5,  489.2,  510.5,  538.6,  569.7,  608.2,  652.1,  694.6,  729.4,  757.4,  775.6,  784.4,  787.7,  788.2,  784.8,  478.3,  496.5,  525.2,  555.3,  583.6,  653.7,  683.4,  712.2,  740.3,  759.0,  625.0,  628.0,  631.1,  634.5,  600.0,  617.9,  636.2,  654.1,  669.8,  519.3,  536.3,  559.4,  579.1,  559.5,  536.4,  666.7,  684.4,  706.8,  724.5,  709.6,  687.7,  582.6,  600.8,  623.1,  640.3,  658.5,  681.3,  700.6,  685.7,  665.3,  645.3,  627.1,  603.7,  592.9,  624.6,  641.3,  660.3,  689.9,  662.5,  643.4,  626.0,  321.2,  372.2,  422.7,  470.6,  515.2,  553.6,  585.8,  607.4,  610.0,  599.3,  571.0,  532.8,  489.5,  441.6,  392.7,  343.3,  294.3,  291.6,  267.4,  257.1,  258.3,  265.4,  260.6,  250.7,  246.3,  251.4,  271.0,  297.8,  325.8,  353.5,  382.4,  409.3,  413.9,  417.6,  410.6,  402.7,  314.4,  299.9,  298.1,  310.6,  317.4,  320.0,  303.9,  288.4,  287.7,  298.4,  305.9,  307.0,  483.7,  459.3,  448.4,  451.4,  445.4,  453.1,  471.3,  494.2,  504.7,  508.6,  508.5,  501.4,  481.5,  465.0,  464.6,  461.4,  471.8,  481.5,  485.8,  485.4,  -87.5,  -83.9,  -77.7,  -70.4,  -59.6,  -45.8,  -31.0,  -13.5,  5.0,  23.1,  39.2,  52.9,  61.9,  65.7,  66.9,  66.9,  65.6,  -68.7,  -59.9,  -47.2,  -34.4,  -22.7,  5.6,  17.8,  30.1,  42.4,  51.1,  -6.0,  -4.7,  -3.4,  -2.1,  -15.8,  -8.6,  -1.5,  5.5,  11.7,  -50.3,  -42.9,  -33.3,  -25.1,  -33.1,  -42.7,  11.1,  18.5,  27.9,  35.6,  29.0,  19.8,  -23.5,  -15.5,  -6.6,  0.1,  7.2,  16.4,  24.8,  18.1,  9.9,  2.1,  -5.1,  -14.4,  -19.2,  -6.0,  0.5,  8.0,  20.3,  8.8,  1.3,  -5.5,  -18.1,  5.7,  29.4,  51.6,  71.4,  87.5,  99.7,  105.3,  104.6,  101.4,  92.4,  77.9,  59.1,  37.1,  14.8,  -7.5,  -29.7,  -29.1,  -38.7,  -42.3,  -41.3,  -38.2,  -40.2,  -45.0,  -47.4,  -45.9,  -38.2,  -24.9,  -13.4,  -2.5,  8.4,  19.5,  21.0,  22.3,  19.7,  16.8,  -19.0,  -24.8,  -25.5,  -20.3,  -17.5,  -16.5,  -23.3,  -29.8,  -30.2,  -25.9,  -22.5,  -22.0,  50.7,  39.2,  34.4,  35.5,  33.2,  37.0,  45.6,  53.3,  56.4,  57.8,  58.0,  56.0,  49.4,  41.1,  40.7,  39.7,  45.5,  47.7,  49.2,  49.2,  408.2,  410.1,  410.5,  408.3,  402.6,  395.5,  386.5,  372.5,  366.1,  370.6,  383.1,  394.1,  399.3,  398.5,  396.7,  395.0,  396.4,  371.5,  365.4,  359.6,  355.5,  352.7,  354.3,  360.0,  364.6,  369.9,  375.7,  350.7,  343.3,  336.0,  328.9,  345.5,  341.2,  338.4,  340.1,  343.3,  364.3,  361.7,  360.9,  360.2,  359.8,  360.8,  363.9,  364.1,  365.4,  368.5,  364.3,  362.7,  358.3,  345.2,  340.8,  339.7,  340.4,  347.6,  358.6,  347.4,  341.0,  340.3,  341.7,  346.4,  356.0,  342.5,  341.0,  342.3,  355.6,  343.2,  342.2,  343.7,  2.413,  0.033,  0.007,  -0.095,  633.343,  401.993,  -20.453,  18.349,  -5.501,  16.606,  -18.166,  -4.473,  2.710,  -1.237,  8.614,  -14.001,  -9.026,  6.209,  -0.004,  1.359,  7.604,  -0.951,  2.333,  -3.695,  0.433,  -2.908,  -3.083,  2.028,  -0.880,  -1.188,  1.211,  2.726,  -0.071,  -1.007,  0.371,  -0.845,  -0.650,  -0.149,  -0.438,  -0.059, 0.00, 0.00, 0.00, 0.06, 0.00, 0.00, 0.00, 1.46, 0.36, 0.07, 0.00, 0.06, 0.01, 0.00, 1.86, 1.94, 0.00, 0.00, 0.00, 0.00, 1.00, 0.00, 0.00, 0.00, 1.00, 0.00, 0.00, 0.00, 0.00, 0.00, 0.00, 1.00, 0.00, 0.00, 0.00
86,  0,  2.836,  0.98,  1,  0.090565,  0.002776,  -0.995887,  -0.070862,  0.069152,  -0.995086,  0.010,  0.036,  532.8,  537.7,  549.4,  561.1,  565.9,  562.1,  549.3,  537.6,  521.5,  526.7,  535.1,  547.2,  560.4,  570.8,  578.8,  569.9,  558.4,  546.7,  536.4,  528.0,  544.1,  550.1,  556.1,  558.6,  556.1,  550.1,  544.1,  541.6,  678.2,  680.7,  690.9,  702.6,  709.1,  706.5,  696.4,  683.8,  668.8,  675.0,  683.8,  696.0,  707.6,  716.0,  721.8,  717.0,  710.0,  700.7,  689.6,  678.3,  688.2,  694.5,  700.0,  701.3,  697.8,  691.5,  686.1,  684.8,  305.1,  292.5,  286.8,  291.4,  303.5,  317.0,  321.7,  317.2,  313.6,  305.7,  300.1,  296.4,  297.5,  302.5,  310.5,  316.4,  319.7,  321.8,  321.3,  318.9,  311.4,  313.8,  310.8,  304.3,  298.1,  295.8,  298.8,  305.2,  296.1,  284.6,  279.0,  282.7,  293.4,  305.0,  310.5,  308.0,  303.4,  294.6,  288.2,  285.1,  287.3,  292.3,  300.1,  303.6,  305.5,  306.5,  306.5,  306.1,  302.0,  304.0,  301.1,  294.9,  289.1,  287.1,  290.1,  296.3,  -36.8,  -35.2,  -31.0,  -26.9,  -25.2,  -26.4,  -30.8,  -35.0,  -41.2,  -39.1,  -35.8,  -31.5,  -27.0,  -23.4,  -20.8,  -23.7,  -27.6,  -31.6,  -35.3,  -38.6,  -32.9,  -30.7,  -28.6,  -27.8,  -28.7,  -30.8,  -33.0,  -33.8,  13.8,  14.8,  18.6,  22.9,  25.2,  24.1,  20.4,  15.8,  10.4,  12.6,  15.8,  20.3,  24.6,  27.9,  30.3,  28.2,  25.4,  21.9,  17.8,  13.8,  17.5,  19.8,  21.8,  22.4,  21.1,  18.8,  16.8,  16.2,  -18.9,  -23.2,  -25.1,  -23.4,  -19.2,  -14.6,  -13.0,  -14.6,  -16.1,  -18.7,  -20.5,  -21.6,  -21.2,  -19.5,  -16.8,  -14.8,  -13.6,  -12.9,  -13.2,  -14.2,  -16.6,  -15.8,  -16.8,  -19.0,  -21.2,  -22.0,  -21.0,  -18.8,  -23.1,  -27.4,  -29.5,  -28.3,  -24.3,  -20.0,  -17.9,  -18.7,  -20.4,  -23.6,  -25.9,  -27.1,  -26.5,  -24.9,  -22.2,  -20.7,  -19.8,  -19.3,  -19.2,  -19.4,  -21.0,  -20.3,  -21.4,  -23.8,  -25.9,  -26.6,  -25.4,  -23.1,  300.4,  300.7,  299.9,  298.3,  297.1,  296.9,  297.7,  299.2,  304.5,  301.7,  299.0,  296.9,  296.3,  296.7,  297.4,  296.4,  295.7,  296.4,  298.4,  301.3,  299.7,  299.0,  298.5,  298.7,  299.3,  300.1,  300.5,  300.4,  315.7,  317.4,  319.2,  319.9,  319.3,  317.6,  315.8,  315.2,  315.6,  315.4,  315.5,  316.5,  318.7,  321.5,  324.3,  320.6,  317.5,  315.2,  314.2,  314.6,  316.9,  317.4,  318.3,  319.2,  319.6,  319.2,  318.2,  317.3,  -2.8,  16.5,  354.1,  -0.052,  -0.009,  -0.094,  452.7,  461.2,  474.6,  489.3,  510.6,  538.5,  569.5,  607.8,  651.6,  694.2,  729.2,  757.4,  775.6,  784.5,  787.8,  788.3,  785.0,  478.3,  496.7,  525.4,  555.4,  583.7,  653.7,  683.3,  712.1,  740.1,  758.9,  624.9,  627.9,  631.0,  634.3,  600.0,  617.8,  636.1,  654.0,  669.7,  519.2,  536.2,  559.3,  579.1,  559.5,  536.4,  666.7,  684.4,  706.9,  724.6,  709.8,  687.8,  582.5,  600.8,  623.0,  640.2,  658.4,  681.2,  700.6,  685.5,  665.3,  645.2,  627.0,  603.6,  592.8,  624.5,  641.2,  660.3,  689.9,  662.4,  643.3,  625.9,  321.0,  372.1,  422.7,  470.5,  515.0,  553.2,  585.2,  606.7,  609.5,  599.1,  571.1,  533.1,  489.8,  441.6,  392.7,  343.2,  294.2,  291.4,  267.3,  257.2,  258.4,  265.3,  260.5,  250.7,  246.3,  251.3,  270.8,  297.7,  325.7,  353.4,  382.3,  409.3,  413.9,  417.6,  410.5,  402.7,  314.4,  299.9,  298.1,  310.7,  317.5,  320.1,  304.0,  288.4,  287.7,  298.4,  305.9,  307.1,  483.4,  459.2,  448.4,  451.4,  445.3,  453.0,  470.9,  493.7,  504.2,  508.0,  507.9,  500.9,  481.2,  464.8,  464.4,  461.2,  471.5,  481.2,  485.5,  485.0,  -87.4,  -83.8,  -77.6,  -70.3,  -59.6,  -45.9,  -31.2,  -13.7,  4.9,  23.0,  39.1,  52.9,  61.9,  65.8,  67.0,  67.0,  65.8,  -68.7,  -59.9,  -47.1,  -34.4,  -22.7,  5.5,  17.8,  30.0,  42.3,  51.1,  -6.0,  -4.8,  -3.5,  -2.1,  -15.8,  -8.7,  -1.5,  5.4,  11.6,  -50.4,  -42.9,  -33.3,  -25.1,  -33.1,  -42.8,  11.1,  18.5,  27.9,  35.6,  29.1,  19.8,  -23.5,  -15.5,  -6.6,  0.1,  7.2,  16.4,  24.8,  18.1,  9.8,  2.0,  -5.1,  -14.4,  -19.2,  -6.1,  0.5,  7.9,  20.3,  8.8,  1.3,  -5.5,  -18.2,  5.7,  29.4,  51.6,  71.3,  87.4,  99.5,  105.1,  104.4,  101.3,  92.5,  78.0,  59.2,  37.2,  14.8,  -7.6,  -29.8,  -29.1,  -38.7,  -42.3,  -41.3,  -38.2,  -40.3,  -45.0,  -47.4,  -45.9,  -38.3,  -25.0,  -13.5,  -2.5,  8.4,  19.5,  21.0,  22.3,  19.6,  16.8,  -19.0,  -24.9,  -25.5,  -20.3,  -17.5,  -16.5,  -23.3,  -29.8,  -30.2,  -25.9,  -22.5,  -21.9,  50.5,  39.1,  34.4,  35.5,  33.2,  36.9,  45.4,  53.1,  56.2,  57.6,  57.8,  55.8,  49.3,  41.0,  40.7,  39.6,  45.3,  47.5,  49.1,  49.1,  408.3,  410.1,  410.4,  408.2,  402.6,  395.6,  386.7,  372.6,  366.2,  370.7,  383.2,  394.3,  399.5,  398.7,  397.1,  395.4,  396.9,  371.8,  365.7,  359.9,  355.6,  352.8,  354.2,  359.9,  364.5,  369.9,  375.7,  350.9,  343.4,  336.0,  328.8,  345.5,  341.2,  338.3,  340.1,  343.2,  364.7,  362.0,  361.1,  360.4,  360.0,  361.0,  364.0,  364.1,  365.5,  368.6,  364.3,  362.8,  358.3,  345.2,  340.8,  339.7,  340.4,  347.5,  358.5,  347.3,  340.9,  340.2,  341.6,  346.3,  356.0,  342.5,  341.0,  342.3,  355.5,  343.1,  342.1,  343.7,  2.412,  0.032,  0.008,  -0.094,  633.302,  401.859,  -19.650,  17.575,  -5.521,  16.746,  -18.151,  -4.346,  2.619,  -1.290,  8.300,  -14.067,  -8.938,  6.293,  -0.077,  1.406,  7.439,  -1.159,  2.371,  -3.652,  0.236,  -2.908,  -2.914,  2.283,  -1.020,  -0.978,  1.324,  2.676,  -0.194,  -0.900,  0.376,  -0.723,  -0.713,  -0.163,  -0.417,  -0.104, 0.00, 0.00, 0.00, 0.08, 0.00, 0.00, 0.00, 1.51, 0.33, 0.07, 0.05, 0.11, 0.00, 0.00, 1.77, 1.93, 0.00, 0.00, 0.00, 0.00, 1.00, 0.00, 0.00, 0.00, 1.00, 0.00, 0.00, 0.00, 0.00, 0.00, 0.00, 1.00, 0.00, 0.00, 0.00
87,  0,  2.870,  0.98,  1,  0.088932,  -0.001834,  -0.996036,  -0.076250,  0.072722,  -0.994433,  0.006,  0.036,  533.0,  537.8,  549.5,  561.1,  565.9,  562.1,  549.4,  537.8,  521.4,  526.7,  535.2,  547.3,  560.4,  570.9,  579.0,  570.1,  558.6,  547.0,  536.6,  528.0,  544.1,  550.1,  556.2,  558.6,  556.1,  550.1,  544.1,  541.6,  677.9,  680.5,  690.8,  702.7,  709.2,  706.6,  696.3,  683.6,  668.9,  675.1,  684.0,  696.2,  707.7,  716.0,  721.8,  717.1,  710.1,  700.8,  689.6,  678.3,  688.0,  694.5,  700.0,  701.4,  697.9,  691.4,  685.9,  684.5,  304.7,  292.2,  286.6,  291.0,  303.0,  316.4,  321.1,  316.7,  313.5,  305.5,  299.8,  296.1,  297.1,  302.0,  309.8,  315.9,  319.3,  321.5,  321.1,  318.7,  311.0,  313.3,  310.3,  303.9,  297.7,  295.4,  298.4,  304.9,  295.9,  284.3,  278.7,  282.4,  293.3,  305.0,  310.6,  307.9,  303.3,  294.3,  288.0,  284.9,  287.1,  292.1,  299.9,  303.3,  305.1,  306.1,  306.2,  305.9,  302.0,  304.0,  301.0,  294.7,  288.8,  286.8,  289.8,  296.1,  -36.8,  -35.2,  -31.1,  -26.9,  -25.2,  -26.5,  -30.9,  -35.0,  -41.3,  -39.1,  -35.8,  -31.5,  -27.0,  -23.5,  -20.8,  -23.7,  -27.5,  -31.5,  -35.3,  -38.6,  -32.9,  -30.7,  -28.6,  -27.8,  -28.7,  -30.9,  -33.0,  -33.8,  13.6,  14.6,  18.4,  22.8,  25.1,  24.1,  20.2,  15.6,  10.4,  12.6,  15.8,  20.2,  24.5,  27.8,  30.2,  28.1,  25.3,  21.8,  17.7,  13.7,  17.3,  19.7,  21.7,  22.3,  21.0,  18.7,  16.6,  16.0,  -19.0,  -23.3,  -25.2,  -23.6,  -19.4,  -14.8,  -13.2,  -14.8,  -16.2,  -18.8,  -20.6,  -21.7,  -21.3,  -19.7,  -17.1,  -14.9,  -13.8,  -13.1,  -13.3,  -14.2,  -16.8,  -16.0,  -17.0,  -19.2,  -21.3,  -22.2,  -21.2,  -18.9,  -23.0,  -27.3,  -29.5,  -28.2,  -24.2,  -19.9,  -17.8,  -18.7,  -20.3,  -23.6,  -25.9,  -27.0,  -26.4,  -24.8,  -22.2,  -20.7,  -19.8,  -19.3,  -19.2,  -19.4,  -20.9,  -20.2,  -21.3,  -23.7,  -25.9,  -26.6,  -25.4,  -23.1,  300.8,  301.1,  300.4,  298.9,  297.6,  297.3,  298.0,  299.4,  304.9,  302.0,  299.4,  297.3,  296.8,  297.2,  297.9,  296.8,  296.0,  296.6,  298.7,  301.6,  300.1,  299.3,  298.9,  299.1,  299.8,  300.6,  301.0,  300.8,  314.2,  315.9,  317.6,  318.4,  317.7,  316.0,  314.2,  313.6,  314.0,  313.8,  314.0,  315.0,  317.3,  320.0,  322.7,  319.1,  316.0,  313.7,  312.7,  313.0,  315.3,  315.8,  316.7,  317.7,  318.0,  317.6,  316.7,  315.7,  -2.8,  16.4,  354.2,  -0.053,  -0.008,  -0.094,  453.0,  461.4,  474.7,  489.4,  510.6,  538.5,  569.6,  608.0,  651.7,  694.2,  729.1,  757.2,  775.4,  784.3,  787.7,  788.3,  785.0,  478.4,  496.8,  525.4,  555.5,  583.7,  653.8,  683.4,  712.2,  740.2,  759.1,  624.8,  627.8,  630.9,  634.2,  599.9,  617.7,  636.0,  653.9,  669.6,  519.3,  536.3,  559.4,  579.2,  559.6,  536.5,  666.7,  684.5,  707.0,  724.7,  709.9,  687.9,  582.5,  600.7,  622.8,  640.2,  658.7,  681.3,  700.6,  685.6,  665.4,  645.1,  626.7,  603.5,  592.7,  624.3,  641.2,  660.5,  690.0,  662.5,  643.2,  625.7,  320.8,  371.9,  422.5,  470.3,  514.7,  552.8,  584.8,  606.1,  608.7,  598.3,  570.5,  532.7,  489.5,  441.4,  392.4,  342.9,  293.9,  291.3,  267.2,  257.1,  258.2,  265.0,  260.1,  250.4,  246.1,  251.1,  270.5,  297.3,  325.3,  353.0,  381.9,  409.0,  413.6,  417.3,  410.2,  402.5,  314.1,  299.6,  297.8,  310.4,  317.1,  319.8,  303.7,  288.1,  287.4,  298.1,  305.6,  306.8,  483.0,  459.1,  448.4,  451.4,  445.3,  452.9,  470.6,  492.8,  503.1,  507.0,  506.9,  500.1,  480.8,  464.7,  464.2,  461.1,  471.1,  480.3,  484.6,  484.1,  -87.4,  -83.8,  -77.5,  -70.3,  -59.5,  -45.9,  -31.1,  -13.6,  4.9,  23.0,  39.1,  52.8,  61.9,  65.8,  67.1,  67.1,  65.9,  -68.8,  -59.9,  -47.2,  -34.4,  -22.7,  5.6,  17.9,  30.1,  42.4,  51.2,  -6.1,  -4.8,  -3.5,  -2.2,  -15.8,  -8.7,  -1.5,  5.4,  11.6,  -50.4,  -42.9,  -33.3,  -25.1,  -33.1,  -42.7,  11.1,  18.5,  28.0,  35.7,  29.1,  19.9,  -23.6,  -15.5,  -6.7,  0.1,  7.3,  16.4,  24.8,  18.1,  9.9,  2.0,  -5.2,  -14.4,  -19.2,  -6.2,  0.5,  8.0,  20.3,  8.8,  1.2,  -5.6,  -18.3,  5.6,  29.3,  51.5,  71.2,  87.2,  99.3,  104.7,  104.1,  101.0,  92.2,  77.9,  59.2,  37.1,  14.7,  -7.7,  -30.0,  -29.3,  -38.8,  -42.4,  -41.4,  -38.3,  -40.4,  -45.1,  -47.5,  -46.1,  -38.5,  -25.2,  -13.6,  -2.7,  8.2,  19.4,  20.9,  22.2,  19.5,  16.7,  -19.2,  -25.0,  -25.7,  -20.5,  -17.7,  -16.6,  -23.4,  -29.9,  -30.3,  -26.1,  -22.7,  -22.1,  50.4,  39.1,  34.5,  35.5,  33.2,  36.9,  45.3,  52.7,  55.8,  57.2,  57.4,  55.4,  49.2,  41.0,  40.6,  39.6,  45.1,  47.2,  48.7,  48.8,  408.7,  410.3,  410.6,  408.4,  402.7,  395.6,  386.5,  372.5,  366.1,  370.8,  383.4,  394.5,  399.7,  399.1,  397.4,  395.8,  397.3,  372.4,  366.1,  360.3,  356.0,  353.0,  354.4,  360.0,  364.7,  370.1,  376.0,  351.1,  343.5,  336.1,  328.9,  345.7,  341.3,  338.5,  340.2,  343.4,  365.0,  362.3,  361.5,  360.7,  360.3,  361.3,  364.2,  364.3,  365.7,  368.7,  364.5,  363.0,  358.4,  345.4,  341.1,  340.0,  340.7,  347.7,  358.5,  347.4,  341.0,  340.3,  341.7,  346.4,  356.0,  342.7,  341.2,  342.5,  355.5,  343.2,  342.2,  343.8,  2.411,  0.030,  0.008,  -0.094,  633.318,  401.484,  -19.128,  17.278,  -5.880,  16.695,  -17.916,  -3.731,  2.397,  -1.498,  8.299,  -13.997,  -8.968,  5.933,  0.003,  1.476,  7.304,  -1.113,  2.134,  -3.491,  0.153,  -3.199,  -2.831,  2.262,  -1.259,  -1.059,  1.395,  2.620,  -0.218,  -0.766,  0.362,  -0.781,  -0.659,  -0.116,  -0.420,  -0.076, 0.00, 0.02, 0.00, 0.04, 0.00, 0.00, 0.00, 1.46, 0.31, 0.13, 0.05, 0.12, 0.00, 0.00, 1.72, 1.87, 0.00, 0.00, 0.00, 0.00, 1.00, 0.00, 0.00, 0.00, 1.00, 0.00, 0.00, 0.00, 0.00, 0.00, 0.00, 1.00, 0.00, 0.00, 0.00
88,  0,  2.903,  0.98,  1,  0.061821,  -0.010028,  -0.998037,  -0.062170,  0.069907,  -0.995614,  -0.000,  0.030,  533.2,  537.8,  549.0,  560.1,  564.7,  561.1,  548.9,  537.8,  521.7,  527.1,  535.8,  547.8,  560.6,  570.8,  578.7,  570.3,  559.0,  547.7,  537.2,  528.4,  544.1,  549.6,  555.1,  557.3,  555.0,  549.5,  544.0,  541.8,  678.5,  681.2,  691.4,  703.1,  709.6,  706.9,  696.7,  684.1,  669.3,  675.4,  684.2,  695.9,  707.2,  715.8,  722.0,  717.2,  710.0,  700.5,  689.5,  678.5,  688.5,  695.0,  700.6,  702.0,  698.5,  692.0,  686.4,  685.0,  304.0,  292.2,  286.7,  290.9,  302.2,  315.0,  319.5,  315.4,  313.2,  305.2,  299.3,  295.6,  296.9,  301.9,  309.5,  315.5,  318.6,  320.7,  320.5,  318.3,  309.8,  311.8,  309.1,  303.2,  297.7,  295.6,  298.3,  304.2,  295.0,  284.0,  278.9,  282.7,  293.1,  304.1,  309.2,  306.5,  302.8,  293.9,  287.4,  284.3,  286.4,  291.8,  299.7,  302.9,  304.5,  305.4,  305.5,  305.3,  301.3,  303.3,  300.5,  294.5,  288.8,  286.7,  289.5,  295.5,  -37.8,  -36.2,  -32.2,  -28.2,  -26.4,  -27.6,  -32.0,  -36.0,  -42.5,  -40.1,  -36.7,  -32.3,  -27.8,  -24.2,  -21.6,  -24.4,  -28.2,  -32.2,  -36.1,  -39.6,  -33.9,  -31.9,  -29.9,  -29.1,  -30.0,  -32.0,  -34.0,  -34.8,  14.0,  15.1,  18.9,  23.3,  25.6,  24.5,  20.6,  16.0,  10.7,  12.9,  16.1,  20.5,  24.7,  28.1,  30.6,  28.5,  25.6,  22.0,  17.9,  14.0,  17.7,  20.1,  22.2,  22.8,  21.6,  19.2,  17.0,  16.4,  -19.8,  -24.1,  -25.9,  -24.4,  -20.3,  -15.7,  -14.2,  -15.7,  -16.8,  -19.5,  -21.4,  -22.6,  -22.1,  -20.4,  -17.8,  -15.6,  -14.5,  -13.7,  -13.9,  -14.8,  -17.7,  -17.0,  -17.9,  -20.0,  -22.0,  -22.8,  -21.9,  -19.8,  -23.7,  -27.9,  -29.9,  -28.6,  -24.6,  -20.4,  -18.5,  -19.4,  -20.8,  -24.1,  -26.4,  -27.7,  -27.1,  -25.3,  -22.6,  -21.1,  -20.3,  -19.8,  -19.8,  -19.8,  -21.5,  -20.7,  -21.8,  -24.1,  -26.3,  -27.0,  -25.9,  -23.6,  309.9,  310.4,  309.8,  308.3,  307.0,  306.5,  307.0,  308.5,  313.9,  311.1,  308.5,  306.5,  306.1,  306.7,  307.5,  306.2,  305.2,  305.7,  307.6,  310.5,  309.2,  308.5,  308.2,  308.5,  309.1,  309.8,  310.1,  309.9,  318.7,  320.8,  322.6,  323.1,  322.1,  320.0,  318.2,  317.7,  318.6,  318.6,  318.8,  319.8,  321.9,  324.5,  327.0,  323.2,  320.0,  317.8,  317.0,  317.4,  319.6,  319.9,  320.9,  322.1,  322.6,  322.3,  321.3,  320.2,  -2.7,  16.2,  354.9,  -0.053,  -0.006,  -0.094,  453.1,  461.5,  475.0,  489.7,  511.1,  539.3,  570.4,  608.7,  652.3,  694.6,  729.5,  757.4,  775.7,  784.6,  787.9,  788.5,  785.2,  478.8,  497.2,  525.8,  555.9,  584.1,  653.9,  683.5,  712.4,  740.4,  759.3,  625.0,  627.9,  630.9,  634.2,  600.1,  617.9,  636.1,  654.0,  669.7,  519.7,  536.6,  559.7,  579.3,  559.8,  536.8,  666.9,  684.5,  706.9,  724.6,  709.8,  688.0,  582.5,  600.8,  622.8,  640.2,  658.8,  681.6,  701.1,  685.8,  665.4,  645.1,  626.7,  603.6,  592.8,  624.2,  641.3,  660.6,  690.4,  662.6,  643.2,  625.6,  320.1,  371.2,  421.8,  469.6,  514.0,  552.1,  583.9,  605.1,  607.7,  597.4,  569.8,  532.4,  489.4,  441.5,  392.5,  343.0,  293.9,  290.8,  266.7,  256.6,  257.8,  264.7,  259.8,  249.8,  245.5,  250.6,  270.1,  296.9,  324.8,  352.4,  381.2,  408.5,  413.0,  416.7,  409.6,  401.9,  313.6,  299.2,  297.4,  309.8,  316.6,  319.2,  303.2,  287.7,  286.9,  297.6,  305.1,  306.3,  482.5,  458.6,  448.0,  451.0,  444.9,  452.5,  470.1,  492.0,  502.2,  506.0,  505.9,  499.2,  480.3,  464.3,  463.9,  460.7,  470.6,  479.4,  483.7,  483.3,  -87.5,  -83.9,  -77.6,  -70.3,  -59.4,  -45.6,  -30.8,  -13.3,  5.2,  23.2,  39.2,  53.0,  62.0,  66.0,  67.2,  67.2,  65.9,  -68.7,  -59.9,  -47.1,  -34.3,  -22.6,  5.6,  17.9,  30.2,  42.5,  51.4,  -6.0,  -4.8,  -3.5,  -2.2,  -15.8,  -8.7,  -1.5,  5.4,  11.7,  -50.3,  -42.9,  -33.3,  -25.1,  -33.1,  -42.7,  11.2,  18.6,  28.0,  35.7,  29.1,  19.9,  -23.6,  -15.5,  -6.7,  0.1,  7.3,  16.6,  25.1,  18.2,  9.9,  2.0,  -5.2,  -14.4,  -19.2,  -6.2,  0.5,  8.1,  20.5,  8.9,  1.3,  -5.7,  -18.7,  5.3,  29.1,  51.3,  71.0,  86.9,  98.9,  104.4,  103.7,  100.6,  92.0,  77.8,  59.1,  37.2,  14.8,  -7.7,  -30.0,  -29.5,  -39.1,  -42.6,  -41.7,  -38.5,  -40.7,  -45.4,  -47.8,  -46.4,  -38.7,  -25.4,  -13.9,  -2.9,  8.0,  19.2,  20.7,  22.0,  19.3,  16.5,  -19.4,  -25.2,  -25.9,  -20.7,  -17.9,  -16.9,  -23.7,  -30.2,  -30.6,  -26.3,  -22.9,  -22.3,  50.3,  39.0,  34.4,  35.4,  33.1,  36.8,  45.2,  52.5,  55.5,  56.9,  57.1,  55.2,  49.0,  40.9,  40.6,  39.5,  45.0,  46.9,  48.5,  48.5,  409.6,  411.2,  411.6,  409.3,  403.3,  395.9,  386.7,  372.6,  366.3,  370.9,  383.6,  394.8,  400.0,  399.3,  397.5,  395.8,  397.2,  373.0,  366.8,  361.0,  356.7,  353.8,  355.0,  360.6,  365.3,  370.7,  376.6,  351.7,  344.2,  336.9,  329.7,  346.5,  342.2,  339.3,  341.0,  344.1,  365.6,  363.0,  362.2,  361.5,  361.0,  362.1,  364.8,  364.9,  366.2,  369.2,  365.1,  363.6,  359.1,  346.1,  341.9,  340.7,  341.4,  348.4,  359.2,  348.0,  341.7,  341.0,  342.4,  347.1,  356.7,  343.4,  341.9,  343.2,  356.2,  343.9,  342.9,  344.5,  2.407,  0.029,  0.011,  -0.094,  633.522,  400.950,  -20.009,  17.759,  -6.195,  16.001,  -17.695,  -3.151,  2.528,  -1.006,  8.652,  -13.949,  -9.336,  5.621,  -0.370,  1.458,  7.160,  -0.512,  1.887,  -3.381,  0.289,  -3.336,  -3.002,  2.084,  -1.003,  -1.114,  1.464,  2.535,  -0.290,  -0.772,  0.396,  -0.847,  -0.624,  -0.125,  -0.343,  -0.067, 0.00, 0.02, 0.00, 0.04, 0.00, 0.00, 0.00, 1.48, 0.29, 0.09, 0.05, 0.15, 0.01, 0.00, 1.57, 1.93, 0.00, 0.00, 0.00, 0.00, 1.00, 0.00, 0.00, 0.00, 1.00, 0.00, 0.00, 0.00, 0.00, 0.00, 0.00, 1.00, 0.00, 0.00, 0.00
89,  0,  2.936,  0.98,  1,  0.060785,  -0.011451,  -0.998085,  -0.047262,  0.065436,  -0.996737,  0.007,  0.027,  533.4,  538.1,  549.2,  560.3,  564.9,  561.3,  549.1,  538.0,  522.1,  527.5,  536.1,  548.1,  561.0,  571.1,  578.7,  570.2,  558.9,  547.6,  537.2,  528.6,  544.3,  549.8,  555.3,  557.6,  555.3,  549.8,  544.3,  542.0,  679.6,  682.4,  692.4,  703.8,  709.9,  707.1,  697.1,  684.9,  669.8,  675.7,  684.3,  696.2,  707.6,  716.2,  722.2,  717.3,  710.0,  700.6,  689.6,  678.7,  689.4,  695.5,  700.9,  702.4,  699.1,  693.0,  687.6,  686.1,  303.6,  291.7,  286.2,  290.4,  301.8,  314.6,  319.1,  315.0,  312.3,  304.3,  298.5,  294.9,  296.4,  301.5,  309.3,  315.3,  318.4,  320.4,  320.0,  317.6,  309.3,  311.4,  308.7,  302.8,  297.1,  295.1,  297.8,  303.7,  294.5,  283.6,  278.5,  282.2,  292.6,  303.5,  308.6,  305.9,  302.4,  293.6,  287.2,  283.9,  286.0,  291.2,  299.1,  302.5,  304.2,  305.2,  305.2,  305.0,  300.5,  302.5,  299.8,  293.9,  288.3,  286.3,  289.0,  294.9,  -37.7,  -36.2,  -32.1,  -28.1,  -26.3,  -27.6,  -31.9,  -36.0,  -42.3,  -40.0,  -36.6,  -32.2,  -27.6,  -24.2,  -21.5,  -24.4,  -28.3,  -32.3,  -36.1,  -39.5,  -33.8,  -31.8,  -29.8,  -29.0,  -29.9,  -31.9,  -33.9,  -34.7,  14.7,  15.8,  19.7,  24.0,  26.3,  25.1,  21.2,  16.6,  11.1,  13.3,  16.5,  20.9,  25.4,  28.8,  31.3,  29.1,  26.1,  22.5,  18.4,  14.4,  18.4,  20.7,  22.8,  23.4,  22.2,  19.9,  17.8,  17.2,  -20.0,  -24.2,  -26.1,  -24.5,  -20.4,  -15.9,  -14.3,  -15.9,  -17.1,  -19.8,  -21.7,  -22.8,  -22.2,  -20.5,  -17.8,  -15.6,  -14.5,  -13.8,  -14.1,  -15.0,  -17.9,  -17.1,  -18.1,  -20.2,  -22.2,  -23.0,  -22.0,  -19.9,  -24.4,  -28.6,  -30.6,  -29.3,  -25.3,  -21.1,  -19.1,  -20.1,  -21.5,  -24.7,  -27.1,  -28.4,  -27.7,  -26.0,  -23.2,  -21.7,  -20.8,  -20.3,  -20.3,  -20.4,  -22.2,  -21.5,  -22.6,  -24.8,  -27.0,  -27.7,  -26.6,  -24.3,  309.9,  310.3,  309.6,  308.2,  306.8,  306.5,  307.0,  308.5,  314.0,  311.1,  308.5,  306.5,  306.0,  306.5,  307.3,  306.1,  305.2,  305.7,  307.7,  310.6,  309.2,  308.5,  308.1,  308.4,  309.0,  309.7,  310.1,  309.8,  325.4,  327.2,  328.8,  329.4,  328.5,  326.7,  325.1,  324.6,  325.6,  325.3,  325.3,  326.1,  328.1,  330.8,  333.4,  329.8,  326.7,  324.6,  323.8,  324.4,  326.4,  326.7,  327.6,  328.6,  329.0,  328.7,  327.8,  326.9,  -2.6,  16.0,  355.3,  -0.055,  -0.005,  -0.094,  453.6,  461.9,  475.3,  490.0,  511.3,  539.5,  570.4,  608.7,  652.4,  694.8,  729.8,  757.9,  776.1,  785.0,  788.2,  788.7,  785.4,  479.2,  497.5,  526.2,  556.3,  584.5,  654.1,  683.8,  712.6,  740.7,  759.5,  625.3,  628.1,  631.1,  634.4,  600.4,  618.1,  636.3,  654.2,  669.9,  520.0,  536.9,  559.9,  579.5,  560.0,  537.0,  667.3,  684.8,  707.2,  724.8,  710.0,  688.2,  582.6,  601.1,  623.2,  640.5,  658.9,  681.8,  701.5,  686.0,  665.5,  645.3,  627.0,  603.8,  592.9,  624.6,  641.5,  660.8,  690.8,  662.7,  643.4,  626.0,  319.9,  371.0,  421.6,  469.3,  513.6,  551.5,  583.1,  604.3,  606.8,  596.6,  569.0,  531.6,  488.7,  440.9,  392.2,  342.8,  293.9,  290.2,  266.1,  255.9,  257.1,  264.1,  259.3,  249.2,  244.9,  250.0,  269.6,  296.3,  324.1,  351.6,  380.3,  408.0,  412.5,  416.1,  409.1,  401.3,  313.1,  298.7,  296.9,  309.4,  316.2,  318.8,  302.8,  287.2,  286.4,  297.3,  304.7,  305.9,  482.0,  458.2,  447.7,  450.7,  444.7,  452.2,  469.7,  491.4,  501.4,  505.1,  505.1,  498.4,  479.9,  464.1,  463.6,  460.5,  470.2,  478.7,  483.0,  482.5,  -87.4,  -83.8,  -77.5,  -70.2,  -59.3,  -45.5,  -30.8,  -13.3,  5.2,  23.2,  39.4,  53.2,  62.2,  66.1,  67.3,  67.3,  66.1,  -68.6,  -59.8,  -47.0,  -34.2,  -22.5,  5.7,  18.1,  30.4,  42.7,  51.5,  -5.9,  -4.7,  -3.4,  -2.1,  -15.7,  -8.6,  -1.4,  5.5,  11.8,  -50.2,  -42.9,  -33.2,  -25.0,  -33.0,  -42.7,  11.4,  18.7,  28.2,  35.8,  29.3,  20.1,  -23.6,  -15.4,  -6.6,  0.2,  7.4,  16.7,  25.3,  18.3,  10.0,  2.1,  -5.1,  -14.4,  -19.2,  -6.0,  0.6,  8.2,  20.7,  8.9,  1.4,  -5.5,  -18.8,  5.2,  29.0,  51.2,  70.8,  86.7,  98.7,  104.1,  103.3,  100.3,  91.6,  77.4,  58.8,  36.9,  14.6,  -7.8,  -30.0,  -29.8,  -39.4,  -43.0,  -42.0,  -38.8,  -40.9,  -45.7,  -48.1,  -46.7,  -38.9,  -25.6,  -14.1,  -3.2,  7.7,  19.0,  20.5,  21.8,  19.1,  16.3,  -19.6,  -25.5,  -26.2,  -20.9,  -18.1,  -17.1,  -23.9,  -30.4,  -30.8,  -26.5,  -23.1,  -22.5,  50.2,  38.9,  34.3,  35.4,  33.1,  36.8,  45.1,  52.3,  55.3,  56.6,  56.8,  55.0,  48.9,  40.9,  40.5,  39.5,  44.9,  46.7,  48.2,  48.3,  410.1,  411.7,  412.0,  409.7,  403.6,  396.1,  386.9,  372.8,  366.3,  370.9,  383.5,  394.6,  399.8,  399.1,  397.5,  395.9,  397.5,  373.3,  367.2,  361.4,  357.2,  354.4,  355.7,  361.2,  365.8,  371.2,  377.1,  352.2,  344.8,  337.4,  330.3,  347.0,  342.6,  339.8,  341.5,  344.6,  366.1,  363.5,  362.7,  362.0,  361.5,  362.6,  365.3,  365.5,  366.7,  369.8,  365.6,  364.1,  359.6,  346.6,  342.3,  341.2,  341.9,  348.9,  359.7,  348.5,  342.0,  341.3,  342.7,  347.5,  357.2,  343.8,  342.3,  343.6,  356.8,  344.3,  343.2,  344.8,  2.404,  0.027,  0.012,  -0.094,  633.779,  400.428,  -20.848,  18.053,  -6.514,  15.570,  -17.426,  -3.042,  2.201,  -0.928,  8.855,  -13.381,  -9.446,  6.035,  -0.794,  1.346,  7.078,  -0.381,  1.851,  -3.580,  0.462,  -3.194,  -3.059,  2.041,  -0.901,  -1.053,  1.547,  2.407,  -0.388,  -0.904,  0.354,  -0.783,  -0.710,  -0.288,  -0.414,  -0.025, 0.00, 0.05, 0.00, 0.11, 0.00, 0.00, 0.00, 1.45, 0.29, 0.09, 0.00, 0.12, 0.01, 0.00, 1.48, 1.82, 0.00, 0.00, 0.00, 0.00, 1.00, 0.00, 0.00, 0.00, 1.00, 0.00, 0.00, 0.00, 0.00, 0.00, 0.00, 1.00, 0.00, 0.00, 0.00
90,  0,  2.970,  0.98,  1,  0.075207,  0.002680,  -0.997164,  -0.056540,  0.064842,  -0.996292,  0.009,  0.034,  533.7,  538.4,  549.8,  561.2,  566.0,  562.4,  550.0,  538.5,  522.6,  527.6,  535.9,  548.0,  561.3,  571.6,  579.3,  570.6,  559.1,  547.7,  537.5,  529.1,  544.8,  550.6,  556.4,  558.8,  556.3,  550.5,  544.7,  542.4,  679.6,  682.2,  692.2,  703.8,  710.0,  707.4,  697.3,  685.0,  669.9,  676.0,  684.6,  696.5,  708.0,  716.6,  722.6,  717.7,  710.4,  701.0,  690.0,  679.0,  689.4,  695.7,  701.1,  702.5,  699.1,  692.9,  687.5,  686.0,  303.2,  290.8,  285.3,  289.8,  301.8,  315.1,  319.8,  315.2,  311.8,  303.7,  298.1,  294.4,  295.6,  300.6,  308.7,  314.7,  318.0,  320.1,  319.6,  317.1,  309.4,  311.6,  308.8,  302.5,  296.5,  294.2,  297.0,  303.3,  294.1,  283.0,  277.8,  281.4,  291.8,  302.9,  308.2,  305.6,  301.7,  292.8,  286.4,  283.2,  285.4,  290.5,  298.3,  301.9,  303.8,  304.8,  304.8,  304.5,  300.1,  302.0,  299.2,  293.2,  287.5,  285.5,  288.4,  294.4,  -37.0,  -35.3,  -31.3,  -27.2,  -25.4,  -26.7,  -31.0,  -35.2,  -41.4,  -39.2,  -36.0,  -31.6,  -27.0,  -23.5,  -20.9,  -23.8,  -27.7,  -31.7,  -35.4,  -38.7,  -33.0,  -30.9,  -28.9,  -28.1,  -29.0,  -31.1,  -33.1,  -33.9,  14.6,  15.6,  19.5,  23.8,  26.1,  24.9,  21.1,  16.5,  11.0,  13.2,  16.4,  20.9,  25.3,  28.7,  31.2,  29.0,  26.1,  22.4,  18.3,  14.3,  18.3,  20.6,  22.7,  23.3,  22.0,  19.7,  17.6,  17.0,  -19.7,  -24.1,  -25.9,  -24.2,  -20.0,  -15.4,  -13.9,  -15.5,  -17.0,  -19.6,  -21.4,  -22.5,  -22.1,  -20.4,  -17.7,  -15.6,  -14.4,  -13.7,  -14.0,  -15.0,  -17.6,  -16.7,  -17.7,  -19.9,  -22.0,  -22.9,  -21.9,  -19.7,  -24.3,  -28.5,  -30.6,  -29.3,  -25.4,  -21.1,  -19.1,  -20.0,  -21.5,  -24.7,  -27.1,  -28.4,  -27.7,  -26.0,  -23.3,  -21.7,  -20.8,  -20.3,  -20.2,  -20.4,  -22.2,  -21.5,  -22.6,  -24.9,  -27.0,  -27.7,  -26.6,  -24.3,  304.2,  304.3,  303.4,  302.0,  300.9,  300.9,  301.7,  303.2,  308.4,  305.4,  302.6,  300.4,  299.9,  300.4,  301.3,  300.3,  299.7,  300.4,  302.4,  305.2,  303.6,  302.9,  302.4,  302.5,  303.0,  303.8,  304.2,  304.2,  322.5,  324.2,  325.9,  326.5,  325.6,  323.9,  322.2,  321.7,  322.6,  322.3,  322.3,  323.2,  325.3,  327.9,  330.5,  326.9,  323.8,  321.6,  320.8,  321.4,  323.5,  323.8,  324.7,  325.7,  326.1,  325.8,  324.9,  324.0,  -2.5,  15.7,  355.0,  -0.055,  -0.005,  -0.095,  453.7,  462.1,  475.4,  490.1,  511.5,  539.8,  571.0,  609.5,  653.2,  695.5,  730.3,  758.3,  776.4,  785.2,  788.4,  788.9,  785.6,  479.3,  497.6,  526.1,  556.2,  584.5,  654.4,  684.1,  712.9,  741.0,  759.8,  625.6,  628.4,  631.5,  634.8,  600.7,  618.5,  636.7,  654.6,  670.4,  520.2,  537.1,  560.2,  579.8,  560.4,  537.3,  667.5,  685.0,  707.5,  725.2,  710.4,  688.5,  582.7,  601.5,  623.9,  640.9,  659.1,  682.1,  702.2,  686.4,  665.7,  645.9,  627.8,  604.3,  593.0,  625.4,  642.1,  661.0,  691.5,  662.9,  643.9,  626.7,  319.7,  370.6,  421.1,  468.8,  513.1,  551.0,  582.7,  603.8,  606.2,  595.7,  568.0,  530.5,  487.6,  439.9,  391.2,  342.1,  293.4,  289.9,  265.7,  255.3,  256.4,  263.4,  258.7,  248.6,  244.3,  249.5,  269.1,  295.6,  323.3,  350.8,  379.5,  407.4,  411.8,  415.4,  408.3,  400.6,  312.6,  298.1,  296.2,  308.9,  315.7,  318.3,  302.2,  286.6,  285.8,  296.7,  304.2,  305.4,  481.2,  457.7,  447.2,  450.1,  444.1,  451.5,  468.6,  490.5,  500.5,  504.2,  504.2,  497.7,  479.1,  463.5,  463.1,  459.9,  469.2,  477.8,  482.0,  481.6,  -87.3,  -83.7,  -77.5,  -70.1,  -59.2,  -45.4,  -30.5,  -13.0,  5.5,  23.5,  39.6,  53.3,  62.3,  66.2,  67.4,  67.4,  66.1,  -68.5,  -59.7,  -47.0,  -34.2,  -22.5,  5.8,  18.2,  30.5,  42.8,  51.6,  -5.8,  -4.6,  -3.3,  -2.0,  -15.6,  -8.4,  -1.3,  5.7,  12.0,  -50.1,  -42.7,  -33.1,  -24.9,  -32.9,  -42.5,  11.5,  18.8,  28.3,  36.0,  29.4,  20.2,  -23.6,  -15.2,  -6.3,  0.4,  7.4,  16.8,  25.6,  18.5,  10.0,  2.3,  -4.8,  -14.2,  -19.2,  -5.7,  0.8,  8.2,  21.0,  9.0,  1.5,  -5.2,  -18.9,  5.0,  28.8,  50.9,  70.6,  86.5,  98.5,  103.9,  103.1,  99.9,  91.1,  76.9,  58.3,  36.4,  14.2,  -8.1,  -30.3,  -29.9,  -39.6,  -43.2,  -42.3,  -39.1,  -41.2,  -46.0,  -48.4,  -46.9,  -39.2,  -25.9,  -14.4,  -3.5,  7.3,  18.8,  20.3,  21.5,  18.8,  16.0,  -19.8,  -25.7,  -26.4,  -21.1,  -18.3,  -17.2,  -24.1,  -30.7,  -31.1,  -26.7,  -23.3,  -22.7,  49.8,  38.7,  34.1,  35.1,  32.8,  36.5,  44.7,  52.0,  54.8,  56.2,  56.4,  54.7,  48.6,  40.6,  40.3,  39.2,  44.5,  46.3,  47.8,  47.9,  410.1,  411.6,  411.8,  409.4,  403.3,  396.0,  386.9,  372.8,  366.4,  370.8,  383.4,  394.6,  399.8,  399.0,  397.5,  395.9,  397.5,  373.2,  367.1,  361.3,  357.1,  354.3,  355.5,  361.2,  365.8,  371.2,  377.0,  352.0,  344.5,  337.0,  329.8,  346.6,  342.3,  339.4,  341.2,  344.4,  366.0,  363.4,  362.5,  361.8,  361.3,  362.4,  365.2,  365.4,  366.7,  369.7,  365.5,  364.0,  359.7,  346.4,  342.0,  341.0,  341.6,  348.7,  359.8,  348.2,  341.6,  340.8,  342.2,  347.2,  357.3,  343.5,  342.1,  343.4,  356.8,  343.9,  342.8,  344.3,  2.406,  0.026,  0.011,  -0.095,  634.113,  399.757,  -20.038,  18.280,  -6.084,  15.660,  -17.444,  -3.003,  1.641,  -1.061,  8.594,  -13.360,  -9.565,  6.450,  -0.943,  0.791,  6.977,  -0.490,  2.023,  -3.365,  0.732,  -2.951,  -2.974,  1.746,  -0.981,  -0.981,  1.382,  2.502,  -0.472,  -0.861,  0.355,  -0.774,  -0.759,  -0.246,  -0.438,  -0.043, 0.00, 0.03, 0.00, 0.09, 0.00, 0.00, 0.00, 1.46, 0.28, 0.01, 0.00, 0.09, 0.01, 0.00, 1.42, 1.75, 0.00, 0.00, 0.00, 0.00, 1.00, 0.00, 0.00, 0.00, 1.00, 0.00, 0.00, 0.00, 0.00, 0.00, 0.00, 0.00, 0.00, 0.00, 0.00
91,  0,  3.003,  0.98,  1,  0.040493,  -0.025243,  -0.998861,  -0.048025,  0.057851,  -0.997169,  -0.004,  0.016,  533.7,  538.1,  549.0,  559.9,  564.5,  561.0,  549.2,  538.3,  522.6,  527.8,  536.5,  548.6,  561.5,  571.6,  578.9,  570.9,  559.7,  548.4,  538.0,  529.1,  544.8,  549.7,  554.6,  556.6,  554.5,  549.6,  544.7,  542.7,  680.4,  683.2,  693.2,  704.5,  710.5,  707.6,  697.7,  685.6,  671.0,  676.6,  684.9,  696.6,  708.2,  717.1,  723.4,  718.1,  710.5,  700.9,  690.1,  679.5,  690.3,  696.2,  701.5,  703.0,  699.9,  693.9,  688.6,  687.1,  302.2,  290.6,  285.2,  289.2,  300.3,  312.8,  317.3,  313.3,  311.5,  303.2,  297.3,  293.6,  295.2,  300.5,  308.4,  314.3,  317.4,  319.4,  319.2,  316.9,  307.2,  309.0,  306.6,  301.3,  296.4,  294.6,  297.0,  302.2,  293.4,  282.8,  277.8,  281.3,  291.3,  301.8,  306.8,  304.4,  301.6,  292.6,  286.0,  282.7,  284.8,  290.2,  298.3,  301.3,  302.8,  303.6,  303.7,  303.8,  299.0,  300.9,  298.2,  292.6,  287.4,  285.5,  288.2,  293.8,  -38.2,  -36.7,  -32.7,  -28.7,  -26.9,  -28.1,  -32.4,  -36.4,  -42.8,  -40.5,  -37.1,  -32.5,  -27.9,  -24.4,  -21.8,  -24.6,  -28.5,  -32.6,  -36.5,  -40.0,  -34.2,  -32.3,  -30.6,  -29.9,  -30.7,  -32.5,  -34.3,  -35.0,  15.3,  16.5,  20.4,  24.7,  26.9,  25.7,  21.8,  17.3,  11.8,  13.9,  17.0,  21.5,  26.1,  29.7,  32.3,  30.0,  26.8,  23.0,  18.9,  14.9,  19.1,  21.4,  23.5,  24.1,  22.9,  20.6,  18.6,  18.0,  -20.8,  -25.0,  -26.9,  -25.3,  -21.3,  -16.8,  -15.2,  -16.7,  -17.7,  -20.5,  -22.5,  -23.6,  -23.1,  -21.2,  -18.5,  -16.3,  -15.1,  -14.4,  -14.6,  -15.5,  -19.0,  -18.3,  -19.1,  -21.0,  -22.8,  -23.5,  -22.7,  -20.8,  -25.3,  -29.5,  -31.5,  -30.2,  -26.3,  -22.1,  -20.1,  -21.0,  -22.2,  -25.6,  -28.1,  -29.4,  -28.7,  -26.9,  -23.9,  -22.5,  -21.8,  -21.3,  -21.2,  -21.3,  -23.2,  -22.5,  -23.6,  -25.8,  -27.8,  -28.5,  -27.5,  -25.2,  314.7,  315.2,  314.6,  313.2,  311.9,  311.6,  312.1,  313.4,  318.8,  316.0,  313.3,  311.4,  311.1,  311.8,  312.8,  311.5,  310.5,  310.9,  312.8,  315.6,  314.1,  313.5,  313.2,  313.4,  314.0,  314.6,  314.9,  314.7,  332.1,  334.0,  335.5,  335.7,  334.6,  332.7,  331.2,  331.1,  332.4,  332.1,  332.0,  332.7,  334.4,  336.8,  339.1,  335.6,  332.7,  330.7,  330.2,  331.0,  332.8,  333.0,  333.8,  334.8,  335.4,  335.2,  334.4,  333.4,  -2.4,  15.5,  355.4,  -0.056,  -0.004,  -0.095,  454.1,  462.4,  475.7,  490.2,  511.5,  539.7,  570.9,  609.4,  653.4,  696.2,  731.4,  759.4,  777.3,  785.7,  788.6,  788.9,  785.6,  479.8,  498.2,  526.7,  556.7,  585.0,  654.6,  684.3,  713.1,  741.1,  759.8,  625.9,  628.7,  631.6,  634.9,  600.9,  618.6,  636.9,  654.8,  670.6,  520.5,  537.4,  560.4,  579.9,  560.5,  537.5,  667.9,  685.4,  707.9,  725.5,  710.7,  688.9,  582.4,  601.6,  624.1,  641.1,  659.2,  682.3,  702.7,  686.5,  665.7,  645.9,  627.9,  604.3,  592.6,  625.6,  642.2,  661.1,  692.0,  663.0,  644.1,  626.9,  319.5,  370.5,  421.0,  468.7,  512.9,  550.7,  582.1,  602.9,  605.1,  594.5,  566.7,  529.2,  486.2,  438.5,  390.2,  341.5,  293.2,  289.3,  265.2,  254.7,  255.7,  262.7,  258.0,  248.0,  243.9,  249.1,  268.6,  294.8,  322.5,  349.8,  378.4,  406.7,  411.1,  414.7,  407.6,  399.9,  312.2,  297.5,  295.7,  308.3,  315.2,  317.8,  301.7,  286.0,  285.3,  296.3,  303.6,  304.8,  480.5,  457.3,  446.9,  449.8,  443.9,  451.0,  467.8,  489.3,  499.1,  502.8,  502.9,  496.6,  478.5,  463.0,  462.5,  459.3,  468.4,  476.9,  481.1,  480.8,  -87.3,  -83.7,  -77.5,  -70.2,  -59.3,  -45.4,  -30.6,  -13.0,  5.6,  23.8,  40.0,  53.8,  62.7,  66.4,  67.5,  67.4,  66.2,  -68.4,  -59.6,  -46.9,  -34.0,  -22.3,  6.0,  18.3,  30.6,  42.9,  51.7,  -5.7,  -4.5,  -3.2,  -1.9,  -15.5,  -8.4,  -1.2,  5.8,  12.0,  -50.0,  -42.7,  -33.0,  -24.9,  -32.8,  -42.5,  11.7,  19.0,  28.5,  36.1,  29.6,  20.4,  -23.7,  -15.2,  -6.2,  0.4,  7.5,  16.9,  25.8,  18.5,  10.0,  2.3,  -4.8,  -14.2,  -19.4,  -5.7,  0.9,  8.3,  21.3,  9.0,  1.6,  -5.2,  -19.0,  4.9,  28.8,  50.9,  70.5,  86.3,  98.2,  103.4,  102.5,  99.3,  90.5,  76.3,  57.6,  35.8,  13.7,  -8.4,  -30.4,  -30.2,  -39.8,  -43.5,  -42.6,  -39.5,  -41.5,  -46.3,  -48.6,  -47.1,  -39.4,  -26.3,  -14.8,  -3.9,  6.9,  18.5,  20.0,  21.2,  18.6,  15.7,  -20.0,  -26.0,  -26.7,  -21.4,  -18.5,  -17.5,  -24.4,  -30.9,  -31.4,  -26.9,  -23.6,  -23.0,  49.6,  38.6,  34.0,  35.1,  32.8,  36.3,  44.4,  51.5,  54.3,  55.6,  55.9,  54.3,  48.4,  40.5,  40.1,  39.0,  44.3,  46.0,  47.5,  47.6,  411.0,  412.4,  412.4,  409.8,  403.6,  396.1,  386.9,  372.6,  366.0,  370.6,  383.3,  394.4,  399.6,  398.8,  397.3,  395.9,  397.7,  373.7,  367.6,  361.8,  357.6,  354.8,  356.2,  361.8,  366.4,  371.6,  377.2,  352.4,  344.9,  337.4,  330.1,  346.9,  342.6,  339.7,  341.4,  344.6,  366.3,  363.8,  362.9,  362.2,  361.7,  362.7,  365.7,  365.8,  367.1,  370.1,  365.9,  364.4,  360.1,  346.9,  342.5,  341.5,  342.1,  349.3,  360.4,  348.6,  341.8,  341.0,  342.4,  347.5,  357.7,  343.8,  342.4,  343.8,  357.3,  344.1,  343.0,  344.5,  2.403,  0.023,  0.014,  -0.096,  634.360,  399.072,  -20.453,  19.143,  -6.248,  14.708,  -17.370,  -2.462,  1.099,  -1.438,  8.766,  -12.443,  -9.630,  6.662,  -1.312,  0.516,  6.600,  -0.453,  2.035,  -3.320,  0.665,  -2.816,  -2.760,  2.001,  -1.013,  -0.978,  1.412,  2.407,  -0.461,  -0.972,  0.273,  -0.851,  -0.693,  -0.253,  -0.393,  -0.012, 0.00, 0.03, 0.00, 0.09, 0.00, 0.00, 0.00, 1.42, 0.29, 0.01, 0.00, 0.10, 0.00, 0.00, 1.43, 1.67, 0.00, 0.00, 0.00, 0.00, 1.00, 0.00, 0.00, 0.00, 1.00, 0.00, 0.00, 0.00, 0.00, 0.00, 0.00, 0.00, 0.00, 0.00, 0.00
92,  0,  3.036,  0.98,  1,  0.033249,  -0.013490,  -0.999356,  -0.052734,  0.047998,  -0.997454,  -0.010,  0.017,  534.0,  538.2,  548.9,  559.7,  564.3,  561.0,  549.4,  538.6,  523.2,  528.2,  536.7,  548.8,  561.8,  571.8,  579.1,  571.1,  559.9,  548.6,  538.3,  529.5,  545.1,  549.9,  554.6,  556.5,  554.4,  549.6,  544.9,  543.0,  680.6,  683.3,  693.2,  704.5,  710.7,  708.0,  698.1,  686.0,  671.0,  676.7,  685.2,  697.1,  708.7,  717.5,  723.6,  718.5,  710.9,  701.4,  690.5,  679.8,  690.6,  696.5,  701.6,  703.0,  699.8,  694.0,  688.9,  687.5,  302.0,  290.4,  285.0,  289.0,  300.0,  312.5,  317.0,  313.0,  310.9,  302.6,  296.8,  293.1,  294.7,  299.8,  307.5,  313.6,  316.7,  318.8,  318.6,  316.3,  306.8,  308.6,  306.2,  301.0,  296.1,  294.3,  296.7,  301.9,  292.6,  282.0,  276.9,  280.3,  290.4,  301.1,  306.1,  303.7,  300.8,  292.0,  285.5,  282.3,  284.6,  289.9,  297.9,  301.0,  302.4,  303.2,  303.2,  303.2,  298.1,  299.9,  297.3,  291.8,  286.7,  284.8,  287.5,  293.0,  -38.4,  -36.9,  -33.0,  -29.0,  -27.2,  -28.3,  -32.6,  -36.6,  -42.9,  -40.7,  -37.3,  -32.7,  -28.0,  -24.5,  -21.9,  -24.7,  -28.7,  -32.8,  -36.6,  -40.2,  -34.4,  -32.6,  -30.8,  -30.1,  -30.9,  -32.7,  -34.5,  -35.2,  15.3,  16.4,  20.2,  24.5,  26.8,  25.6,  21.8,  17.2,  11.6,  13.8,  17.0,  21.5,  26.0,  29.6,  32.1,  29.8,  26.7,  23.0,  18.9,  14.9,  19.1,  21.3,  23.3,  23.9,  22.7,  20.5,  18.5,  17.9,  -21.0,  -25.3,  -27.2,  -25.6,  -21.5,  -17.0,  -15.5,  -17.0,  -18.1,  -20.9,  -22.8,  -24.0,  -23.4,  -21.6,  -18.9,  -16.7,  -15.5,  -14.8,  -14.9,  -15.9,  -19.3,  -18.6,  -19.4,  -21.3,  -23.1,  -23.8,  -22.9,  -21.1,  -25.3,  -29.5,  -31.6,  -30.3,  -26.4,  -22.2,  -20.2,  -21.1,  -22.2,  -25.5,  -28.0,  -29.2,  -28.5,  -26.7,  -23.8,  -22.4,  -21.7,  -21.3,  -21.2,  -21.3,  -23.3,  -22.6,  -23.7,  -25.8,  -27.8,  -28.5,  -27.5,  -25.3,  317.2,  317.5,  316.8,  315.4,  314.3,  314.1,  314.7,  316.1,  321.5,  318.5,  315.7,  313.7,  313.4,  314.2,  315.3,  314.0,  313.1,  313.6,  315.5,  318.3,  316.7,  316.0,  315.7,  315.8,  316.4,  317.0,  317.3,  317.2,  328.8,  330.7,  332.3,  332.6,  331.6,  329.7,  328.1,  327.8,  328.9,  328.6,  328.5,  329.2,  331.1,  333.6,  336.1,  332.5,  329.5,  327.5,  326.9,  327.6,  329.7,  329.8,  330.7,  331.6,  332.2,  332.0,  331.2,  330.2,  -2.3,  15.3,  355.5,  -0.055,  -0.005,  -0.096,  454.2,  462.7,  475.9,  490.5,  511.8,  539.9,  570.9,  609.3,  653.3,  696.2,  731.5,  759.6,  777.5,  785.8,  788.7,  789.1,  785.7,  480.0,  498.2,  526.8,  557.0,  585.4,  654.8,  684.5,  713.3,  741.3,  760.0,  626.3,  629.1,  632.0,  635.3,  601.2,  619.0,  637.3,  655.2,  670.9,  520.9,  537.7,  560.7,  580.2,  560.8,  537.9,  668.3,  685.8,  708.2,  725.8,  711.0,  689.2,  582.9,  602.1,  624.7,  641.6,  659.5,  682.6,  703.0,  686.8,  666.0,  646.3,  628.4,  604.8,  593.1,  626.1,  642.6,  661.4,  692.3,  663.3,  644.5,  627.4,  319.4,  370.4,  420.8,  468.4,  512.5,  550.1,  581.3,  602.0,  604.2,  593.7,  565.9,  528.4,  485.4,  437.7,  389.5,  340.9,  292.8,  289.1,  264.8,  254.3,  255.3,  262.4,  257.7,  247.7,  243.4,  248.6,  268.2,  294.4,  322.1,  349.5,  378.1,  406.2,  410.6,  414.2,  407.2,  399.4,  311.6,  297.0,  295.2,  307.7,  314.6,  317.2,  301.1,  285.6,  284.8,  295.8,  303.1,  304.3,  480.0,  456.8,  446.5,  449.4,  443.4,  450.6,  467.3,  488.9,  498.7,  502.4,  502.4,  496.1,  477.9,  462.6,  462.1,  458.9,  468.0,  476.5,  480.6,  480.3,  -87.2,  -83.6,  -77.3,  -70.0,  -59.2,  -45.3,  -30.6,  -13.1,  5.6,  23.8,  40.1,  54.0,  62.9,  66.5,  67.6,  67.5,  66.3,  -68.4,  -59.6,  -46.8,  -33.9,  -22.1,  6.0,  18.4,  30.7,  43.0,  51.7,  -5.5,  -4.3,  -3.1,  -1.8,  -15.4,  -8.2,  -1.1,  5.9,  12.2,  -49.9,  -42.5,  -32.9,  -24.8,  -32.7,  -42.3,  11.8,  19.2,  28.6,  36.3,  29.7,  20.5,  -23.5,  -15.0,  -6.0,  0.6,  7.6,  17.0,  25.9,  18.7,  10.1,  2.5,  -4.6,  -14.0,  -19.2,  -5.5,  1.0,  8.4,  21.4,  9.2,  1.8,  -5.0,  -19.1,  4.9,  28.7,  50.8,  70.4,  86.1,  97.8,  103.1,  102.2,  99.0,  90.2,  76.0,  57.3,  35.5,  13.4,  -8.6,  -30.6,  -30.3,  -40.0,  -43.7,  -42.8,  -39.6,  -41.6,  -46.5,  -48.8,  -47.3,  -39.6,  -26.4,  -14.9,  -4.0,  6.8,  18.3,  19.8,  21.1,  18.4,  15.5,  -20.3,  -26.2,  -26.9,  -21.6,  -18.8,  -17.7,  -24.6,  -31.1,  -31.5,  -27.2,  -23.8,  -23.2,  49.4,  38.4,  33.9,  34.9,  32.6,  36.2,  44.2,  51.4,  54.2,  55.5,  55.7,  54.1,  48.2,  40.3,  40.0,  38.9,  44.1,  45.8,  47.3,  47.4,  411.0,  412.4,  412.4,  409.9,  403.7,  396.2,  386.9,  372.7,  366.2,  370.8,  383.6,  394.8,  400.1,  399.3,  397.7,  396.2,  398.0,  373.9,  367.7,  362.0,  357.7,  354.8,  356.4,  362.0,  366.5,  371.7,  377.3,  352.5,  345.0,  337.5,  330.2,  347.0,  342.7,  339.8,  341.6,  344.8,  366.4,  363.8,  363.0,  362.3,  361.8,  362.8,  365.8,  365.9,  367.2,  370.2,  366.1,  364.6,  360.2,  347.1,  342.6,  341.7,  342.3,  349.5,  360.6,  348.8,  342.0,  341.2,  342.5,  347.6,  357.8,  344.0,  342.7,  344.0,  357.6,  344.3,  343.2,  344.7,  2.402,  0.024,  0.012,  -0.096,  634.647,  398.591,  -20.229,  18.983,  -6.359,  14.681,  -17.223,  -2.342,  1.056,  -1.561,  8.866,  -12.248,  -9.447,  6.494,  -0.993,  0.478,  6.486,  -0.667,  2.250,  -3.529,  0.617,  -2.640,  -2.546,  1.883,  -0.878,  -0.981,  1.511,  2.502,  -0.439,  -0.877,  0.304,  -0.913,  -0.585,  -0.246,  -0.366,  0.050, 0.00, 0.00, 0.00, 0.00, 0.00, 0.00, 0.00, 1.44, 0.27, 0.00, 0.00, 0.09, 0.05, 0.00, 1.47, 1.68, 0.00, 0.00, 0.00, 0.00, 1.00, 0.00, 0.00, 0.00, 1.00, 0.00, 0.00, 0.00, 0.00, 0.00, 0.00, 0.00, 0.00, 0.00, 0.00
93,  0,  3.070,  0.98,  1,  0.049719,  -0.003620,  -0.998757,  -0.043516,  0.060472,  -0.997221,  0.003,  0.028,  534.2,  538.6,  549.4,  560.5,  565.3,  561.9,  550.0,  539.0,  523.1,  528.1,  536.6,  548.9,  562.0,  572.1,  579.5,  571.3,  560.0,  548.6,  538.3,  529.6,  545.2,  550.5,  555.7,  557.8,  555.5,  550.2,  545.0,  542.9,  680.9,  683.8,  693.8,  705.0,  710.9,  708.1,  698.1,  686.0,  671.1,  676.8,  685.3,  697.0,  708.6,  717.5,  723.8,  718.6,  710.9,  701.2,  690.4,  679.7,  690.8,  696.7,  701.9,  703.4,  700.3,  694.4,  689.2,  687.7,  301.9,  290.0,  284.6,  288.8,  300.1,  312.9,  317.4,  313.2,  310.6,  302.3,  296.6,  292.9,  294.4,  299.6,  307.5,  313.4,  316.6,  318.6,  318.3,  315.9,  307.2,  309.2,  306.6,  300.9,  295.5,  293.5,  296.1,  301.8,  292.4,  281.9,  277.0,  280.6,  290.6,  301.0,  305.9,  303.4,  300.6,  291.8,  285.2,  281.9,  284.1,  289.5,  297.6,  300.7,  302.1,  302.8,  302.9,  302.9,  298.1,  300.0,  297.4,  291.9,  286.7,  284.8,  287.4,  292.9,  -37.7,  -36.2,  -32.2,  -28.2,  -26.4,  -27.6,  -31.8,  -35.9,  -42.3,  -40.1,  -36.7,  -32.1,  -27.5,  -24.0,  -21.4,  -24.2,  -28.1,  -32.2,  -36.1,  -39.5,  -33.7,  -31.8,  -29.9,  -29.2,  -30.0,  -32.0,  -33.9,  -34.6,  15.5,  16.7,  20.6,  24.9,  27.1,  25.8,  21.9,  17.4,  11.8,  13.9,  17.1,  21.6,  26.1,  29.8,  32.4,  30.1,  26.9,  23.1,  19.0,  15.0,  19.3,  21.5,  23.6,  24.2,  23.1,  20.8,  18.7,  18.1,  -20.7,  -25.0,  -26.8,  -25.2,  -21.1,  -16.6,  -15.1,  -16.6,  -17.9,  -20.7,  -22.5,  -23.7,  -23.1,  -21.3,  -18.6,  -16.4,  -15.3,  -14.6,  -14.8,  -15.8,  -18.8,  -18.0,  -18.9,  -21.0,  -22.9,  -23.7,  -22.8,  -20.7,  -25.6,  -29.7,  -31.7,  -30.4,  -26.5,  -22.4,  -20.4,  -21.4,  -22.5,  -25.8,  -28.3,  -29.6,  -28.9,  -27.1,  -24.1,  -22.7,  -22.0,  -21.6,  -21.5,  -21.5,  -23.5,  -22.8,  -23.8,  -26.0,  -28.0,  -28.7,  -27.7,  -25.5,  311.9,  312.1,  311.3,  310.0,  309.0,  309.0,  309.6,  310.9,  316.4,  313.3,  310.5,  308.5,  308.1,  308.9,  309.9,  308.8,  308.0,  308.5,  310.4,  313.2,  311.4,  310.8,  310.5,  310.5,  311.0,  311.6,  312.0,  311.9,  331.3,  333.2,  334.7,  334.9,  333.8,  331.9,  330.4,  330.2,  331.6,  331.3,  331.2,  331.8,  333.6,  336.0,  338.4,  334.8,  331.9,  329.9,  329.4,  330.2,  332.0,  332.1,  332.9,  333.9,  334.5,  334.4,  333.6,  332.6,  -2.2,  15.2,  355.7,  -0.052,  -0.005,  -0.096,  454.4,  462.8,  476.1,  490.7,  512.1,  540.3,  571.4,  609.9,  653.7,  696.4,  731.2,  759.2,  777.2,  785.7,  788.7,  789.1,  785.8,  480.2,  498.7,  527.3,  557.3,  585.6,  655.0,  684.6,  713.5,  741.5,  760.3,  626.4,  629.2,  632.3,  635.6,  601.5,  619.3,  637.5,  655.4,  671.1,  521.0,  537.8,  560.8,  580.3,  561.0,  538.0,  668.3,  685.8,  708.2,  725.8,  711.1,  689.3,  583.1,  602.5,  625.0,  641.7,  659.5,  682.5,  702.9,  686.7,  665.9,  646.5,  628.7,  605.2,  593.3,  626.4,  642.8,  661.3,  692.3,  663.2,  644.6,  627.7,  319.3,  370.1,  420.4,  467.8,  511.7,  549.4,  580.7,  601.7,  604.1,  593.5,  565.9,  528.3,  485.2,  437.4,  389.0,  340.3,  292.0,  288.5,  264.4,  254.0,  255.0,  261.9,  257.2,  247.2,  243.0,  248.2,  267.8,  294.0,  321.8,  349.3,  378.0,  405.9,  410.4,  414.0,  406.9,  399.1,  311.4,  296.8,  294.9,  307.5,  314.4,  317.0,  300.8,  285.2,  284.5,  295.5,  302.8,  304.0,  479.4,  456.5,  446.2,  449.1,  443.3,  450.3,  466.8,  488.6,  498.3,  501.9,  501.9,  495.7,  477.5,  462.2,  461.7,  458.6,  467.5,  476.2,  480.3,  479.9,  -87.2,  -83.5,  -77.3,  -69.9,  -59.0,  -45.2,  -30.4,  -12.9,  5.8,  23.9,  40.0,  53.8,  62.8,  66.5,  67.6,  67.6,  66.4,  -68.3,  -59.4,  -46.6,  -33.8,  -22.0,  6.1,  18.5,  30.8,  43.1,  51.9,  -5.5,  -4.2,  -3.0,  -1.6,  -15.3,  -8.1,  -1.0,  6.0,  12.3,  -49.9,  -42.5,  -32.9,  -24.7,  -32.7,  -42.3,  11.8,  19.2,  28.6,  36.3,  29.7,  20.5,  -23.5,  -14.9,  -5.9,  0.7,  7.6,  17.0,  26.0,  18.6,  10.1,  2.5,  -4.4,  -13.8,  -19.1,  -5.3,  1.1,  8.4,  21.4,  9.1,  1.8,  -4.8,  -19.1,  4.8,  28.5,  50.5,  70.0,  85.8,  97.7,  103.1,  102.3,  99.1,  90.4,  76.0,  57.3,  35.3,  13.2,  -8.9,  -30.9,  -30.5,  -40.2,  -43.8,  -42.9,  -39.8,  -41.8,  -46.6,  -49.0,  -47.5,  -39.8,  -26.6,  -15.1,  -4.1,  6.8,  18.2,  19.7,  21.0,  18.3,  15.4,  -20.4,  -26.3,  -27.0,  -21.8,  -18.9,  -17.8,  -24.7,  -31.3,  -31.7,  -27.3,  -23.9,  -23.3,  49.2,  38.3,  33.8,  34.8,  32.6,  36.1,  44.1,  51.3,  54.1,  55.4,  55.6,  54.0,  48.1,  40.2,  39.9,  38.8,  44.0,  45.8,  47.2,  47.3,  411.0,  412.4,  412.4,  409.9,  403.8,  396.4,  387.4,  373.3,  366.8,  371.3,  384.0,  395.1,  400.3,  399.5,  397.9,  396.4,  398.1,  373.8,  367.7,  362.0,  357.7,  354.7,  356.1,  361.8,  366.4,  371.7,  377.5,  352.5,  345.0,  337.5,  330.3,  347.1,  342.8,  339.9,  341.7,  344.9,  366.6,  364.1,  363.2,  362.5,  361.9,  363.0,  365.8,  366.0,  367.3,  370.3,  366.1,  364.6,  360.7,  347.5,  342.9,  341.9,  342.6,  349.8,  361.0,  349.1,  342.3,  341.5,  342.9,  348.0,  358.3,  344.3,  342.9,  344.3,  357.9,  344.6,  343.5,  345.0,  2.401,  0.027,  0.011,  -0.096,  634.795,  398.243,  -20.305,  18.609,  -6.006,  15.026,  -16.777,  -2.212,  1.115,  -1.725,  8.619,  -12.676,  -9.441,  6.478,  -1.474,  0.054,  6.670,  -0.732,  2.287,  -3.431,  0.676,  -2.573,  -2.786,  2.046,  -0.803,  -0.925,  1.195,  2.446,  -0.623,  -0.786,  0.285,  -0.815,  -0.696,  -0.263,  -0.356,  -0.005, 0.00, 0.00, 0.00, 0.00, 0.00, 0.00, 0.00, 1.46, 0.27, 0.02, 0.00, 0.14, 0.05, 0.00, 1.43, 1.67, 0.00, 0.00, 0.00, 0.00, 1.00, 0.00, 0.00, 0.00, 1.00, 0.00, 0.00, 0.00, 0.00, 0.00, 0.00, 0.00, 0.00, 0.00, 0.00
94,  0,  3.103,  0.98,  1,  0.055464,  0.000529,  -0.998461,  -0.060297,  0.046730,  -0.997086,  -0.002,  0.024,  534.4,  538.7,  549.7,  560.9,  565.8,  562.4,  550.4,  539.2,  522.9,  528.0,  536.6,  549.1,  562.3,  572.4,  579.8,  571.5,  560.3,  548.8,  538.4,  529.6,  545.5,  550.8,  556.1,  558.1,  555.8,  550.4,  545.2,  543.1,  680.2,  682.8,  692.9,  704.5,  710.9,  708.2,  698.2,  685.7,  671.0,  676.7,  685.3,  697.1,  708.7,  717.5,  723.8,  718.7,  711.2,  701.7,  690.8,  679.9,  690.3,  696.5,  701.9,  703.3,  699.9,  693.7,  688.3,  686.9,  301.5,  289.5,  284.1,  288.5,  300.0,  312.9,  317.4,  313.0,  310.1,  301.9,  296.3,  292.6,  294.0,  299.1,  307.1,  312.9,  316.2,  318.2,  317.8,  315.4,  306.9,  309.0,  306.4,  300.7,  295.2,  293.1,  295.7,  301.4,  292.0,  281.1,  275.9,  279.4,  289.6,  300.4,  305.7,  303.3,  300.2,  291.3,  284.9,  281.7,  283.9,  289.0,  296.9,  300.3,  302.0,  302.9,  303.0,  302.8,  297.8,  299.7,  296.9,  291.1,  285.6,  283.8,  286.6,  292.4,  -37.5,  -36.0,  -32.0,  -27.9,  -26.1,  -27.3,  -31.6,  -35.7,  -42.2,  -40.0,  -36.6,  -32.0,  -27.3,  -23.8,  -21.3,  -24.1,  -28.0,  -32.1,  -35.9,  -39.4,  -33.6,  -31.6,  -29.7,  -29.0,  -29.8,  -31.8,  -33.7,  -34.4,  14.9,  15.9,  19.8,  24.2,  26.5,  25.3,  21.5,  16.9,  11.5,  13.6,  16.8,  21.2,  25.6,  29.1,  31.7,  29.4,  26.4,  22.7,  18.7,  14.7,  18.6,  21.0,  23.0,  23.6,  22.4,  20.1,  18.0,  17.4,  -20.8,  -25.1,  -26.9,  -25.3,  -21.1,  -16.6,  -15.0,  -16.6,  -18.0,  -20.7,  -22.5,  -23.7,  -23.2,  -21.4,  -18.7,  -16.6,  -15.4,  -14.7,  -14.9,  -15.9,  -18.8,  -18.1,  -19.0,  -21.0,  -23.0,  -23.7,  -22.9,  -20.8,  -25.2,  -29.4,  -31.5,  -30.2,  -26.3,  -22.1,  -20.1,  -20.9,  -22.1,  -25.4,  -27.8,  -29.0,  -28.4,  -26.7,  -23.9,  -22.4,  -21.5,  -21.0,  -21.0,  -21.1,  -23.1,  -22.4,  -23.5,  -25.7,  -27.8,  -28.5,  -27.4,  -25.1,  310.9,  311.0,  310.2,  309.0,  308.2,  308.3,  308.9,  310.1,  315.3,  312.2,  309.5,  307.4,  307.2,  308.0,  309.1,  308.0,  307.2,  307.7,  309.5,  312.2,  310.6,  310.0,  309.6,  309.7,  310.1,  310.6,  311.0,  311.0,  323.8,  325.7,  327.4,  327.7,  326.6,  324.7,  323.0,  322.7,  323.7,  323.6,  323.6,  324.3,  326.2,  328.6,  331.0,  327.5,  324.5,  322.4,  321.8,  322.4,  324.6,  324.8,  325.7,  326.7,  327.3,  327.1,  326.2,  325.2,  -2.2,  15.0,  355.2,  -0.055,  -0.006,  -0.095,  454.5,  462.8,  476.1,  490.8,  512.2,  540.3,  571.4,  610.0,  653.9,  696.4,  731.2,  759.0,  777.0,  785.6,  788.7,  789.2,  785.9,  480.4,  498.7,  527.2,  557.3,  585.6,  655.1,  684.7,  713.6,  741.6,  760.4,  626.4,  629.3,  632.4,  635.8,  601.6,  619.4,  637.7,  655.6,  671.3,  521.0,  537.8,  560.9,  580.6,  561.2,  538.1,  668.3,  685.9,  708.4,  726.0,  711.3,  689.4,  583.2,  602.6,  625.1,  641.8,  659.6,  682.6,  703.0,  686.8,  666.0,  646.5,  628.8,  605.3,  593.4,  626.5,  642.8,  661.4,  692.4,  663.3,  644.7,  627.8,  319.1,  369.8,  420.0,  467.4,  511.2,  549.1,  580.7,  601.8,  604.3,  593.8,  566.4,  528.9,  485.7,  437.8,  389.2,  340.2,  291.6,  288.4,  264.1,  253.6,  254.6,  261.5,  256.7,  246.7,  242.5,  247.9,  267.7,  293.5,  321.3,  348.8,  377.5,  405.4,  409.8,  413.4,  406.4,  398.6,  311.0,  296.4,  294.6,  307.1,  314.0,  316.7,  300.6,  284.9,  284.1,  295.1,  302.5,  303.7,  478.9,  456.0,  445.7,  448.6,  442.8,  449.9,  466.5,  488.2,  497.8,  501.4,  501.4,  495.1,  476.9,  461.5,  461.1,  458.0,  467.1,  475.9,  479.9,  479.5,  -87.1,  -83.4,  -77.1,  -69.8,  -58.9,  -45.1,  -30.3,  -12.8,  5.8,  23.9,  40.0,  53.7,  62.6,  66.5,  67.6,  67.6,  66.4,  -68.1,  -59.3,  -46.6,  -33.8,  -22.0,  6.1,  18.5,  30.8,  43.1,  51.9,  -5.5,  -4.2,  -2.9,  -1.6,  -15.2,  -8.1,  -0.9,  6.1,  12.3,  -49.8,  -42.5,  -32.8,  -24.6,  -32.6,  -42.3,  11.8,  19.2,  28.7,  36.4,  29.8,  20.6,  -23.4,  -14.8,  -5.8,  0.7,  7.7,  17.0,  26.0,  18.6,  10.2,  2.5,  -4.4,  -13.8,  -19.0,  -5.3,  1.1,  8.4,  21.4,  9.1,  1.8,  -4.8,  -19.2,  4.6,  28.2,  50.2,  69.7,  85.5,  97.6,  103.0,  102.3,  99.1,  90.5,  76.2,  57.5,  35.5,  13.3,  -9.0,  -31.1,  -30.6,  -40.3,  -44.0,  -43.0,  -39.9,  -42.0,  -46.8,  -49.1,  -47.6,  -39.8,  -26.8,  -15.2,  -4.3,  6.6,  18.0,  19.5,  20.7,  18.1,  15.2,  -20.5,  -26.5,  -27.1,  -21.9,  -19.0,  -18.0,  -24.8,  -31.4,  -31.8,  -27.4,  -24.0,  -23.4,  48.9,  38.0,  33.5,  34.6,  32.3,  35.8,  43.8,  51.0,  53.8,  55.1,  55.3,  53.6,  47.8,  39.9,  39.5,  38.5,  43.7,  45.5,  47.0,  47.0,  410.7,  411.9,  411.7,  409.1,  403.1,  395.9,  386.9,  372.8,  366.3,  370.8,  383.6,  394.8,  400.1,  399.4,  398.0,  396.5,  398.2,  373.5,  367.4,  361.6,  357.3,  354.3,  355.5,  361.3,  366.0,  371.4,  377.3,  352.1,  344.4,  336.8,  329.5,  346.5,  342.1,  339.2,  341.0,  344.3,  366.4,  363.8,  362.9,  362.1,  361.6,  362.7,  365.4,  365.7,  367.0,  370.0,  365.7,  364.2,  360.1,  346.8,  342.2,  341.2,  341.9,  349.1,  360.4,  348.3,  341.5,  340.7,  342.1,  347.3,  357.7,  343.6,  342.2,  343.6,  357.3,  343.9,  342.8,  344.3,  2.404,  0.024,  0.010,  -0.095,  634.874,  397.913,  -19.203,  17.966,  -5.571,  15.760,  -16.979,  -2.204,  1.233,  -1.668,  8.386,  -13.014,  -9.591,  6.309,  -1.539,  -0.078,  6.658,  -0.927,  2.414,  -3.153,  0.576,  -2.605,  -2.964,  2.115,  -0.833,  -0.974,  1.298,  2.445,  -0.588,  -0.705,  0.199,  -0.714,  -0.703,  -0.282,  -0.404,  -0.036, 0.00, 0.00, 0.00, 0.00, 0.00, 0.00, 0.00, 1.43, 0.24, 0.02, 0.00, 0.09, 0.06, 0.00, 1.31, 1.71, 0.00, 0.00, 0.00, 0.00, 1.00, 0.00, 0.00, 0.00, 1.00, 0.00, 0.00, 0.00, 0.00, 0.00, 0.00, 0.00, 0.00, 0.00, 0.00
95,  0,  3.136,  0.98,  1,  0.050491,  -0.004233,  -0.998716,  -0.063889,  0.039879,  -0.997160,  -0.007,  0.018,  534.3,  538.6,  549.7,  561.0,  565.9,  562.5,  550.5,  539.2,  522.9,  528.1,  536.8,  549.2,  562.5,  572.5,  579.8,  571.6,  560.5,  549.1,  538.7,  529.7,  545.4,  550.8,  556.1,  558.1,  555.8,  550.4,  545.2,  543.1,  680.0,  682.5,  692.6,  704.3,  710.8,  708.3,  698.2,  685.7,  670.6,  676.6,  685.3,  697.3,  708.9,  717.5,  723.5,  718.6,  711.3,  701.8,  690.8,  679.8,  690.1,  696.4,  701.8,  703.1,  699.7,  693.4,  688.0,  686.6,  301.3,  289.3,  283.9,  288.2,  299.8,  312.7,  317.2,  312.9,  309.9,  301.7,  296.0,  292.3,  293.8,  299.1,  307.4,  313.1,  316.3,  318.3,  317.8,  315.3,  306.8,  308.8,  306.2,  300.5,  295.0,  293.0,  295.5,  301.3,  291.7,  280.7,  275.4,  279.0,  289.3,  300.3,  305.6,  303.2,  300.1,  291.2,  284.8,  281.6,  283.9,  289.1,  297.0,  300.0,  301.5,  302.3,  302.4,  302.3,  297.6,  299.5,  296.7,  290.8,  285.3,  283.4,  286.2,  292.1,  -37.6,  -36.0,  -32.0,  -27.9,  -26.1,  -27.3,  -31.6,  -35.7,  -42.1,  -39.9,  -36.5,  -31.9,  -27.2,  -23.8,  -21.3,  -24.1,  -27.9,  -31.9,  -35.8,  -39.3,  -33.6,  -31.6,  -29.7,  -29.0,  -29.8,  -31.8,  -33.7,  -34.4,  14.6,  15.6,  19.5,  23.8,  26.2,  25.1,  21.3,  16.6,  11.2,  13.4,  16.6,  21.0,  25.4,  28.8,  31.3,  29.1,  26.2,  22.5,  18.5,  14.5,  18.4,  20.7,  22.7,  23.3,  22.1,  19.7,  17.7,  17.1,  -20.8,  -25.1,  -27.0,  -25.3,  -21.2,  -16.7,  -15.1,  -16.7,  -18.0,  -20.8,  -22.6,  -23.8,  -23.2,  -21.4,  -18.6,  -16.5,  -15.3,  -14.7,  -14.9,  -15.9,  -18.9,  -18.1,  -19.0,  -21.1,  -23.0,  -23.8,  -22.9,  -20.9,  -25.0,  -29.2,  -31.3,  -30.0,  -26.1,  -21.9,  -19.9,  -20.7,  -21.9,  -25.1,  -27.5,  -28.7,  -28.1,  -26.4,  -23.6,  -22.2,  -21.5,  -21.0,  -21.0,  -21.0,  -22.9,  -22.2,  -23.3,  -25.5,  -27.6,  -28.3,  -27.2,  -24.9,  310.8,  310.9,  310.2,  309.0,  308.2,  308.2,  308.8,  310.0,  315.0,  312.0,  309.3,  307.3,  307.1,  308.0,  309.2,  308.0,  307.1,  307.6,  309.3,  312.0,  310.5,  309.9,  309.6,  309.6,  310.1,  310.6,  310.9,  310.9,  319.9,  321.9,  323.7,  324.2,  323.2,  321.2,  319.4,  319.0,  319.8,  319.6,  319.8,  320.6,  322.7,  325.3,  327.8,  324.2,  321.1,  318.9,  318.1,  318.6,  320.9,  321.2,  322.1,  323.2,  323.7,  323.5,  322.5,  321.4,  -2.2,  14.9,  355.0,  -0.056,  -0.004,  -0.095,  454.4,  462.8,  476.2,  490.8,  512.1,  540.1,  571.1,  609.4,  653.6,  696.8,  732.2,  760.4,  778.0,  786.1,  788.8,  789.1,  785.7,  480.4,  498.7,  527.3,  557.4,  585.8,  655.1,  684.6,  713.5,  741.5,  760.1,  626.5,  629.4,  632.3,  635.6,  601.8,  619.5,  637.6,  655.4,  671.0,  521.2,  538.0,  561.0,  580.7,  561.3,  538.2,  668.2,  685.9,  708.3,  726.0,  711.2,  689.3,  583.2,  602.4,  624.8,  641.6,  659.6,  682.6,  703.1,  686.7,  665.9,  646.3,  628.4,  605.1,  593.4,  626.3,  642.7,  661.5,  692.3,  663.2,  644.5,  627.5,  318.7,  369.4,  419.7,  467.1,  511.0,  548.7,  580.1,  601.1,  603.6,  593.2,  565.5,  527.7,  484.5,  436.8,  388.7,  340.2,  292.2,  288.4,  264.1,  253.4,  254.4,  261.4,  256.5,  246.5,  242.3,  247.7,  267.7,  293.3,  320.9,  348.2,  376.8,  405.2,  409.6,  413.1,  406.2,  398.6,  310.9,  296.2,  294.4,  307.0,  313.9,  316.6,  300.4,  284.7,  283.9,  295.0,  302.4,  303.6,  478.8,  455.8,  445.5,  448.4,  442.5,  449.7,  466.4,  487.8,  497.4,  501.0,  501.0,  494.7,  476.8,  461.6,  461.1,  458.0,  467.0,  475.3,  479.3,  479.0,  -87.2,  -83.5,  -77.2,  -69.8,  -58.9,  -45.2,  -30.5,  -13.0,  5.7,  24.1,  40.4,  54.3,  63.1,  66.6,  67.6,  67.5,  66.3,  -68.1,  -59.3,  -46.6,  -33.7,  -22.0,  6.1,  18.4,  30.8,  43.1,  51.8,  -5.4,  -4.2,  -2.9,  -1.6,  -15.1,  -8.0,  -0.9,  6.0,  12.2,  -49.7,  -42.4,  -32.7,  -24.5,  -32.5,  -42.2,  11.8,  19.2,  28.7,  36.4,  29.8,  20.5,  -23.4,  -14.9,  -5.9,  0.6,  7.6,  17.0,  25.9,  18.6,  10.1,  2.4,  -4.5,  -13.9,  -19.0,  -5.4,  1.1,  8.4,  21.4,  9.1,  1.8,  -4.9,  -19.4,  4.5,  28.1,  50.1,  69.6,  85.4,  97.3,  102.6,  101.9,  98.7,  90.0,  75.7,  56.9,  35.0,  13.0,  -9.0,  -30.9,  -30.6,  -40.3,  -44.1,  -43.1,  -39.9,  -42.1,  -46.9,  -49.2,  -47.7,  -39.8,  -26.9,  -15.4,  -4.5,  6.3,  17.9,  19.4,  20.6,  18.0,  15.2,  -20.6,  -26.5,  -27.2,  -21.9,  -19.0,  -18.0,  -24.9,  -31.5,  -31.9,  -27.5,  -24.1,  -23.5,  48.8,  37.9,  33.4,  34.5,  32.2,  35.8,  43.8,  50.8,  53.6,  54.8,  55.1,  53.4,  47.7,  39.9,  39.5,  38.5,  43.6,  45.3,  46.7,  46.8,  411.2,  412.4,  412.2,  409.5,  403.4,  396.0,  386.8,  372.4,  366.0,  370.5,  383.4,  394.7,  399.9,  399.1,  397.7,  396.4,  398.3,  373.6,  367.5,  361.7,  357.3,  354.3,  355.7,  361.3,  366.1,  371.5,  377.2,  352.2,  344.5,  336.8,  329.4,  346.5,  342.1,  339.2,  341.0,  344.2,  366.3,  363.7,  362.8,  362.1,  361.6,  362.6,  365.6,  365.7,  367.0,  370.0,  365.8,  364.3,  359.7,  346.5,  342.0,  341.0,  341.6,  348.8,  360.0,  348.0,  341.1,  340.4,  341.7,  346.9,  357.3,  343.4,  342.0,  343.4,  356.9,  343.5,  342.4,  343.9,  2.405,  0.022,  0.012,  -0.096,  634.881,  397.627,  -18.189,  18.914,  -6.262,  15.415,  -17.534,  -2.565,  1.042,  -1.640,  8.454,  -12.215,  -9.704,  6.411,  -1.532,  0.250,  6.576,  -0.933,  2.568,  -3.043,  0.513,  -2.885,  -2.709,  2.148,  -0.653,  -0.729,  1.560,  2.302,  -0.444,  -0.870,  0.286,  -0.662,  -0.751,  -0.257,  -0.431,  -0.097, 0.00, 0.00, 0.00, 0.00, 0.00, 0.02, 0.00, 1.40, 0.22, 0.02, 0.00, 0.09, 0.03, 0.00, 1.21, 1.77, 0.00, 0.00, 0.00, 0.00, 1.00, 0.00, 0.00, 0.00, 1.00, 0.00, 0.00, 0.00, 0.00, 0.00, 0.00, 0.00, 0.00, 0.00, 0.00
96,  0,  3.170,  0.98,  1,  0.027740,  -0.004571,  -0.999605,  -0.054228,  0.046546,  -0.997443,  -0.013,  0.021,  534.2,  538.2,  548.7,  559.6,  564.5,  561.5,  550.0,  539.1,  523.0,  528.1,  536.9,  549.4,  562.5,  572.3,  579.3,  571.5,  560.5,  549.2,  538.8,  529.7,  545.2,  550.2,  554.9,  556.7,  554.5,  549.5,  544.8,  543.0,  680.4,  683.0,  693.0,  704.5,  710.7,  708.1,  698.1,  685.8,  670.9,  676.7,  685.2,  697.0,  708.6,  717.4,  723.6,  718.4,  710.9,  701.3,  690.4,  679.6,  690.4,  696.5,  701.7,  703.1,  699.8,  693.8,  688.5,  687.1,  301.4,  289.8,  284.5,  288.4,  299.3,  311.7,  316.2,  312.3,  310.0,  301.5,  295.7,  292.1,  293.7,  299.0,  306.9,  312.9,  316.1,  318.2,  317.9,  315.5,  306.1,  307.8,  305.4,  300.2,  295.2,  293.5,  295.9,  301.1,  291.6,  280.9,  275.8,  279.2,  289.3,  300.0,  305.1,  302.7,  300.0,  291.1,  284.5,  281.3,  283.6,  288.9,  296.9,  299.9,  301.2,  302.0,  302.1,  302.2,  297.3,  299.1,  296.4,  290.8,  285.5,  283.6,  286.3,  292.0,  -38.5,  -37.1,  -33.2,  -29.1,  -27.3,  -28.4,  -32.5,  -36.6,  -43.2,  -40.9,  -37.3,  -32.6,  -27.9,  -24.5,  -22.0,  -24.8,  -28.6,  -32.7,  -36.7,  -40.3,  -34.5,  -32.6,  -30.9,  -30.2,  -31.1,  -32.9,  -34.7,  -35.3,  15.1,  16.2,  20.0,  24.4,  26.7,  25.5,  21.7,  17.1,  11.5,  13.7,  16.9,  21.4,  25.8,  29.4,  32.0,  29.7,  26.6,  22.8,  18.7,  14.8,  18.9,  21.2,  23.2,  23.8,  22.6,  20.3,  18.3,  17.7,  -21.3,  -25.5,  -27.4,  -25.9,  -21.9,  -17.5,  -15.8,  -17.3,  -18.5,  -21.4,  -23.3,  -24.4,  -23.9,  -22.0,  -19.3,  -17.0,  -15.8,  -15.1,  -15.3,  -16.3,  -19.6,  -18.9,  -19.8,  -21.7,  -23.5,  -24.2,  -23.3,  -21.4,  -25.6,  -29.7,  -31.8,  -30.5,  -26.7,  -22.5,  -20.5,  -21.3,  -22.4,  -25.7,  -28.2,  -29.5,  -28.8,  -27.0,  -24.1,  -22.7,  -22.0,  -21.6,  -21.5,  -21.5,  -23.5,  -22.8,  -23.9,  -26.1,  -28.2,  -28.8,  -27.7,  -25.5,  318.4,  318.5,  317.9,  316.8,  316.0,  316.0,  316.5,  317.5,  322.8,  319.7,  317.0,  315.0,  315.0,  316.1,  317.5,  316.2,  315.2,  315.6,  317.2,  319.8,  318.1,  317.6,  317.3,  317.4,  317.8,  318.3,  318.6,  318.5,  327.1,  329.0,  330.7,  331.0,  329.9,  327.9,  326.3,  326.0,  327.2,  327.0,  326.9,  327.7,  329.5,  332.0,  334.4,  330.8,  327.8,  325.8,  325.2,  325.9,  327.9,  328.1,  328.9,  330.0,  330.6,  330.4,  329.5,  328.5,  -2.2,  14.8,  355.9,  -0.053,  -0.005,  -0.095,  454.4,  462.8,  476.1,  490.7,  512.2,  540.3,  571.2,  609.3,  653.1,  696.0,  731.2,  759.4,  777.4,  785.9,  788.7,  789.1,  785.7,  480.4,  498.7,  527.2,  557.3,  585.7,  655.0,  684.6,  713.5,  741.5,  760.1,  626.5,  629.3,  632.4,  635.7,  601.7,  619.5,  637.6,  655.4,  671.0,  521.3,  538.0,  561.0,  580.5,  561.2,  538.2,  668.3,  685.7,  708.1,  725.7,  711.0,  689.2,  582.9,  602.4,  625.0,  641.7,  659.5,  682.6,  703.0,  686.6,  665.7,  646.2,  628.4,  605.0,  593.1,  626.3,  642.7,  661.4,  692.4,  663.0,  644.4,  627.5,  318.6,  369.3,  419.4,  466.8,  510.6,  548.3,  579.8,  601.0,  603.5,  592.9,  565.0,  527.2,  483.9,  436.2,  388.0,  339.6,  291.5,  288.4,  264.0,  253.3,  254.2,  261.1,  256.4,  246.4,  242.4,  247.9,  267.7,  293.2,  320.8,  348.1,  376.6,  405.1,  409.5,  413.0,  406.1,  398.4,  310.8,  296.1,  294.2,  306.8,  313.8,  316.4,  300.2,  284.5,  283.8,  294.9,  302.2,  303.4,  478.6,  455.9,  445.7,  448.6,  442.7,  449.7,  466.1,  487.5,  497.0,  500.6,  500.6,  494.4,  476.7,  461.7,  461.2,  458.0,  466.7,  475.0,  479.1,  478.7,  -87.3,  -83.6,  -77.3,  -70.0,  -59.0,  -45.1,  -30.5,  -13.1,  5.5,  23.7,  40.0,  53.9,  62.9,  66.6,  67.7,  67.6,  66.4,  -68.2,  -59.4,  -46.7,  -33.8,  -22.0,  6.1,  18.5,  30.8,  43.2,  51.8,  -5.4,  -4.2,  -2.9,  -1.6,  -15.2,  -8.1,  -0.9,  6.0,  12.2,  -49.8,  -42.4,  -32.8,  -24.7,  -32.6,  -42.3,  11.8,  19.1,  28.6,  36.3,  29.7,  20.5,  -23.5,  -14.9,  -5.9,  0.7,  7.7,  17.0,  26.0,  18.6,  10.0,  2.4,  -4.5,  -13.9,  -19.2,  -5.4,  1.1,  8.4,  21.4,  9.1,  1.7,  -4.9,  -19.5,  4.4,  28.0,  50.0,  69.5,  85.3,  97.3,  102.8,  102.1,  98.9,  90.0,  75.5,  56.7,  34.8,  12.7,  -9.3,  -31.2,  -30.6,  -40.4,  -44.1,  -43.3,  -40.1,  -42.2,  -47.0,  -49.3,  -47.7,  -39.8,  -26.9,  -15.5,  -4.6,  6.3,  17.9,  19.4,  20.6,  18.0,  15.1,  -20.6,  -26.6,  -27.3,  -22.0,  -19.1,  -18.1,  -25.0,  -31.6,  -32.0,  -27.6,  -24.2,  -23.6,  48.9,  38.1,  33.6,  34.6,  32.4,  35.9,  43.8,  50.9,  53.6,  54.9,  55.1,  53.5,  47.8,  40.0,  39.7,  38.6,  43.7,  45.3,  46.7,  46.8,  411.7,  413.0,  412.8,  410.1,  403.8,  396.4,  387.5,  373.3,  366.9,  371.3,  384.1,  395.2,  400.3,  399.5,  398.1,  396.7,  398.5,  374.1,  368.0,  362.2,  357.9,  355.0,  356.5,  362.1,  366.8,  372.0,  377.7,  352.8,  345.1,  337.6,  330.3,  347.2,  342.9,  340.1,  341.8,  345.0,  366.7,  364.2,  363.3,  362.7,  362.1,  363.1,  366.1,  366.3,  367.5,  370.6,  366.4,  364.9,  360.8,  347.7,  343.1,  342.1,  342.8,  350.0,  361.3,  349.2,  342.2,  341.4,  342.8,  348.1,  358.4,  344.5,  343.1,  344.5,  358.2,  344.6,  343.4,  344.9,  2.400,  0.025,  0.012,  -0.096,  634.779,  397.439,  -19.797,  18.991,  -6.095,  14.796,  -16.866,  -1.957,  0.884,  -2.180,  8.842,  -12.219,  -10.038,  6.811,  -1.670,  -0.035,  6.448,  -1.084,  2.385,  -3.401,  0.842,  -2.856,  -2.837,  1.914,  -0.586,  -0.807,  1.387,  2.192,  -0.328,  -0.841,  0.322,  -0.742,  -0.699,  -0.217,  -0.348,  -0.076, 0.00, 0.03, 0.00, 0.00, 0.00, 0.02, 0.00, 1.36, 0.17, 0.00, 0.00, 0.04, 0.03, 0.00, 1.16, 1.85, 0.00, 0.00, 0.00, 0.00, 1.00, 0.00, 0.00, 0.00, 1.00, 0.00, 0.00, 0.00, 0.00, 0.00, 0.00, 0.00, 0.00, 0.00, 0.00
97,  0,  3.203,  0.98,  1,  0.075712,  0.008042,  -0.997097,  -0.056408,  0.052369,  -0.997033,  0.010,  0.030,  534.5,  539.0,  550.4,  561.9,  566.9,  563.4,  551.0,  539.4,  523.0,  528.2,  536.8,  548.9,  562.1,  572.3,  580.2,  571.5,  560.2,  548.8,  538.4,  529.8,  545.5,  551.5,  557.4,  559.7,  557.1,  551.2,  545.3,  542.9,  680.1,  682.6,  692.6,  704.2,  710.6,  708.0,  698.0,  685.7,  670.4,  676.4,  685.1,  697.0,  708.5,  717.2,  723.2,  718.3,  711.0,  701.5,  690.5,  679.5,  690.1,  696.3,  701.5,  702.9,  699.5,  693.3,  688.1,  686.7,  301.5,  289.1,  283.5,  287.9,  299.7,  313.0,  317.7,  313.3,  309.7,  301.5,  295.7,  292.1,  293.4,  298.6,  306.8,  312.9,  316.2,  318.3,  317.7,  315.1,  307.6,  309.8,  306.9,  300.5,  294.4,  292.2,  295.1,  301.5,  291.7,  280.8,  275.6,  279.2,  289.4,  300.3,  305.5,  303.1,  300.0,  291.2,  284.6,  281.3,  283.5,  288.8,  296.7,  299.8,  301.3,  302.1,  302.2,  302.3,  297.5,  299.4,  296.7,  290.9,  285.4,  283.6,  286.3,  292.1,  -36.6,  -35.1,  -31.0,  -26.9,  -25.1,  -26.3,  -30.7,  -34.8,  -41.2,  -39.0,  -35.7,  -31.3,  -26.7,  -23.2,  -20.6,  -23.5,  -27.3,  -31.3,  -35.1,  -38.4,  -32.7,  -30.6,  -28.5,  -27.7,  -28.7,  -30.8,  -32.9,  -33.7,  14.7,  15.8,  19.6,  23.9,  26.2,  25.1,  21.3,  16.8,  11.2,  13.4,  16.6,  21.0,  25.4,  28.9,  31.4,  29.2,  26.2,  22.6,  18.5,  14.5,  18.5,  20.8,  22.8,  23.4,  22.2,  19.8,  17.8,  17.3,  -20.3,  -24.6,  -26.5,  -24.9,  -20.7,  -16.1,  -14.6,  -16.1,  -17.7,  -20.4,  -22.2,  -23.3,  -22.8,  -21.1,  -18.3,  -16.2,  -15.0,  -14.3,  -14.6,  -15.6,  -18.2,  -17.3,  -18.3,  -20.6,  -22.7,  -23.5,  -22.5,  -20.3,  -25.1,  -29.3,  -31.4,  -30.1,  -26.2,  -22.1,  -20.0,  -20.9,  -22.1,  -25.3,  -27.7,  -29.0,  -28.4,  -26.7,  -23.9,  -22.5,  -21.7,  -21.3,  -21.2,  -21.2,  -23.1,  -22.4,  -23.5,  -25.7,  -27.8,  -28.4,  -27.3,  -25.1,  303.8,  304.0,  303.1,  301.8,  300.7,  300.7,  301.4,  302.8,  308.1,  305.1,  302.3,  300.3,  299.8,  300.4,  301.3,  300.3,  299.6,  300.2,  302.1,  304.9,  303.3,  302.6,  302.2,  302.3,  302.8,  303.5,  303.9,  303.8,  322.1,  324.1,  325.8,  326.3,  325.3,  323.4,  321.6,  321.2,  322.1,  321.9,  322.0,  322.9,  325.0,  327.6,  330.2,  326.5,  323.4,  321.2,  320.4,  320.9,  323.1,  323.4,  324.3,  325.3,  325.9,  325.6,  324.6,  323.6,  -2.3,  14.8,  355.4,  -0.052,  -0.007,  -0.095,  454.4,  462.6,  475.9,  490.4,  511.7,  539.8,  570.8,  609.3,  653.2,  696.0,  730.9,  759.0,  777.0,  785.5,  788.5,  788.9,  785.5,  480.2,  498.6,  527.1,  557.1,  585.6,  654.9,  684.4,  713.2,  741.2,  759.9,  626.4,  629.4,  632.5,  635.8,  601.8,  619.5,  637.7,  655.5,  671.2,  521.1,  537.9,  561.0,  580.6,  561.2,  538.1,  668.0,  685.6,  708.1,  725.7,  711.0,  689.1,  582.8,  602.5,  625.1,  641.8,  659.5,  682.5,  703.0,  686.5,  665.7,  646.3,  628.6,  605.1,  593.0,  626.5,  642.8,  661.4,  692.4,  663.0,  644.5,  627.7,  318.4,  369.0,  419.1,  466.4,  510.3,  548.0,  579.4,  600.5,  602.9,  592.4,  564.8,  527.1,  484.0,  436.3,  388.0,  339.6,  291.5,  288.1,  263.9,  253.3,  254.2,  261.0,  256.3,  246.4,  242.3,  247.7,  267.4,  293.1,  320.8,  348.1,  376.7,  405.2,  409.5,  413.1,  406.1,  398.4,  310.6,  295.9,  294.1,  306.8,  313.7,  316.4,  300.2,  284.4,  283.7,  294.8,  302.2,  303.4,  478.6,  456.1,  445.9,  448.8,  442.9,  449.9,  466.1,  487.4,  496.8,  500.4,  500.4,  494.3,  476.7,  461.8,  461.4,  458.2,  466.8,  474.8,  478.8,  478.4,  -87.2,  -83.6,  -77.3,  -70.0,  -59.2,  -45.4,  -30.6,  -13.1,  5.5,  23.7,  39.9,  53.8,  62.7,  66.5,  67.6,  67.6,  66.3,  -68.2,  -59.4,  -46.7,  -33.8,  -22.0,  6.0,  18.4,  30.7,  43.0,  51.7,  -5.5,  -4.2,  -2.9,  -1.6,  -15.2,  -8.0,  -0.9,  6.0,  12.3,  -49.8,  -42.4,  -32.8,  -24.6,  -32.6,  -42.2,  11.7,  19.1,  28.6,  36.3,  29.7,  20.5,  -23.6,  -14.9,  -5.8,  0.7,  7.6,  17.0,  26.0,  18.5,  10.0,  2.4,  -4.5,  -13.9,  -19.2,  -5.3,  1.1,  8.4,  21.4,  9.0,  1.8,  -4.9,  -19.6,  4.2,  27.8,  49.8,  69.3,  85.2,  97.2,  102.6,  101.8,  98.6,  89.9,  75.5,  56.7,  34.8,  12.8,  -9.3,  -31.2,  -30.7,  -40.3,  -44.1,  -43.2,  -40.1,  -42.2,  -46.9,  -49.3,  -47.7,  -40.0,  -26.9,  -15.5,  -4.6,  6.3,  17.9,  19.4,  20.6,  18.0,  15.1,  -20.7,  -26.6,  -27.3,  -22.0,  -19.1,  -18.1,  -25.0,  -31.6,  -32.0,  -27.6,  -24.2,  -23.6,  48.9,  38.1,  33.6,  34.7,  32.4,  35.9,  43.8,  50.8,  53.4,  54.7,  54.9,  53.3,  47.8,  40.0,  39.7,  38.6,  43.7,  45.1,  46.6,  46.6,  411.1,  412.4,  412.2,  409.6,  403.5,  396.3,  387.4,  373.2,  366.7,  371.2,  384.0,  395.3,  400.6,  399.9,  398.5,  397.1,  398.9,  373.7,  367.5,  361.7,  357.3,  354.4,  355.8,  361.6,  366.4,  371.8,  377.6,  352.2,  344.5,  336.9,  329.5,  346.7,  342.3,  339.5,  341.2,  344.5,  366.4,  363.7,  362.9,  362.2,  361.6,  362.7,  365.7,  365.9,  367.2,  370.3,  366.0,  364.5,  360.4,  347.1,  342.5,  341.6,  342.2,  349.5,  360.9,  348.6,  341.6,  340.8,  342.2,  347.5,  358.0,  343.9,  342.6,  344.0,  357.8,  344.0,  342.8,  344.4,  2.403,  0.026,  0.008,  -0.095,  634.698,  397.353,  -18.065,  18.483,  -6.082,  15.541,  -16.947,  -1.907,  0.789,  -1.981,  8.470,  -12.026,  -9.811,  7.020,  -1.612,  -0.143,  6.372,  -0.909,  2.577,  -3.265,  0.661,  -2.902,  -2.807,  1.849,  -0.791,  -0.769,  1.257,  2.278,  -0.434,  -0.717,  0.275,  -0.714,  -0.709,  -0.255,  -0.407,  -0.078, 0.00, 0.03, 0.00, 0.00, 0.00, 0.02, 0.00, 1.38, 0.18, 0.00, 0.00, 0.05, 0.02, 0.00, 1.14, 1.86, 0.00, 0.00, 0.00, 0.00, 1.00, 0.00, 0.00, 0.00, 1.00, 0.00, 0.00, 0.00, 0.00, 0.00, 0.00, 0.00, 0.00, 0.00, 0.00
98,  0,  3.237,  0.98,  1,  0.034775,  -0.004138,  -0.999387,  -0.041339,  0.054405,  -0.997663,  -0.003,  0.025,  533.9,  537.9,  548.5,  559.4,  564.3,  561.3,  549.7,  538.8,  522.8,  527.7,  536.3,  548.7,  561.8,  571.8,  579.1,  571.2,  560.1,  548.9,  538.5,  529.5,  545.0,  549.9,  554.7,  556.6,  554.3,  549.4,  544.6,  542.8,  680.6,  683.4,  693.2,  704.4,  710.4,  707.6,  697.8,  685.8,  670.8,  676.4,  684.9,  696.6,  708.1,  716.8,  722.9,  717.9,  710.4,  700.9,  690.1,  679.4,  690.5,  696.2,  701.2,  702.6,  699.6,  693.9,  688.9,  687.5,  301.1,  289.5,  284.1,  288.2,  299.3,  311.8,  316.3,  312.2,  309.7,  301.4,  295.7,  292.0,  293.5,  298.7,  306.6,  312.7,  316.0,  318.1,  317.8,  315.4,  305.9,  307.8,  305.4,  300.1,  295.0,  293.2,  295.6,  300.9,  291.6,  281.0,  276.0,  279.5,  289.5,  300.1,  305.1,  302.6,  299.7,  291.1,  284.7,  281.4,  283.5,  288.6,  296.5,  299.7,  301.3,  302.1,  302.2,  302.2,  297.0,  298.8,  296.3,  290.9,  285.8,  284.0,  286.5,  291.9,  -38.4,  -36.9,  -33.0,  -29.0,  -27.1,  -28.2,  -32.4,  -36.5,  -43.0,  -40.8,  -37.3,  -32.6,  -27.9,  -24.5,  -21.9,  -24.7,  -28.6,  -32.6,  -36.6,  -40.2,  -34.3,  -32.5,  -30.7,  -30.1,  -30.9,  -32.7,  -34.5,  -35.2,  15.5,  16.6,  20.5,  24.8,  27.0,  25.8,  22.0,  17.4,  11.8,  13.9,  17.1,  21.6,  26.1,  29.7,  32.3,  30.1,  26.9,  23.2,  19.0,  15.0,  19.3,  21.5,  23.5,  24.1,  22.9,  20.7,  18.8,  18.2,  -21.3,  -25.5,  -27.4,  -25.8,  -21.8,  -17.3,  -15.7,  -17.2,  -18.4,  -21.3,  -23.1,  -24.3,  -23.8,  -22.0,  -19.2,  -17.0,  -15.7,  -15.0,  -15.2,  -16.2,  -19.5,  -18.8,  -19.7,  -21.6,  -23.4,  -24.1,  -23.3,  -21.4,  -26.1,  -30.3,  -32.3,  -31.0,  -27.1,  -22.9,  -20.9,  -21.8,  -23.0,  -26.3,  -28.7,  -30.0,  -29.4,  -27.6,  -24.7,  -23.2,  -22.5,  -22.0,  -21.9,  -22.0,  -24.1,  -23.4,  -24.4,  -26.6,  -28.6,  -29.2,  -28.2,  -26.1,  316.4,  316.4,  315.6,  314.5,  313.7,  313.9,  314.5,  315.6,  320.9,  317.7,  314.8,  312.7,  312.6,  313.7,  315.1,  313.9,  313.0,  313.5,  315.2,  317.8,  316.0,  315.5,  315.2,  315.2,  315.6,  316.1,  316.4,  316.4,  333.6,  335.4,  336.9,  337.3,  336.3,  334.5,  332.9,  332.6,  333.9,  333.6,  333.4,  334.1,  336.0,  338.5,  340.9,  337.5,  334.5,  332.5,  331.9,  332.6,  334.5,  334.6,  335.4,  336.4,  336.9,  336.7,  335.9,  335.0,  -2.4,  14.7,  356.4,  -0.054,  -0.007,  -0.095,  454.3,  462.6,  475.6,  490.1,  511.3,  539.5,  570.5,  609.0,  652.9,  695.6,  730.7,  758.8,  776.9,  785.3,  788.2,  788.5,  785.1,  480.1,  498.3,  526.7,  556.7,  585.0,  654.9,  684.5,  713.2,  741.1,  759.6,  626.1,  629.0,  632.1,  635.4,  601.5,  619.2,  637.3,  655.0,  670.7,  520.9,  537.6,  560.6,  580.0,  560.8,  537.8,  668.0,  685.3,  707.7,  725.2,  710.6,  688.8,  582.5,  602.2,  624.7,  641.5,  659.4,  682.4,  702.8,  686.4,  665.5,  646.0,  628.1,  604.7,  592.8,  626.1,  642.5,  661.2,  692.1,  662.8,  644.1,  627.2,  318.7,  369.1,  419.1,  466.3,  510.0,  547.7,  579.2,  600.4,  602.8,  592.2,  564.4,  526.7,  483.6,  436.0,  387.8,  339.3,  291.3,  288.1,  264.0,  253.3,  254.2,  260.9,  256.2,  246.3,  242.3,  247.7,  267.4,  293.2,  320.6,  347.8,  376.2,  404.9,  409.3,  412.8,  405.8,  398.2,  310.6,  296.0,  294.1,  306.7,  313.6,  316.3,  300.0,  284.4,  283.7,  294.8,  302.1,  303.2,  478.6,  455.9,  445.7,  448.6,  442.7,  449.7,  466.0,  487.1,  496.5,  500.1,  500.1,  494.0,  476.6,  461.8,  461.4,  458.2,  466.6,  474.4,  478.4,  478.1,  -87.4,  -83.8,  -77.6,  -70.3,  -59.4,  -45.6,  -30.8,  -13.2,  5.4,  23.6,  39.8,  53.7,  62.7,  66.4,  67.5,  67.4,  66.1,  -68.5,  -59.7,  -47.0,  -34.1,  -22.3,  6.1,  18.5,  30.7,  43.0,  51.7,  -5.6,  -4.4,  -3.1,  -1.7,  -15.3,  -8.2,  -1.1,  5.9,  12.1,  -50.0,  -42.7,  -33.0,  -24.9,  -32.8,  -42.5,  11.7,  19.0,  28.5,  36.1,  29.6,  20.4,  -23.7,  -15.1,  -6.0,  0.6,  7.6,  17.0,  25.9,  18.5,  10.0,  2.3,  -4.6,  -14.1,  -19.4,  -5.5,  1.0,  8.4,  21.4,  9.0,  1.6,  -5.1,  -19.4,  4.3,  27.9,  49.9,  69.3,  85.1,  97.1,  102.6,  101.9,  98.6,  89.8,  75.4,  56.6,  34.7,  12.6,  -9.4,  -31.3,  -30.8,  -40.4,  -44.2,  -43.4,  -40.3,  -42.4,  -47.1,  -49.4,  -47.8,  -40.0,  -27.0,  -15.6,  -4.7,  6.1,  17.9,  19.3,  20.6,  17.9,  15.1,  -20.7,  -26.7,  -27.4,  -22.1,  -19.2,  -18.2,  -25.1,  -31.7,  -32.1,  -27.7,  -24.3,  -23.7,  48.9,  38.2,  33.7,  34.7,  32.5,  35.9,  43.8,  50.8,  53.5,  54.7,  54.9,  53.4,  47.8,  40.1,  39.8,  38.7,  43.7,  45.1,  46.5,  46.6,  411.7,  413.1,  413.1,  410.5,  404.2,  396.7,  387.6,  373.5,  367.1,  371.6,  384.4,  395.6,  400.8,  400.1,  398.6,  397.1,  398.7,  374.5,  368.4,  362.7,  358.5,  355.7,  357.2,  362.9,  367.5,  372.6,  378.2,  353.3,  345.7,  338.2,  330.9,  347.8,  343.5,  340.7,  342.5,  345.6,  367.2,  364.7,  363.9,  363.2,  362.6,  363.7,  366.7,  366.9,  368.2,  371.2,  367.0,  365.5,  361.2,  348.1,  343.6,  342.6,  343.3,  350.5,  361.7,  349.7,  342.7,  341.9,  343.3,  348.5,  358.8,  345.0,  343.7,  345.0,  358.6,  345.0,  343.9,  345.4,  2.397,  0.024,  0.010,  -0.096,  634.403,  397.203,  -20.305,  18.774,  -6.873,  14.482,  -17.119,  -1.921,  0.348,  -1.949,  9.129,  -12.030,  -10.022,  6.733,  -1.501,  -0.147,  6.459,  -0.838,  2.140,  -3.439,  0.929,  -3.041,  -2.918,  1.697,  -0.743,  -0.859,  1.266,  2.147,  -0.403,  -0.775,  0.269,  -0.770,  -0.714,  -0.263,  -0.364,  -0.029, 0.01, 0.03, 0.00, 0.01, 0.00, 0.00, 0.00, 1.35, 0.20, 0.00, 0.00, 0.05, 0.00, 0.00, 1.15, 1.87, 0.00, 0.00, 0.00, 0.00, 1.00, 0.00, 0.00, 0.00, 1.00, 0.00, 0.00, 0.00, 0.00, 0.00, 0.00, 0.00, 0.00, 0.00, 0.00
99,  0,  3.270,  0.98,  1,  0.064651,  0.002361,  -0.997905,  -0.045091,  0.059145,  -0.997230,  0.010,  0.031,  534.0,  538.4,  549.4,  560.6,  565.3,  561.9,  549.9,  538.7,  522.4,  527.6,  536.2,  548.2,  561.2,  571.4,  579.2,  570.8,  559.5,  548.2,  537.9,  529.2,  544.8,  550.4,  555.9,  558.1,  555.7,  550.1,  544.6,  542.4,  679.6,  682.2,  692.2,  703.8,  710.0,  707.4,  697.4,  685.1,  669.4,  675.6,  684.4,  696.2,  707.7,  716.5,  722.8,  717.7,  710.1,  700.4,  689.4,  678.4,  689.6,  695.7,  701.0,  702.4,  699.1,  693.0,  687.7,  686.3,  301.1,  289.1,  283.6,  287.8,  299.3,  312.2,  316.8,  312.5,  309.6,  301.4,  295.6,  291.8,  293.2,  298.3,  306.2,  312.5,  315.8,  318.0,  317.6,  315.1,  306.8,  308.9,  306.2,  300.1,  294.4,  292.3,  295.1,  301.1,  291.6,  280.7,  275.6,  279.2,  289.4,  300.2,  305.3,  302.8,  299.5,  290.9,  284.4,  281.1,  283.2,  288.5,  296.4,  299.6,  301.0,  301.8,  301.9,  302.0,  297.4,  299.3,  296.6,  290.8,  285.4,  283.5,  286.2,  292.0,  -37.4,  -35.9,  -31.9,  -27.9,  -26.1,  -27.3,  -31.6,  -35.6,  -42.1,  -39.8,  -36.5,  -32.0,  -27.5,  -24.0,  -21.3,  -24.2,  -28.0,  -32.0,  -35.8,  -39.3,  -33.5,  -31.5,  -29.5,  -28.8,  -29.7,  -31.7,  -33.7,  -34.5,  14.6,  15.7,  19.5,  23.9,  26.1,  25.0,  21.2,  16.6,  10.9,  13.1,  16.4,  20.8,  25.2,  28.7,  31.3,  29.1,  26.0,  22.3,  18.2,  14.1,  18.4,  20.7,  22.7,  23.3,  22.1,  19.8,  17.7,  17.2,  -20.8,  -25.1,  -26.9,  -25.3,  -21.2,  -16.7,  -15.1,  -16.7,  -18.1,  -20.8,  -22.6,  -23.8,  -23.3,  -21.5,  -18.9,  -16.6,  -15.4,  -14.7,  -14.9,  -15.9,  -18.7,  -18.0,  -18.9,  -21.0,  -23.1,  -23.9,  -22.9,  -20.8,  -25.3,  -29.5,  -31.5,  -30.2,  -26.3,  -22.2,  -20.2,  -21.1,  -22.4,  -25.5,  -27.9,  -29.2,  -28.6,  -26.8,  -24.1,  -22.6,  -21.9,  -21.4,  -21.3,  -21.4,  -23.2,  -22.5,  -23.6,  -25.8,  -27.9,  -28.6,  -27.5,  -25.3,  308.9,  309.1,  308.3,  307.0,  305.9,  305.8,  306.5,  307.8,  313.3,  310.2,  307.4,  305.3,  304.9,  305.6,  306.6,  305.4,  304.6,  305.2,  307.1,  309.9,  308.3,  307.7,  307.3,  307.4,  308.0,  308.6,  309.0,  308.9,  323.3,  325.3,  326.9,  327.4,  326.3,  324.4,  322.7,  322.3,  323.5,  323.2,  323.2,  324.0,  326.0,  328.6,  331.2,  327.4,  324.3,  322.2,  321.6,  322.2,  324.2,  324.4,  325.3,  326.4,  326.9,  326.7,  325.8,  324.8,  -2.6,  14.6,  355.3,  -0.053,  -0.007,  -0.096,  454.0,  462.2,  475.4,  489.9,  511.2,  539.4,  570.5,  608.8,  652.7,  695.3,  730.2,  758.2,  776.2,  784.8,  787.8,  788.2,  784.8,  479.5,  497.7,  526.1,  556.2,  584.7,  653.9,  683.6,  712.4,  740.5,  759.3,  625.5,  628.4,  631.5,  634.9,  600.9,  618.7,  636.8,  654.6,  670.3,  520.4,  537.2,  560.2,  579.9,  560.5,  537.4,  667.2,  684.8,  707.3,  724.9,  710.2,  688.3,  582.0,  601.7,  624.1,  641.0,  658.9,  681.9,  702.3,  685.8,  665.0,  645.4,  627.6,  604.2,  592.2,  625.5,  642.0,  660.8,  691.7,  662.3,  643.6,  626.6,  318.5,  369.0,  419.0,  466.3,  510.2,  547.9,  579.4,  600.4,  602.7,  592.1,  564.4,  526.7,  483.6,  435.8,  387.5,  339.0,  290.9,  288.2,  264.0,  253.2,  254.1,  260.8,  256.0,  246.1,  242.1,  247.6,  267.4,  292.8,  320.4,  347.7,  376.1,  405.0,  409.2,  412.7,  405.8,  398.2,  310.4,  295.8,  293.9,  306.5,  313.4,  316.1,  299.9,  284.2,  283.5,  294.5,  301.9,  303.1,  478.4,  456.0,  445.7,  448.7,  442.7,  449.7,  465.9,  486.6,  495.8,  499.4,  499.4,  493.5,  476.5,  461.8,  461.4,  458.2,  466.5,  473.6,  477.6,  477.3,  -87.5,  -83.8,  -77.6,  -70.3,  -59.4,  -45.6,  -30.8,  -13.3,  5.3,  23.4,  39.6,  53.4,  62.4,  66.2,  67.3,  67.3,  66.0,  -68.6,  -59.8,  -47.1,  -34.2,  -22.4,  5.7,  18.0,  30.3,  42.7,  51.5,  -5.8,  -4.6,  -3.3,  -1.9,  -15.5,  -8.4,  -1.2,  5.7,  11.9,  -50.1,  -42.7,  -33.1,  -24.9,  -32.9,  -42.5,  11.4,  18.7,  28.2,  35.9,  29.3,  20.1,  -23.9,  -15.2,  -6.2,  0.4,  7.4,  16.7,  25.7,  18.2,  9.8,  2.1,  -4.9,  -14.2,  -19.5,  -5.7,  0.8,  8.2,  21.1,  8.7,  1.4,  -5.3,  -19.5,  4.2,  27.8,  49.8,  69.3,  85.1,  97.1,  102.4,  101.7,  98.4,  89.7,  75.3,  56.6,  34.7,  12.5,  -9.5,  -31.5,  -30.7,  -40.4,  -44.1,  -43.3,  -40.2,  -42.3,  -47.1,  -49.4,  -47.8,  -40.0,  -27.0,  -15.6,  -4.7,  6.1,  17.8,  19.3,  20.5,  17.9,  15.0,  -20.8,  -26.7,  -27.4,  -22.2,  -19.3,  -18.2,  -25.1,  -31.7,  -32.1,  -27.7,  -24.3,  -23.7,  48.7,  38.0,  33.5,  34.6,  32.3,  35.8,  43.6,  50.4,  53.0,  54.2,  54.5,  53.0,  47.6,  40.0,  39.7,  38.6,  43.5,  44.6,  46.0,  46.1,  411.4,  412.6,  412.5,  409.9,  403.6,  396.3,  387.1,  372.9,  366.5,  371.1,  384.0,  395.3,  400.6,  400.0,  398.6,  397.1,  398.9,  374.0,  367.7,  361.8,  357.4,  354.5,  355.8,  361.6,  366.4,  371.7,  377.5,  352.2,  344.5,  336.8,  329.3,  346.7,  342.3,  339.4,  341.2,  344.5,  366.5,  363.9,  363.0,  362.3,  361.7,  362.8,  365.7,  365.9,  367.2,  370.2,  366.0,  364.5,  360.2,  346.9,  342.4,  341.4,  342.0,  349.2,  360.6,  348.3,  341.3,  340.5,  341.9,  347.2,  357.7,  343.8,  342.5,  343.8,  357.4,  343.6,  342.5,  344.0,  2.403,  0.024,  0.010,  -0.096,  633.945,  397.039,  -17.072,  18.516,  -6.544,  15.689,  -17.246,  -1.428,  0.567,  -2.263,  8.356,  -12.186,  -9.863,  6.744,  -1.417,  -0.075,  6.293,  -0.957,  2.331,  -3.256,  0.871,  -3.351,  -2.862,  1.538,  -0.856,  -0.902,  1.212,  2.086,  -0.350,  -0.680,  0.297,  -0.775,  -0.651,  -0.251,  -0.349,  -0.033, 0.00, 0.00, 0.01, 0.01, 0.00, 0.04, 0.00, 1.28, 0.23, 0.00, 0.00, 0.10, 0.01, 0.00, 1.16, 1.85, 0.00, 0.00, 0.00, 0.00, 1.00, 0.00, 0.00, 0.00, 1.00, 0.00, 0.00, 0.00, 0.00, 0.00, 0.00, 0.00, 0.00, 0.00, 0.00
100,  0,  3.303,  0.98,  1,  0.050060,  -0.006022,  -0.998728,  -0.037035,  0.054293,  -0.997838,  0.007,  0.024,  533.4,  537.7,  548.5,  559.5,  564.3,  561.0,  549.2,  538.2,  522.2,  527.3,  535.8,  548.0,  561.0,  571.0,  578.4,  570.3,  559.1,  547.8,  537.5,  528.8,  544.3,  549.6,  554.8,  556.8,  554.5,  549.3,  544.1,  542.1,  680.1,  682.9,  692.7,  703.8,  709.7,  706.9,  697.1,  685.2,  670.1,  675.7,  684.1,  695.8,  707.4,  716.2,  722.2,  717.3,  709.7,  700.2,  689.4,  678.7,  690.0,  695.6,  700.5,  701.9,  699.0,  693.4,  688.4,  687.0,  300.7,  288.9,  283.5,  287.6,  298.8,  311.5,  316.0,  311.9,  309.3,  301.0,  295.1,  291.4,  293.0,  298.2,  306.1,  312.3,  315.5,  317.6,  317.3,  314.8,  306.0,  307.9,  305.3,  299.7,  294.3,  292.4,  295.0,  300.6,  291.0,  280.6,  275.7,  279.3,  289.2,  299.7,  304.5,  302.0,  299.4,  290.7,  284.1,  280.7,  282.8,  288.1,  296.2,  299.4,  300.8,  301.6,  301.7,  301.8,  296.4,  298.3,  295.8,  290.5,  285.5,  283.7,  286.2,  291.4,  -38.2,  -36.7,  -32.7,  -28.7,  -26.9,  -28.0,  -32.3,  -36.4,  -42.8,  -40.6,  -37.1,  -32.6,  -28.0,  -24.5,  -21.9,  -24.7,  -28.6,  -32.6,  -36.5,  -40.0,  -34.2,  -32.3,  -30.4,  -29.7,  -30.5,  -32.5,  -34.4,  -35.1,  15.3,  16.5,  20.3,  24.6,  26.8,  25.6,  21.7,  17.2,  11.5,  13.6,  16.8,  21.3,  25.9,  29.5,  32.1,  29.8,  26.7,  22.9,  18.7,  14.7,  19.1,  21.3,  23.2,  23.8,  22.7,  20.5,  18.6,  18.0,  -21.3,  -25.5,  -27.4,  -25.8,  -21.7,  -17.2,  -15.6,  -17.2,  -18.4,  -21.2,  -23.1,  -24.3,  -23.7,  -21.9,  -19.2,  -16.9,  -15.7,  -15.0,  -15.2,  -16.2,  -19.3,  -18.6,  -19.5,  -21.5,  -23.5,  -24.2,  -23.3,  -21.3,  -26.3,  -30.5,  -32.5,  -31.1,  -27.2,  -23.1,  -21.1,  -22.1,  -23.1,  -26.4,  -28.9,  -30.3,  -29.6,  -27.8,  -24.9,  -23.4,  -22.6,  -22.2,  -22.1,  -22.1,  -24.3,  -23.6,  -24.6,  -26.7,  -28.7,  -29.4,  -28.4,  -26.3,  313.4,  313.7,  312.9,  311.7,  310.6,  310.5,  311.1,  312.4,  317.8,  314.8,  312.0,  310.0,  309.7,  310.5,  311.5,  310.3,  309.4,  309.9,  311.8,  314.6,  312.9,  312.3,  312.0,  312.1,  312.6,  313.2,  313.6,  313.5,  333.7,  335.6,  337.1,  337.5,  336.4,  334.5,  333.0,  332.7,  334.0,  333.7,  333.5,  334.2,  336.1,  338.7,  341.1,  337.6,  334.6,  332.6,  331.9,  332.7,  334.6,  334.7,  335.5,  336.5,  337.0,  336.8,  336.0,  335.1,  -2.7,  14.6,  356.4,  -0.056,  -0.005,  -0.095,  453.9,  462.0,  475.0,  489.3,  510.4,  538.6,  569.7,  608.3,  652.1,  694.7,  729.8,  758.0,  776.1,  784.7,  787.6,  787.9,  784.5,  479.3,  497.4,  525.8,  555.8,  584.2,  654.1,  683.6,  712.3,  740.3,  758.9,  625.2,  628.1,  631.2,  634.5,  600.6,  618.3,  636.4,  654.1,  669.8,  520.2,  536.9,  559.9,  579.3,  560.0,  537.1,  667.2,  684.6,  707.0,  724.5,  709.9,  688.1,  581.6,  601.3,  623.7,  640.5,  658.3,  681.3,  701.8,  685.2,  664.3,  644.8,  627.1,  603.7,  591.8,  625.1,  641.5,  660.1,  691.2,  661.6,  643.0,  626.1,  318.6,  369.0,  418.8,  466.0,  509.9,  547.7,  579.2,  600.2,  602.5,  591.9,  564.1,  526.6,  483.7,  436.1,  387.7,  339.1,  290.8,  287.7,  263.5,  252.8,  253.8,  260.7,  256.0,  245.9,  241.8,  247.0,  266.7,  292.8,  320.2,  347.5,  376.0,  404.6,  409.0,  412.5,  405.5,  397.9,  310.1,  295.5,  293.6,  306.2,  313.2,  315.8,  299.6,  283.9,  283.2,  294.2,  301.6,  302.8,  478.0,  455.5,  445.4,  448.3,  442.5,  449.4,  465.6,  486.3,  495.4,  498.9,  498.9,  493.1,  476.1,  461.5,  461.1,  457.9,  466.2,  473.4,  477.4,  477.0,  -87.6,  -84.1,  -77.9,  -70.7,  -59.9,  -46.0,  -31.1,  -13.5,  5.1,  23.2,  39.4,  53.3,  62.3,  66.2,  67.3,  67.1,  65.8,  -68.8,  -60.1,  -47.4,  -34.5,  -22.7,  5.7,  18.1,  30.4,  42.7,  51.4,  -6.0,  -4.7,  -3.4,  -2.1,  -15.7,  -8.5,  -1.4,  5.5,  11.8,  -50.3,  -43.0,  -33.4,  -25.2,  -33.2,  -42.8,  11.4,  18.7,  28.2,  35.8,  29.3,  20.1,  -24.1,  -15.4,  -6.4,  0.2,  7.2,  16.5,  25.5,  18.1,  9.5,  1.9,  -5.1,  -14.4,  -19.8,  -5.9,  0.6,  7.9,  21.0,  8.5,  1.2,  -5.5,  -19.5,  4.2,  27.8,  49.8,  69.2,  85.1,  97.1,  102.5,  101.7,  98.4,  89.6,  75.3,  56.7,  34.8,  12.6,  -9.5,  -31.5,  -31.0,  -40.7,  -44.5,  -43.6,  -40.4,  -42.5,  -47.3,  -49.7,  -48.1,  -40.3,  -27.2,  -15.7,  -4.8,  6.0,  17.7,  19.2,  20.4,  17.8,  15.0,  -20.9,  -26.9,  -27.6,  -22.3,  -19.4,  -18.4,  -25.3,  -31.9,  -32.3,  -27.9,  -24.5,  -23.9,  48.7,  38.0,  33.6,  34.6,  32.4,  35.8,  43.6,  50.4,  53.0,  54.2,  54.5,  53.0,  47.6,  40.0,  39.7,  38.6,  43.5,  44.7,  46.1,  46.2,  411.9,  413.3,  413.3,  410.7,  404.3,  396.7,  387.6,  373.4,  366.8,  371.3,  384.1,  395.4,  400.7,  400.1,  398.6,  397.0,  398.6,  374.9,  368.8,  363.1,  358.9,  356.1,  357.5,  363.0,  367.5,  372.6,  378.2,  353.6,  346.0,  338.4,  331.1,  348.0,  343.7,  340.9,  342.6,  345.8,  367.5,  365.0,  364.2,  363.5,  362.9,  364.0,  366.8,  367.0,  368.3,  371.2,  367.1,  365.6,  361.2,  348.2,  343.7,  342.8,  343.4,  350.5,  361.7,  349.5,  342.6,  341.8,  343.2,  348.4,  358.8,  345.1,  343.7,  345.1,  358.5,  345.0,  343.8,  345.4,  2.396,  0.021,  0.013,  -0.095,  633.552,  396.780,  -20.397,  18.458,  -7.377,  14.233,  -17.264,  -1.284,  0.246,  -2.033,  8.949,  -12.186,  -9.989,  6.790,  -1.594,  -0.142,  6.566,  -0.779,  2.062,  -3.263,  0.931,  -2.778,  -3.199,  1.444,  -0.774,  -0.921,  1.276,  2.122,  -0.442,  -0.745,  0.246,  -0.787,  -0.667,  -0.240,  -0.345,  -0.004, 0.00, 0.00, 0.04, 0.00, 0.00, 0.13, 0.00, 1.13, 0.21, 0.01, 0.00, 0.17, 0.04, 0.00, 1.24, 1.83, 0.00, 0.00, 0.00, 0.00, 1.00, 0.00, 0.00, 0.00, 1.00, 0.00, 0.00, 0.00, 0.00, 0.00, 0.00, 0.00, 0.00, 0.00, 0.00
