0,1,2,3,4,5,6,7,8,9,10,11,12,13,14,15,16,17,18,19,20,21,22,23,24,25,26,27,28,29,30,31,32,33,34,35,36,37,38,39,40,41,42,43,44,45,46,47,48,49,50,51,52,53,54,55,56,57,58,59,60,61,62,63,64,65,66,67,68,69,70,71,72,73,74,75,76,77,78,79,80,81,82,83,84,85,86,87,88,89,90,91,92,93,94,95,96,97,98,99,100,101,102,103,104,105,106,107,108,109,110,111,112,113,114,115,116,117,118,119,120,121,122,123,124,125,126,127,128,129,130,131,132,133,134,135,136,137,138,139,140,141,142,143,144,145,146,147,148,149,150,151,152,153
0.0,0.0,0.0,0.0,0.0,0.0,0.0,0.0,0.0,0.0,0.0,0.0,0.0,0.0,0.0,0.0,0.0,0.0,0.0,0.0,0.0,0.0,0.0,0.0,0.0,0.0,0.0,0.0,0.0,0.0,0.0,0.0,0.0,0.0,0.0,0.0,0.0,0.0,0.0,0.0,0.0,0.0,0.0,0.0,0.0,0.0,0.0,0.0,0.0,0.0,0.0,0.0,0.0,0.0,0.0,0.0,0.0,0.0,0.0,0.0,0.0,0.0,0.0,0.0,0.0,0.0,0.0,0.0,0.0,0.0,0.0,0.0,0.0,0.0,0.0,0.0,0.0,0.0,0.03,0.1,0.24,0.29,0.26,0.22,0.26,0.3,0.3,0.25,0.17,0.06,0.05,0.06,0.09,0.11,0.12,0.11,0.04,0.04,0.15,0.23,0.29,0.26,0.35,0.34,0.35,0.29,0.25,0.19,0.08,0.09,0.05,0.06,0.01,0.01,0.06,0.07,0.07,0.08,0.32,0.64,0.87,0.78,0.52,0.25,0.14,0.15,0.18,0.18,0.18,0.19,0.22,0.27,0.29,0.29,0.3,0.0,0.0,0.0,0.0,0.0,0.0,0.0,0.0,0.0,0.0,0.0,0.0,0.0,0.0,0.0,0.0,0.0,0.0,0.0
0.0,0.0,0.0,0.0,0.0,0.0,0.0,0.0,0.0,0.0,0.0,0.0,0.0,0.0,0.0,0.0,0.0,0.0,0.0,0.0,0.0,0.0,0.0,0.0,0.0,0.0,0.0,0.0,0.0,0.0,0.0,0.0,0.0,0.0,0.0,0.0,0.0,0.0,0.0,0.0,0.0,0.0,0.0,0.0,0.0,0.0,0.0,0.0,0.0,0.0,0.0,0.0,0.0,0.0,0.0,0.0,0.0,0.0,0.0,0.0,0.0,0.0,0.0,0.0,0.0,0.0,0.0,0.0,0.0,0.0,0.0,0.0,0.0,0.0,0.0,0.0,0.07,0.19,0.32,0.29,0.23,0.14,0.11,0.08,0.12,0.12,0.09,0.0,0.0,0.04,0.07,0.07,0.02,0.0,0.0,0.0,0.0,0.0,0.0,0.02,0.09,0.1,0.13,0.1,0.17,0.28,0.24,0.16,0.0,0.0,0.0,0.0,0.0,0.0,0.0,0.0,0.0,0.04,0.04,0.05,0.05,0.05,0.03,0.0,0.05,0.05,0.05,0.03,0.11,0.18,0.25,0.27,0.2,0.15,0.15,0.0,0.0,0.0,0.0,0.0,0.0,0.0,0.0,0.0,0.0,0.0,0.0,0.0,0.0,0.0,0.0,0.0,0.0,0.0
0.0,0.0,0.0,0.0,0.0,0.0,0.0,0.0,0.0,0.0,0.0,0.0,0.0,0.0,0.0,0.0,0.0,0.0,0.0,0.0,0.0,0.0,0.66,0.5,0.42,0.5,0.51,0.6,0.52,0.54,0.48,0.54,0.54,0.52,0.46,0.5,0.51,0.56,0.53,0.57,0.54,0.6,0.61,0.67,0.69,0.8,0.98,1.1,1.25,1.22,1.23,1.22,1.32,1.27,1.13,0.99,0.89,0.84,0.86,0.93,1.03,1.11,1.08,1.0,0.87,0.85,0.79,0.8,0.8,0.88,0.88,0.95,1.03,1.15,1.2,1.14,1.07,1.18,1.34,1.36,1.38,1.43,1.56,1.52,1.5,1.43,1.38,1.25,1.25,1.38,1.51,1.64,1.75,1.86,1.87,1.86,1.82,1.9,1.97,1.99,2.0,1.88,1.85,1.82,1.92,1.97,1.96,1.8,1.64,1.61,1.65,1.69,1.59,1.49,1.44,1.42,1.47,1.44,1.57,1.56,1.61,1.63,1.63,1.59,1.4,1.37,1.27,1.31,1.31,1.43,1.47,1.45,1.39,1.39,1.46,0.0,0.0,0.0,0.0,0.0,0.0,0.0,0.0,0.0,0.0,0.0,0.0,0.0,0.0,0.0,0.0,0.0,0.0,0.0
0.0,0.0,0.0,0.0,0.0,0.0,0.0,0.0,0.0,0.0,0.0,0.0,0.0,0.0,0.0,0.0,0.0,0.0,0.0,0.0,0.0,0.0,0.0,0.0,0.02,0.02,0.02,0.0,0.0,0.0,0.02,0.02,0.02,0.0,0.04,0.04,0.04,0.06,0.06,0.06,0.0,0.0,0.0,0.0,0.0,0.0,0.0,0.0,0.0,0.0,0.0,0.0,0.0,0.0,0.0,0.07,0.07,0.07,0.0,0.0,0.0,0.0,0.0,0.0,0.0,0.0,0.0,0.07,0.07,0.07,0.03,0.03,0.04,0.01,0.01,0.0,0.0,0.07,0.16,0.24,0.26,0.3,0.29,0.2,0.1,0.02,0.02,0.0,0.0,0.0,0.0,0.0,0.0,0.0,0.01,0.01,0.01,0.0,0.0,0.0,0.0,0.01,0.01,0.01,0.0,0.0,0.0,0.0,0.0,0.0,0.0,0.0,0.0,0.0,0.0,0.0,0.0,0.0,0.0,0.0,0.0,0.0,0.0,0.0,0.0,0.02,0.02,0.04,0.04,0.04,0.01,0.11,0.11,0.11,0.0,0.0,0.0,0.0,0.0,0.0,0.0,0.0,0.0,0.0,0.0,0.0,0.0,0.0,0.0,0.0,0.0,0.0,0.0,0.0
0.0,0.0,0.0,0.0,0.0,0.0,0.0,0.0,0.0,0.0,0.0,0.0,0.0,0.0,0.0,0.0,0.0,0.0,0.0,0.0,0.0,0.0,0.0,0.0,0.0,0.0,0.0,0.0,0.0,0.0,0.0,0.0,0.0,0.0,0.0,0.0,0.0,0.0,0.0,0.0,0.0,0.0,0.01,0.09,0.23,0.44,0.59,0.64,0.65,0.6,0.62,0.66,0.6,0.44,0.17,0.1,0.11,0.15,0.19,0.13,0.08,0.07,0.11,0.1,0.04,0.04,0.06,0.1,0.1,0.13,0.15,0.15,0.13,0.14,0.16,0.13,0.06,0.0,0.0,0.0,0.03,0.18,0.35,0.53,0.62,0.68,0.67,0.6,0.47,0.34,0.23,0.14,0.06,0.01,0.01,0.0,0.0,0.03,0.07,0.18,0.24,0.27,0.23,0.22,0.2,0.23,0.28,0.4,0.5,0.54,0.57,0.56,0.54,0.53,0.59,0.67,0.69,0.67,0.69,0.7,0.73,0.8,0.86,0.8,0.58,0.43,0.33,0.31,0.27,0.25,0.23,0.22,0.19,0.16,0.13,0.0,0.0,0.0,0.0,0.0,0.0,0.0,0.0,0.0,0.0,0.0,0.0,0.0,0.0,0.0,0.0,0.0,0.0,0.0
0.0,0.0,0.0,0.0,0.0,0.0,0.0,0.0,0.0,0.0,0.0,0.0,0.0,0.0,0.0,0.0,0.0,0.0,0.0,0.0,0.0,0.0,0.0,0.0,0.0,0.0,0.0,0.0,0.0,0.0,0.0,0.0,0.0,0.0,0.0,0.0,0.0,0.0,0.0,0.0,0.0,0.22,0.31,0.4,0.61,1.1,1.54,1.54,1.53,1.23,0.99,0.97,1.27,1.53,1.29,1.14,0.97,1.0,1.02,0.98,0.98,0.9,0.68,0.41,0.09,0.09,0.02,0.02,0.0,0.01,0.01,0.01,0.0,0.09,0.15,0.16,0.1,0.04,0.03,0.02,0.03,0.09,0.12,0.11,0.05,0.0,0.0,0.0,0.12,0.37,0.74,1.09,1.43,1.59,1.54,1.29,0.84,0.44,0.17,0.14,0.16,0.25,0.3,0.42,0.3,0.24,0.07,0.06,0.02,0.02,0.05,0.06,0.06,0.08,0.15,0.15,0.09,0.07,0.3,0.43,0.46,0.53,0.77,0.9,0.7,0.33,0.22,0.18,0.17,0.15,0.24,0.34,0.28,0.26,0.38,0.0,0.0,0.0,0.0,0.0,0.0,0.0,0.0,0.0,0.0,0.0,0.0,0.0,0.0,0.0,0.0,0.0,0.0,0.0
0.0,0.0,0.0,0.0,0.0,0.0,0.0,0.0,0.0,0.0,0.0,0.0,0.0,0.0,0.0,0.0,0.0,0.0,0.0,0.0,0.0,0.0,0.0,0.0,0.0,0.0,0.0,0.0,0.0,0.0,0.0,0.0,0.0,0.0,0.0,0.0,0.0,0.0,0.0,0.0,0.0,0.0,0.0,0.11,0.45,0.88,1.23,1.37,1.45,1.46,1.47,1.52,1.42,1.23,0.95,0.82,0.64,0.5,0.31,0.18,0.09,0.14,0.29,0.34,0.32,0.23,0.13,0.05,0.0,0.0,0.02,0.08,0.19,0.32,0.3,0.22,0.09,0.05,0.03,0.0,0.0,0.0,0.0,0.0,0.0,0.0,0.0,0.0,0.0,0.0,0.0,0.0,0.0,0.0,0.0,0.0,0.0,0.0,0.0,0.0,0.0,0.0,0.0,0.0,0.0,0.0,0.0,0.0,0.0,0.0,0.0,0.0,0.0,0.0,0.0,0.0,0.0,0.0,0.0,0.02,0.06,0.06,0.03,0.0,0.0,0.0,0.0,0.0,0.0,0.0,0.0,0.0,0.0,0.0,0.0,0.0,0.0,0.0,0.0,0.0,0.0,0.0,0.0,0.0,0.0,0.0,0.0,0.0,0.0,0.0,0.0,0.0,0.0,0.0
0.0,0.0,0.0,0.0,0.0,0.0,0.0,0.0,0.0,0.0,0.0,0.0,0.0,0.0,0.0,0.0,0.0,0.0,0.0,0.0,0.0,0.0,0.0,0.0,0.0,0.0,0.0,0.0,0.0,0.0,0.0,0.0,0.0,0.0,0.0,0.0,0.0,0.0,0.0,0.0,0.0,0.0,0.0,0.17,0.52,1.02,1.42,1.63,1.75,1.91,2.07,2.15,2.03,1.72,1.46,1.28,1.24,1.24,1.25,1.3,1.43,1.62,1.75,1.75,1.7,1.81,1.96,2.06,2.09,2.15,2.2,2.19,2.13,2.21,2.31,2.35,2.19,1.91,1.62,1.46,1.47,1.79,2.12,2.4,2.48,2.54,2.53,2.41,2.17,1.97,1.76,1.61,1.51,1.47,1.45,1.41,1.35,1.46,1.7,2.02,2.22,2.21,2.13,2.15,2.15,2.16,2.11,2.26,2.42,2.45,2.49,2.53,2.59,2.58,2.51,2.54,2.49,2.54,2.62,2.67,2.77,2.69,2.74,2.67,2.65,2.52,2.41,2.35,2.3,2.25,2.18,2.16,2.1,2.2,2.4,0.0,0.0,0.0,0.0,0.0,0.0,0.0,0.0,0.0,0.0,0.0,0.0,0.0,0.0,0.0,0.0,0.0,0.0,0.0
0.0,0.0,0.0,0.0,0.0,0.0,0.0,0.0,0.0,0.0,0.0,0.0,0.0,0.0,0.0,0.0,0.0,0.0,0.0,0.0,0.0,0.0,0.0,0.0,0.0,0.0,0.0,0.0,0.0,0.0,0.0,0.0,0.0,0.0,0.0,0.0,0.0,0.0,0.0,0.0,0.0,0.0,0.0,0.0,0.0,0.0,0.0,0.0,0.0,0.0,0.0,0.0,0.0,0.0,0.0,0.0,0.0,0.0,0.0,0.0,0.0,0.0,0.0,0.0,0.0,0.0,0.0,0.0,0.01,0.05,0.05,0.03,0.0,0.0,0.0,0.0,0.0,0.0,0.0,0.0,0.0,0.0,0.0,0.0,0.0,0.0,0.0,0.0,0.0,0.0,0.0,0.0,0.0,0.0,0.0,0.0,0.0,0.0,0.0,0.0,0.0,0.0,0.0,0.0,0.0,0.0,0.0,0.0,0.0,0.0,0.0,0.0,0.01,0.02,0.02,0.01,0.01,0.01,0.09,0.12,0.17,0.09,0.05,0.0,0.0,0.0,0.0,0.0,0.0,0.0,0.0,0.0,0.0,0.0,0.0,0.0,0.0,0.0,0.0,0.0,0.0,0.0,0.0,0.0,0.0,0.0,0.0,0.0,0.0,0.0,0.0,0.0,0.0,0.0
0.0,0.0,0.0,0.0,0.0,0.0,0.0,0.0,0.0,0.0,0.0,0.0,0.0,0.0,0.0,0.0,0.0,0.0,0.0,0.0,0.0,0.0,0.0,0.0,0.0,0.0,0.0,0.0,0.0,0.0,0.0,0.0,0.0,0.0,0.0,0.0,0.0,0.0,0.0,0.0,0.0,0.0,0.0,0.0,0.15,0.29,0.43,0.38,0.33,0.27,0.23,0.24,0.17,0.11,0.0,0.0,0.0,0.04,0.04,0.08,0.08,0.08,0.05,0.02,0.07,0.13,0.14,0.14,0.21,0.35,0.42,0.47,0.47,0.59,0.58,0.53,0.36,0.32,0.33,0.28,0.33,0.47,0.66,0.81,0.83,0.91,0.87,0.86,0.85,0.71,0.59,0.36,0.31,0.2,0.22,0.2,0.15,0.08,0.0,0.03,0.08,0.13,0.21,0.4,0.53,0.63,0.59,0.62,0.67,0.71,0.82,0.85,0.86,0.81,0.76,0.74,0.74,0.75,0.88,0.85,0.9,0.88,0.94,0.93,0.83,0.77,0.76,0.75,0.76,0.7,0.67,0.58,0.52,0.54,0.66,0.0,0.0,0.0,0.0,0.0,0.0,0.0,0.0,0.0,0.0,0.0,0.0,0.0,0.0,0.0,0.0,0.0,0.0,0.0
0.0,0.0,0.0,0.0,0.0,0.0,0.0,0.0,0.0,0.0,0.0,0.0,0.0,0.0,0.0,0.0,0.0,0.0,0.0,0.0,0.0,0.0,0.0,0.0,0.0,0.0,0.0,0.0,0.0,0.0,0.0,0.0,0.0,0.0,0.0,0.0,0.0,0.0,0.0,0.0,0.0,0.0,0.0,0.0,0.0,0.0,0.0,0.0,0.05,0.12,0.19,0.14,0.07,0.0,0.0,0.0,0.0,0.0,0.0,0.05,0.08,0.2,0.28,0.35,0.29,0.16,0.06,0.0,0.0,0.0,0.0,0.0,0.0,0.0,0.0,0.03,0.03,0.03,0.04,0.04,0.04,0.0,0.0,0.01,0.15,0.24,0.29,0.27,0.38,0.5,0.48,0.3,0.25,0.28,0.43,0.47,0.45,0.37,0.25,0.24,0.32,0.42,0.47,0.49,0.46,0.41,0.29,0.26,0.18,0.22,0.22,0.31,0.28,0.32,0.32,0.26,0.19,0.14,0.11,0.04,0.0,0.0,0.0,0.02,0.02,0.02,0.02,0.02,0.02,0.02,0.02,0.02,0.0,0.0,0.0,0.0,0.0,0.0,0.0,0.0,0.0,0.0,0.0,0.0,0.0,0.0,0.0,0.0,0.0,0.0,0.0,0.0,0.0,0.0
0.0,0.0,0.0,0.0,0.0,0.0,0.0,0.0,0.0,0.0,0.0,0.0,0.0,0.0,0.0,0.0,0.0,0.0,0.0,0.0,0.0,0.0,0.0,0.0,0.0,0.0,0.0,0.0,0.0,0.0,0.0,0.0,0.0,0.0,0.0,0.0,0.0,0.0,0.0,0.0,0.0,0.0,0.03,0.18,0.43,0.74,1.07,1.29,1.47,1.47,1.48,1.42,1.34,1.09,0.81,0.59,0.56,0.55,0.65,0.69,0.73,0.81,0.86,1.06,0.98,0.94,0.73,0.51,0.28,0.18,0.28,0.43,0.51,0.54,0.57,0.59,0.65,0.86,1.18,1.37,1.29,0.98,0.71,0.67,0.61,0.67,0.64,0.81,1.07,1.33,1.45,1.46,1.43,1.48,1.51,1.61,1.58,1.52,1.4,1.23,1.06,0.91,0.84,0.84,0.73,0.7,0.55,0.51,0.48,0.49,0.4,0.34,0.24,0.26,0.2,0.21,0.2,0.22,0.18,0.09,0.04,0.06,0.15,0.21,0.29,0.26,0.35,0.35,0.39,0.43,0.36,0.31,0.21,0.25,0.33,0.0,0.0,0.0,0.0,0.0,0.0,0.0,0.0,0.0,0.0,0.0,0.0,0.0,0.0,0.0,0.0,0.0,0.0,0.0
0.0,0.0,0.0,0.0,0.0,0.0,0.0,0.0,0.0,0.0,0.0,0.0,0.0,0.0,0.0,0.0,0.0,0.0,0.0,0.0,0.0,0.0,0.0,0.0,0.0,0.0,0.0,0.0,0.0,0.0,0.0,0.0,0.0,0.0,0.0,0.0,0.04,0.04,0.04,0.0,0.0,0.0,0.0,0.0,0.0,0.0,0.0,0.0,0.03,0.14,0.14,0.11,0.0,0.0,0.0,0.0,0.0,0.0,0.0,0.0,0.0,0.0,0.0,0.0,0.0,0.0,0.0,0.0,0.0,0.0,0.0,0.0,0.0,0.0,0.04,0.04,0.04,0.0,0.0,0.0,0.0,0.1,0.3,0.45,0.56,0.43,0.29,0.09,0.03,0.02,0.0,0.0,0.0,0.0,0.0,0.0,0.0,0.0,0.01,0.09,0.19,0.23,0.15,0.08,0.08,0.08,0.16,0.19,0.22,0.13,0.06,0.1,0.13,0.19,0.17,0.13,0.07,0.02,0.04,0.07,0.1,0.11,0.08,0.03,0.0,0.04,0.04,0.05,0.03,0.06,0.09,0.11,0.11,0.07,0.0,0.0,0.0,0.0,0.0,0.0,0.0,0.0,0.0,0.0,0.0,0.0,0.0,0.0,0.0,0.0,0.0,0.0,0.0,0.0
0.0,0.0,0.0,0.0,0.0,0.0,0.0,0.0,0.0,0.0,0.0,0.0,0.0,0.0,0.0,0.0,0.0,0.0,0.0,0.0,0.0,0.0,0.0,0.14,0.26,0.22,0.2,0.08,0.14,0.07,0.14,0.08,0.13,0.07,0.11,0.13,0.16,0.2,0.25,0.26,0.27,0.15,0.1,0.0,0.0,0.09,0.18,0.23,0.14,0.05,0.0,0.0,0.0,0.0,0.0,0.0,0.08,0.14,0.21,0.14,0.08,0.04,0.03,0.03,0.0,0.0,0.0,0.0,0.0,0.0,0.0,0.0,0.0,0.0,0.0,0.0,0.01,0.15,0.52,0.87,0.81,0.43,0.08,0.04,0.08,0.16,0.21,0.24,0.3,0.29,0.22,0.09,0.0,0.0,0.0,0.0,0.0,0.0,0.0,0.0,0.0,0.0,0.0,0.0,0.0,0.0,0.0,0.0,0.0,0.0,0.0,0.0,0.0,0.0,0.0,0.0,0.0,0.0,0.0,0.0,0.0,0.0,0.0,0.0,0.0,0.0,0.0,0.0,0.0,0.0,0.0,0.0,0.0,0.0,0.0,0.0,0.0,0.0,0.0,0.0,0.0,0.0,0.0,0.0,0.0,0.0,0.0,0.0,0.0,0.0,0.0,0.0,0.0,0.0
0.0,0.0,0.0,0.0,0.0,0.0,0.0,0.0,0.0,0.0,0.0,0.0,0.0,0.0,0.0,0.0,0.0,0.0,0.0,0.0,0.0,0.0,0.05,0.03,0.01,0.0,0.0,0.0,0.0,0.0,0.0,0.0,0.0,0.05,0.05,0.05,0.0,0.0,0.0,0.0,0.03,0.03,0.03,0.0,0.0,0.0,0.0,0.0,0.0,0.12,0.5,0.8,1.3,1.5,1.86,1.81,1.7,1.47,1.4,1.4,1.43,1.26,1.19,0.96,1.0,1.14,1.36,1.55,1.75,1.95,2.04,1.84,1.79,1.71,1.67,1.43,1.15,0.66,0.28,0.0,0.25,0.87,1.52,1.83,1.6,1.4,1.27,1.14,0.82,0.39,0.13,0.0,0.0,0.0,0.0,0.0,0.13,0.38,1.01,1.53,1.92,1.88,1.82,1.72,1.71,1.85,1.98,2.03,1.99,2.06,2.17,2.23,2.26,2.29,2.28,2.27,2.28,2.36,2.5,2.5,2.6,2.43,2.39,2.26,2.26,2.23,2.2,2.29,2.28,2.18,2.1,2.09,2.11,1.95,1.74,0.0,0.0,0.0,0.0,0.0,0.0,0.0,0.0,0.0,0.0,0.0,0.0,0.0,0.0,0.0,0.0,0.0,0.0,0.0
0.0,0.0,0.0,0.0,0.0,0.0,0.0,0.0,0.0,0.0,0.0,0.0,0.0,0.0,0.0,0.0,0.0,0.0,0.0,0.0,0.0,0.0,0.38,0.38,0.4,0.44,0.4,0.32,0.32,0.25,0.28,0.24,0.22,0.3,0.29,0.4,0.32,0.27,0.24,0.28,0.32,0.32,0.24,0.13,0.05,0.0,0.0,0.0,0.0,0.0,0.0,0.03,0.39,0.84,1.3,1.25,0.92,0.44,0.16,0.13,0.19,0.2,0.11,0.04,0.0,0.0,0.0,0.0,0.02,0.19,0.41,0.64,0.7,0.7,0.64,0.52,0.45,0.37,0.26,0.16,0.49,0.78,0.84,0.39,0.1,0.0,0.0,0.0,0.0,0.04,0.22,0.52,0.89,1.11,1.32,1.39,1.33,1.08,0.87,0.77,0.7,0.58,0.44,0.35,0.32,0.32,0.23,0.11,0.0,0.0,0.0,0.0,0.0,0.0,0.0,0.0,0.0,0.0,0.04,0.11,0.19,0.22,0.2,0.24,0.29,0.38,0.35,0.44,0.48,0.59,0.61,0.68,0.71,0.75,0.79,0.0,0.0,0.0,0.0,0.0,0.0,0.0,0.0,0.0,0.0,0.0,0.0,0.0,0.0,0.0,0.0,0.0,0.0,0.0
0.0,0.0,0.0,0.0,0.0,0.0,0.0,0.0,0.0,0.0,0.0,0.0,0.0,0.0,0.0,0.0,0.0,0.0,0.0,0.0,0.0,0.0,0.26,0.36,0.36,0.27,0.26,0.27,0.34,0.42,0.49,0.4,0.29,0.25,0.37,0.36,0.39,0.33,0.33,0.26,0.28,0.89,2.04,3.21,3.56,2.96,1.91,1.03,0.91,1.97,2.98,3.28,2.43,1.46,0.66,0.22,0.02,0.0,0.0,0.04,0.04,0.04,0.0,0.0,0.0,0.0,0.0,0.0,0.0,0.0,0.0,0.0,0.0,0.0,0.0,0.0,0.0,0.0,0.0,0.0,0.0,0.0,0.0,0.0,0.0,0.0,0.0,0.0,0.0,0.0,0.0,0.0,0.0,0.0,0.0,0.0,0.05,0.05,0.05,0.0,0.0,0.0,0.0,0.0,0.0,0.02,0.02,0.02,0.0,0.0,0.0,0.0,0.0,0.0,0.0,0.0,0.0,0.0,0.23,1.3,2.31,2.67,1.81,0.79,0.2,0.0,0.0,0.0,0.0,0.01,0.01,0.03,0.15,0.15,0.0,0.0,0.0,0.0,0.0,0.0,0.0,0.0,0.0,0.0,0.0,0.0,0.0,0.0,0.0,0.0,0.0,0.0,0.0,0.0
